20 30

9 19
9 18
9 17
8 18
8 17
8 16
7 19
7 18
7 15
6 19
6 17
6 14
5 16
5 15
5 13
4 15
4 14
4 12
3 14
3 13
3 12
2 16
2 11
2 10
1 13
1 11
1 10
0 12
0 11
0 10
----------

75454: 9 19, 8 17, 7 18, 6 14, 5 13, 4 15, 3 12, 2 16, 1 10
Frc: 11 | 1 0.5 0.5 0.5 1 0.5 0.5 1 0.5 0.5 0.5 1 0.5 0.5 1 1 0.5 0.5 0.5 0.5 1 1 0.5 0.5 0.5 0.5 1 0.5 1 0.5 
Int: 12 | 1 0 1 1 1 1 1 1 0 0 1 1 0 1 1 1 1 0 0 1 1 1 0 1 0 1 1 1 1 0 
BDS: 15 | 1 1 1 0 1 1 1 1 1 1 0 1 1 0 1 1 1 0 1 1 1 1 1 1 1 0 1 1 1 0 

91546: 9 19, 8 17, 7 18, 6 14, 4 15, 3 12, 2 16, 1 10, 0 11
Frc: 11 | 1 0.5 0.5 0.5 1 0.5 0.5 1 0.5 0.5 0.5 1 0.5 0.5 1 1 0.5 0.5 0.5 0.5 1 1 0.5 0.5 0.5 0.5 1 0.5 1 0.5 
Int: 12 | 1 1 0 0 1 1 0 1 1 1 1 1 0 1 1 1 1 0 0 1 1 1 0 1 0 1 1 1 1 0 
BDS: 15 | 1 1 1 0 1 1 1 1 1 1 0 1 1 0 1 1 1 0 1 1 1 1 1 1 1 0 1 1 1 0 

92131: 9 19, 8 17, 7 18, 5 13, 4 15, 3 12, 2 16, 1 10, 0 11
Frc: 11 | 1 0.5 0.5 0.5 1 0.5 0.5 1 0.5 0.5 0.5 1 0.5 0.5 1 1 0.5 0.5 0.5 0.5 1 1 0.5 0.5 0.5 0.5 1 0.5 1 0.5 
Int: 12 | 1 0 1 1 1 1 1 1 0 0 1 1 0 1 1 1 1 0 0 1 1 1 0 1 0 1 1 1 1 0 
BDS: 15 | 1 1 1 0 1 1 1 1 1 1 0 1 1 0 1 1 1 0 1 1 1 1 1 1 1 0 1 1 1 0 

92196: 9 19, 8 17, 7 18, 6 14, 5 13, 3 12, 2 16, 1 10, 0 11
Frc: 11 | 1 0.5 0.5 0.5 1 0.5 0.5 1 0.5 0.5 0.5 1 0.5 0.5 1 1 0.5 0.5 0.5 0.5 1 1 0.5 0.5 0.5 0.5 1 0.5 1 0.5 
Int: 12 | 1 0 1 1 1 1 1 1 0 0 1 1 0 1 1 1 1 0 0 1 1 1 0 1 0 1 1 1 1 0 
BDS: 15 | 1 1 1 0 1 1 1 1 1 1 0 1 1 0 1 1 1 0 1 1 1 1 1 1 1 0 1 1 1 0 

92242: 9 19, 8 17, 7 18, 6 14, 5 13, 4 15, 3 12, 1 10, 0 11
Frc: 11 | 1 0.5 0.5 0.5 1 0.5 0.5 1 0.5 0.5 0.5 1 0.5 0.5 1 1 0.5 0.5 0.5 0.5 1 1 0.5 0.5 0.5 0.5 1 0.5 1 0.5 
Int: 12 | 1 0 1 1 1 1 1 1 0 0 1 1 0 1 1 1 1 0 0 1 1 1 0 1 0 1 1 1 1 0 
BDS: 15 | 1 1 1 0 1 1 1 1 1 1 0 1 1 0 1 1 1 0 1 1 1 1 1 1 1 0 1 1 1 0 

92269: 9 19, 8 17, 6 14, 5 13, 4 15, 3 12, 2 16, 1 10, 0 11
Frc: 11 | 1 0.5 0.5 0.5 1 0.5 0.5 1 0.5 0.5 0.5 1 0.5 0.5 1 1 0.5 0.5 0.5 0.5 1 1 0.5 0.5 0.5 0.5 1 0.5 1 0.5 
Int: 12 | 1 0 1 1 1 0 0 1 1 1 0 1 1 0 1 1 0 1 1 1 1 1 0 1 0 1 1 1 1 0 
BDS: 15 | 1 1 1 0 1 1 1 1 1 1 0 1 1 0 1 1 1 0 1 1 1 1 1 1 1 0 1 1 1 0 

92274: 9 19, 8 17, 7 18, 6 14, 5 13, 4 15, 3 12, 2 16, 1 10, 0 11
Frc: 10 | 1 0.5 0.5 0.5 1 0.5 0.5 1 0.5 0.5 0.5 1 0.5 0.5 1 1 0.5 0.5 0.5 0.5 1 1 0.5 0.5 0.5 0.5 1 0.5 1 0.5 
Int: 11 | 1 0 1 1 1 1 1 1 0 0 1 1 0 1 1 1 1 0 0 1 1 1 0 1 0 1 1 1 1 0 
BDS: 14 | 1 1 1 0 1 1 1 1 1 1 0 1 1 0 1 1 1 0 1 1 1 1 1 1 1 0 1 1 1 0 

101344: 9 19, 8 17, 7 18, 6 14, 5 13, 4 15, 3 12, 2 16, 0 10
Frc: 11 | 1 0.5 0.5 0.5 1 0.5 0.5 1 0.5 0.5 0.5 1 0.5 0.5 1 1 0.5 0.5 0.5 0.5 1 1 0.5 0.5 0.5 1 0.5 0.5 0.5 1 
Int: 12 | 1 0 1 1 1 1 1 1 0 0 1 1 0 1 1 1 0 1 1 0 1 1 0 1 1 1 0 0 1 1 
BDS: 15 | 1 1 1 0 1 1 1 1 1 1 0 1 1 0 1 1 1 0 1 1 1 1 1 1 1 1 0 1 0 1 

115150: 9 19, 8 17, 7 18, 6 14, 4 15, 3 12, 2 16, 1 11, 0 10
Frc: 11 | 1 0.5 0.5 0.5 1 0.5 0.5 1 0.5 0.5 0.5 1 0.5 0.5 1 1 0.5 0.5 0.5 0.5 1 1 0.5 0.5 0.5 1 0.5 0.5 0.5 1 
Int: 12 | 1 1 0 0 1 1 0 1 1 1 1 1 0 1 1 1 1 0 0 1 1 1 1 0 0 1 1 1 0 1 
BDS: 15 | 1 1 1 0 1 1 1 1 1 1 0 1 1 0 1 1 1 0 1 1 1 1 1 1 1 1 0 1 0 1 

115735: 9 19, 8 17, 7 18, 5 13, 4 15, 3 12, 2 16, 1 11, 0 10
Frc: 11 | 1 0.5 0.5 0.5 1 0.5 0.5 1 0.5 0.5 0.5 1 0.5 0.5 1 1 0.5 0.5 0.5 0.5 1 1 0.5 0.5 0.5 1 0.5 0.5 0.5 1 
Int: 12 | 1 0 1 1 1 1 1 1 0 0 1 1 0 1 1 1 0 1 1 0 1 1 0 1 1 1 0 0 1 1 
BDS: 15 | 1 1 1 0 1 1 1 1 1 1 0 1 1 0 1 1 1 0 1 1 1 1 1 1 1 1 0 1 0 1 

115800: 9 19, 8 17, 7 18, 6 14, 5 13, 3 12, 2 16, 1 11, 0 10
Frc: 11 | 1 0.5 0.5 0.5 1 0.5 0.5 1 0.5 0.5 0.5 1 0.5 0.5 1 1 0.5 0.5 0.5 0.5 1 1 0.5 0.5 0.5 1 0.5 0.5 0.5 1 
Int: 12 | 1 0 1 1 1 1 1 1 0 0 1 1 0 1 1 1 0 1 1 0 1 1 0 1 1 1 0 0 1 1 
BDS: 15 | 1 1 1 0 1 1 1 1 1 1 0 1 1 0 1 1 1 0 1 1 1 1 1 1 1 1 0 1 0 1 

115846: 9 19, 8 17, 7 18, 6 14, 5 13, 4 15, 3 12, 1 11, 0 10
Frc: 11 | 1 0.5 0.5 0.5 1 0.5 0.5 1 0.5 0.5 0.5 1 0.5 0.5 1 1 0.5 0.5 0.5 0.5 1 1 0.5 0.5 0.5 1 0.5 0.5 0.5 1 
Int: 12 | 1 0 1 1 1 1 1 1 0 0 1 1 0 1 1 1 0 1 1 0 1 1 0 1 1 1 0 0 1 1 
BDS: 15 | 1 1 1 0 1 1 1 1 1 1 0 1 1 0 1 1 1 0 1 1 1 1 1 1 1 1 0 1 0 1 

115873: 9 19, 8 17, 6 14, 5 13, 4 15, 3 12, 2 16, 1 11, 0 10
Frc: 11 | 1 0.5 0.5 0.5 1 0.5 0.5 1 0.5 0.5 0.5 1 0.5 0.5 1 1 0.5 0.5 0.5 0.5 1 1 0.5 0.5 0.5 1 0.5 0.5 0.5 1 
Int: 12 | 1 1 1 0 1 1 1 1 0 1 0 1 0 1 1 1 0 1 1 0 1 1 0 1 1 1 0 0 1 1 
BDS: 15 | 1 1 1 0 1 1 1 1 1 1 0 1 1 0 1 1 1 0 1 1 1 1 1 1 1 1 0 1 0 1 

115878: 9 19, 8 17, 7 18, 6 14, 5 13, 4 15, 3 12, 2 16, 1 11, 0 10
Frc: 10 | 1 0.5 0.5 0.5 1 0.5 0.5 1 0.5 0.5 0.5 1 0.5 0.5 1 1 0.5 0.5 0.5 0.5 1 1 0.5 0.5 0.5 1 0.5 0.5 0.5 1 
Int: 11 | 1 0 1 1 1 1 1 1 0 0 1 1 0 1 1 1 0 1 1 0 1 1 0 1 1 1 0 0 1 1 
BDS: 14 | 1 1 1 0 1 1 1 1 1 1 0 1 1 0 1 1 1 0 1 1 1 1 1 1 1 1 0 1 0 1 

Number of matchings : 116038
