20 30

9 19
9 18
9 17
8 19
8 18
8 16
7 19
7 17
7 14
6 17
6 16
6 14
5 18
5 15
5 13
4 16
4 15
4 12
3 14
3 13
3 12
2 15
2 11
2 10
1 13
1 11
1 10
0 12
0 11
0 10
----------

35109: 9 17, 8 18, 7 19, 6 14, 4 16, 3 13, 2 15, 1 11, 0 12
Frc: 11 | 0.5 0.5 1 0.5 1 0.5 1 0.5 0.5 0.5 0.5 1 0.5 0.5 1 1 0.5 0.5 0.5 1 0.5 1 0 1 0 1 1 1 1 0 
Int: 12 | 0 1 1 1 1 1 1 0 1 1 0 1 0 1 1 1 0 1 1 1 0 1 0 1 0 1 1 1 1 0 
BDS: 15 | 1 1 1 1 1 0 1 1 1 0 1 1 1 1 1 1 0 1 1 1 0 1 1 1 1 1 0 1 0 1 

Number of matchings : 115674
