20 30

9 19
9 17
9 16
8 18
8 17
8 15
7 16
7 15
7 14
6 19
6 18
6 13
5 16
5 14
5 13
4 18
4 17
4 12
3 15
3 14
3 12
2 19
2 11
2 10
1 13
1 11
1 10
0 12
0 11
0 10
----------

42472: 9 19, 8 17, 7 16, 6 18, 5 14, 4 12, 3 15, 1 13, 0 11
Frc: 11 | 1 0.5 0.5 0.5 1 0.5 1 0.5 0.5 0.5 1 0.5 0.5 1 0.5 0.5 0.5 1 1 0.5 0.5 0.5 0.5 1 1 0.5 0.5 0.5 1 0.5 
Int: 11 | 1 0 1 1 1 0 1 1 0 1 1 0 0 1 1 0 1 1 1 1 0 0 1 1 1 0 1 1 1 0 
BDS: 15 | 1 1 1 1 1 1 1 0 1 1 1 1 1 1 0 1 0 1 1 1 1 0 1 1 1 0 1 1 1 0 

106879: 9 19, 8 17, 7 16, 6 18, 5 14, 4 12, 2 11, 1 13, 0 10
Frc: 11 | 1 0.5 0.5 0.5 1 0.5 1 0.5 0.5 0.5 1 0.5 0.5 1 0.5 0.5 0.5 1 1 0.5 0.5 0.5 1 0.5 1 0.5 0.5 0.5 0.5 1 
Int: 11 | 1 1 0 0 1 1 1 1 0 0 1 1 1 1 0 1 0 1 0 1 1 1 1 0 1 0 1 0 1 1 
BDS: 15 | 1 1 1 1 1 1 1 0 1 1 1 1 1 1 0 1 0 1 1 1 1 0 1 1 1 1 0 1 0 1 

Number of matchings : 115476
