18 30

9 17
8 16
8 15
8 14
7 16
7 15
7 13
6 17
6 15
6 14
6 12
5 17
5 12
5 11
4 13
4 12
4 11
3 16
3 14
3 10
2 15
2 13
2 9
1 16
1 10
1 9
0 17
0 11
0 10
0 9
----------

33239: 8 14, 7 15, 6 17, 5 12, 4 13, 3 10, 2 9, 1 16, 0 11
Frc: 9.25 | 0.25 0.333333 0.666667 1 0.333333 1 0.666667 1 0.166667 0.333333 0.5 0.5 1 0.5 1 0.5 0.5 0.333333 0.666667 1 0.166667 0.833333 1 1 0.666667 0.333333 0.25 1 0.333333 0.416667 
Int: 10 | 0 0 1 1 0 1 1 1 0 1 0 1 1 0 1 1 1 1 0 1 1 0 1 1 0 1 0 1 1 0 
BDS: 13 | 1 0 1 1 0 1 1 1 0 1 0 1 1 0 1 1 1 1 1 1 1 0 1 1 0 1 0 1 1 1 

