18 31

10 15
8 16
8 15
8 14
7 16
7 15
7 12
6 15
6 14
6 12
5 16
5 13
5 11
4 17
4 14
4 13
4 11
3 17
3 13
3 10
2 17
2 16
2 12
2 9
1 17
1 10
1 9
0 14
0 11
0 10
0 9
----------

53968: 8 14, 7 15, 6 12, 5 13, 4 11, 3 17, 2 16, 1 9, 0 10
Frc: 9.25 | 0.25 0.5 0.5 1 0.25 1 0.75 0.25 0.75 1 0.25 1 0.75 0.25 0.5 0.25 1 1 0.75 0.25 0.25 1 0.25 0.5 0.5 0.5 1 0.25 0.25 1 0.5 
Int: 10 | 1 0 1 1 1 1 0 0 1 1 0 1 1 0 1 0 1 1 1 0 0 1 1 0 1 0 1 0 0 1 1 
BDS: 13 | 0 0 1 1 0 1 1 0 1 1 1 1 1 1 1 1 1 1 0 1 0 1 1 1 0 1 1 0 1 1 0 

