18 30

14 17
8 16
8 14
8 13
7 16
7 15
7 12
6 16
6 15
6 12
5 15
5 13
5 11
4 14
4 13
4 11
3 17
3 15
3 10
2 17
2 16
2 14
2 9
1 17
1 12
1 10
1 9
0 11
0 10
0 9
----------

55936: 8 14, 7 12, 6 16, 5 13, 4 11, 3 15, 2 17, 1 10, 0 9
Frc: 9.25 | 0.25 0.5 1 0.5 0.25 0.75 1 1 0.25 0.75 0.5 1 0.5 0.5 0.5 1 0.5 1 0.5 1 0.25 0.25 0.5 0.25 0.25 1 0.5 0.5 0.5 1 
Int: 10 | 0 1 1 1 0 1 1 1 0 1 1 1 0 1 0 1 0 1 1 1 0 0 1 1 0 1 0 1 0 1 
BDS: 13 | 1 1 1 1 1 0 1 1 1 0 1 1 1 1 0 1 0 1 1 1 0 0 1 0 1 1 1 1 0 1 

56150: 8 14, 7 16, 6 12, 5 13, 4 11, 3 15, 2 17, 1 10, 0 9
Frc: 9.25 | 0.25 0.5 1 0.5 1 0.25 0.75 0.25 0.75 1 0.5 1 0.5 0.5 0.5 1 0.5 1 0.5 1 0.25 0.25 0.5 0.25 0.25 1 0.5 0.5 0.5 1 
Int: 10 | 0 1 1 1 1 0 1 0 1 1 1 1 0 1 0 1 0 1 1 1 0 0 1 1 0 1 0 1 0 1 
BDS: 13 | 1 1 1 1 1 1 0 1 0 1 1 1 1 1 0 1 0 1 1 1 0 0 1 0 1 1 1 1 0 1 

