18 31

11 17
8 16
8 14
8 13
7 16
7 15
7 12
6 16
6 15
6 12
5 15
5 13
5 11
4 14
4 13
4 11
3 17
3 14
3 10
2 17
2 16
2 12
2 9
1 15
1 14
1 10
1 9
0 17
0 11
0 10
0 9
----------

64492: 8 13, 7 12, 6 15, 5 11, 4 14, 3 17, 2 16, 1 10, 0 9
Frc: 9.25 | 0.25 0.5 0.5 1 0.75 0.25 1 0.25 1 0.75 0.5 0.5 1 1 0.5 0.5 1 0.375 0.625 0.375 1 0.25 0.375 0.25 0.125 1 0.625 0.375 0.25 0.375 1 
Int: 10 | 1 1 0 1 1 0 1 0 1 1 1 0 1 1 1 0 1 0 1 0 1 0 1 0 1 1 0 1 0 0 1 
BDS: 13 | 1 1 1 1 0 1 1 1 1 0 1 1 1 1 0 1 1 0 1 0 1 1 1 1 0 1 0 0 0 1 1 

