18 31

12 14
8 17
8 14
8 13
7 16
7 15
7 12
6 15
6 14
6 12
5 16
5 13
5 11
4 17
4 15
4 13
4 11
3 17
3 16
3 15
3 10
2 14
2 12
2 9
1 16
1 10
1 9
0 17
0 11
0 10
0 9
----------

53586: 8 17, 7 12, 6 15, 5 13, 4 11, 3 16, 2 14, 1 9, 0 10
Frc: 9.125 | 0.125 1 0.375 0.625 0.5 0.5 1 1 0.5 0.5 0.375 1 0.625 0.375 0.25 0.375 1 0.375 1 0.25 0.375 1 0.375 0.625 0.375 0.625 1 0.25 0.375 1 0.375 
Int: 10 | 0 1 0 1 1 0 1 1 1 0 0 1 1 0 1 0 1 0 1 0 1 1 1 0 1 0 1 1 0 1 1 
BDS: 13 | 0 1 0 1 1 1 1 1 1 0 1 1 0 0 0 1 1 1 1 0 1 1 1 1 1 0 1 0 1 1 1 

