18 30

9 15
8 16
8 15
8 14
7 17
7 13
7 12
6 16
6 13
6 12
5 17
5 15
5 14
5 11
4 17
4 12
4 11
3 15
3 14
3 10
2 16
2 13
2 9
1 16
1 10
1 9
0 17
0 11
0 10
0 9
----------

37388: 8 14, 7 13, 6 12, 5 11, 4 17, 3 15, 2 9, 1 16, 0 10
Frc: 9.16667 | 0.166667 0.333333 0.666667 1 0.5 1 0.5 0.5 0.5 1 0.166667 0.166667 0.666667 1 1 0.5 0.5 1 0.333333 0.666667 0.5 0.5 1 1 0.333333 0.666667 0.333333 0.5 1 0.166667 
Int: 10 | 1 0 1 1 0 1 1 1 0 1 0 0 1 1 1 0 1 1 0 1 0 1 1 1 1 0 1 0 1 0 
BDS: 13 | 1 1 0 1 1 1 0 1 1 1 1 0 0 1 1 1 1 1 1 1 0 1 1 1 0 1 0 1 1 0 

