18 31

9 16
8 16
8 15
8 14
7 15
7 13
7 12
6 14
6 13
6 12
5 17
5 14
5 13
5 11
4 15
4 14
4 12
4 11
3 17
3 16
3 10
2 17
2 15
2 9
1 16
1 10
1 9
0 17
0 11
0 10
0 9
----------

40660: 8 15, 7 12, 6 14, 5 13, 4 11, 3 16, 2 9, 1 10, 0 17
Frc: 9.07143 | 0.0714286 0.785714 1 0.214286 0.5 0.5 1 1 0.5 0.5 0.285714 0.5 1 0.214286 0.214286 0.285714 0.5 1 0.142857 1 0.857143 0.714286 0.285714 1 0.142857 1 0.857143 1 0.785714 0.142857 0.0714286 
Int: 10 | 0 1 1 0 1 1 1 1 0 1 0 1 1 0 0 0 1 1 0 1 1 1 0 1 0 1 1 1 1 0 0 
BDS: 13 | 1 0 1 1 1 1 1 1 0 1 1 1 1 0 1 0 0 1 1 1 0 0 1 1 0 1 1 1 1 1 0 

