18 31

11 17
8 15
8 14
8 13
7 16
7 15
7 14
7 12
6 15
6 13
6 12
5 15
5 14
5 11
4 16
4 12
4 11
3 17
3 14
3 10
2 17
2 16
2 13
2 9
1 16
1 10
1 9
0 17
0 11
0 10
0 9
----------

65431: 8 15, 7 12, 6 13, 5 14, 4 11, 3 17, 2 16, 1 10, 0 9
Frc: 9.25 | 0.25 1 0.25 0.75 0.333333 0.333333 0.333333 1 0.25 1 0.75 0.416667 1 0.583333 0.583333 0.416667 1 1 0.416667 0.583333 0.333333 1 0.25 0.416667 0.416667 1 0.583333 0.416667 0.166667 0.416667 1 
Int: 10 | 0 1 0 1 1 0 1 1 0 1 1 1 1 0 0 1 1 1 0 1 1 1 0 0 0 1 1 0 1 0 1 
BDS: 13 | 0 1 0 1 0 1 0 1 1 1 0 1 1 1 1 1 1 1 1 1 0 1 1 0 1 1 1 1 0 0 1 

