18 30

13 17
8 17
8 15
8 13
7 16
7 15
7 12
6 17
6 14
6 13
6 12
5 15
5 14
5 11
4 17
4 13
4 12
4 11
3 16
3 15
3 10
2 16
2 14
2 9
1 16
1 10
1 9
0 11
0 10
0 9
----------

29764: 8 13, 7 15, 6 12, 5 14, 4 17, 3 16, 2 9, 1 10, 0 11
Frc: 9.25 | 0.25 0.5 0.5 1 0.25 1 0.75 0.25 0.25 0.5 1 0.5 1 0.5 1 0.25 0.25 0.5 1 0.5 0.5 0.25 0.75 1 0.5 1 0.5 1 0.5 0.5 
Int: 10 | 0 1 0 1 0 1 1 0 0 1 1 1 1 0 1 0 0 1 1 1 0 0 1 1 1 1 0 1 1 1 
BDS: 13 | 0 1 1 1 0 1 1 0 0 1 1 1 1 0 1 0 1 1 1 1 0 1 1 1 1 1 0 1 1 1 

29804: 8 17, 7 15, 6 12, 5 14, 4 13, 3 16, 2 9, 1 10, 0 11
Frc: 9.25 | 0.25 1 0.5 0.5 0.25 1 0.75 0.5 0.25 0.25 1 0.5 1 0.5 0.25 1 0.25 0.5 1 0.5 0.5 0.25 0.75 1 0.5 1 0.5 1 0.5 0.5 
Int: 10 | 0 1 0 1 0 1 1 1 0 0 1 1 1 0 0 1 0 1 1 1 0 0 1 1 1 1 0 1 1 1 
BDS: 13 | 0 1 1 1 0 1 1 1 0 0 1 1 1 0 0 1 1 1 1 1 0 1 1 1 1 1 0 1 1 1 

