18 29

14 17
8 17
8 15
8 13
7 16
7 15
7 12
6 15
6 13
6 12
5 16
5 14
5 11
4 13
4 12
4 11
3 17
3 16
3 10
2 16
2 14
2 9
1 14
1 10
1 9
0 17
0 11
0 10
0 9
----------

36759: 8 15, 7 12, 6 13, 5 16, 4 11, 3 10, 2 14, 1 9, 0 17
Frc: 9.16667 | 0.166667 0.5 1 0.5 0.5 0.5 1 0.5 1 0.5 1 0.666667 0.333333 0.5 0.5 1 0.666667 0.333333 1 0.166667 1 0.833333 0.166667 0.833333 1 1 0.666667 0.166667 0.166667 
Int: 10 | 0 0 1 1 1 1 1 0 1 1 1 1 0 1 0 1 1 0 1 0 1 1 0 1 1 1 1 0 0 
BDS: 13 | 0 1 1 1 1 1 1 0 1 1 1 0 1 0 1 1 0 1 1 1 1 0 1 1 1 1 1 0 1 

