18 29

14 17
8 17
8 14
8 13
7 16
7 14
7 12
6 14
6 13
6 12
5 16
5 15
5 11
4 17
4 12
4 11
3 16
3 15
3 10
2 16
2 13
2 9
1 17
1 15
1 10
1 9
0 11
0 10
0 9
----------

26938: 8 13, 7 14, 6 12, 5 16, 4 17, 3 15, 2 9, 1 10, 0 11
Frc: 9.16667 | 0.166667 0.5 0.5 1 0.333333 1 0.666667 0.333333 0.666667 1 1 0.666667 0.333333 1 0.333333 0.666667 0.333333 1 0.666667 0.333333 0.666667 1 0.333333 0.333333 1 0.333333 1 0.333333 0.666667 
Int: 10 | 0 1 0 1 1 1 0 1 0 1 1 1 1 1 1 0 0 1 1 0 1 1 0 0 1 1 1 0 1 
BDS: 13 | 0 0 1 1 0 1 1 0 1 1 1 0 1 1 1 1 1 1 1 0 1 1 1 1 1 1 1 1 0 

