18 31

11 17
8 16
8 14
8 13
7 16
7 14
7 12
6 15
6 14
6 13
6 12
5 16
5 13
5 11
4 15
4 12
4 11
3 17
3 16
3 15
3 10
2 17
2 15
2 14
2 9
1 17
1 10
1 9
0 11
0 10
0 9
----------

52211: 8 16, 7 12, 6 14, 5 13, 4 11, 3 17, 2 15, 1 9, 0 10
Frc: 9.25 | 0.25 1 0.25 0.75 0.5 0.5 1 0.25 1 0.25 0.5 0.25 1 0.75 0.5 0.5 1 1 0.25 0.25 0.5 0.25 1 0.25 0.5 0.5 0.5 1 0.5 1 0.5 
Int: 10 | 0 1 0 1 0 1 1 1 1 0 0 0 1 1 0 1 1 1 1 0 1 1 1 0 0 1 0 1 0 1 1 
BDS: 13 | 1 1 1 0 0 1 1 0 1 1 1 1 1 1 1 1 1 1 0 0 1 0 1 0 1 0 1 1 1 1 0 

