18 30

10 17
8 17
8 15
8 13
7 16
7 14
7 12
6 14
6 13
6 12
5 16
5 15
5 13
5 11
4 16
4 12
4 11
3 17
3 15
3 10
2 17
2 16
2 14
2 9
1 15
1 10
1 9
0 11
0 10
0 9
----------

44025: 8 17, 7 12, 6 14, 5 13, 4 11, 3 15, 2 16, 1 9, 0 10
Frc: 9.16667 | 0.166667 1 0.333333 0.666667 0.333333 0.666667 1 1 0.666667 0.333333 0.333333 0.166667 1 0.5 0.333333 0.666667 1 0.666667 1 0.333333 0.166667 1 0.333333 0.5 0.5 0.5 1 0.5 1 0.5 
Int: 10 | 0 1 1 0 0 1 1 1 1 0 1 0 1 0 0 1 1 0 1 1 1 1 0 1 0 1 1 1 1 0 
BDS: 13 | 0 1 1 1 0 1 1 1 1 0 1 0 1 1 0 1 1 0 1 1 1 1 1 1 0 1 1 1 1 0 

