18 31

13 17
8 17
8 16
8 14
8 12
7 15
7 14
7 12
6 17
6 15
6 14
6 12
5 16
5 13
5 11
4 15
4 13
4 11
3 15
3 14
3 10
2 16
2 13
2 9
1 16
1 10
1 9
0 17
0 11
0 10
0 9
----------

65108: 8 14, 7 12, 6 17, 5 11, 4 13, 3 15, 2 16, 1 10, 0 9
Frc: 9.25 | 0.25 0.25 0.25 1 0.5 0.5 0.5 1 1 0.25 0.25 0.5 0.75 0.25 1 0.25 1 0.75 1 0.25 0.75 1 0.5 0.5 0.5 1 0.5 0.5 0.25 0.25 1 
Int: 10 | 1 0 1 1 0 1 0 1 1 0 0 1 1 0 1 0 1 1 1 1 0 1 0 1 1 1 0 0 0 1 1 
BDS: 13 | 0 0 1 1 0 0 1 1 1 0 0 1 1 0 1 1 1 1 1 1 0 1 1 0 1 1 1 1 1 1 1 

