18 32

12 17
8 16
8 14
8 13
7 16
7 13
7 12
6 14
6 13
6 12
5 17
5 16
5 15
5 11
4 14
4 12
4 11
3 17
3 15
3 10
2 17
2 16
2 15
2 9
1 15
1 14
1 10
1 9
0 13
0 11
0 10
0 9
----------

44224: 8 16, 7 12, 6 13, 5 15, 4 14, 3 17, 2 9, 1 10, 0 11
Frc: 9.16667 | 0.166667 1 0.5 0.5 0.666667 0.333333 1 0.333333 1 0.666667 0.666667 0.166667 1 0.166667 1 0.166667 0.833333 1 0.333333 0.666667 0.166667 0.5 0.333333 1 0.333333 0.166667 1 0.5 0.166667 1 0.333333 0.5 
Int: 10 | 0 1 0 1 1 0 1 1 1 0 0 1 1 0 1 1 1 1 1 0 1 0 0 1 0 0 1 1 0 1 1 0 
BDS: 13 | 0 1 0 1 1 0 1 0 1 1 0 0 1 1 1 1 1 1 1 1 1 1 0 1 0 1 1 1 0 1 1 0 

