18 31

10 17
8 17
8 16
8 14
8 12
7 15
7 14
7 12
6 17
6 15
6 14
6 12
5 15
5 14
5 11
4 16
4 13
4 11
3 16
3 13
3 10
2 17
2 15
2 13
2 9
1 16
1 10
1 9
0 11
0 10
0 9
----------

35351: 8 14, 7 12, 6 17, 5 15, 4 16, 3 13, 2 9, 1 10, 0 11
Frc: 9.25 | 0.25 0.25 0.25 1 0.5 0.5 0.5 1 1 0.25 0.25 0.5 1 0.25 0.75 1 0.75 0.25 0.25 1 0.75 0.5 0.25 0.25 1 0.5 1 0.5 1 0.5 0.5 
Int: 10 | 0 0 1 1 0 1 0 1 1 0 0 1 1 1 0 1 0 1 0 1 1 1 0 1 1 1 1 0 1 0 1 
BDS: 13 | 0 0 1 1 0 0 1 1 1 0 0 1 1 1 0 1 1 1 0 1 1 1 1 1 1 1 1 0 1 1 1 

