18 31

13 17
8 16
8 14
8 12
7 15
7 14
7 12
6 15
6 13
6 12
5 16
5 13
5 11
4 16
4 13
4 11
3 17
3 15
3 10
2 17
2 16
2 14
2 9
1 15
1 14
1 10
1 9
0 17
0 11
0 10
0 9
----------

65437: 8 12, 7 14, 6 15, 5 13, 4 11, 3 17, 2 16, 1 10, 0 9
Frc: 9.25 | 0.25 0.5 0.5 1 0.5 1 0.5 1 0.5 0.5 0.25 1 0.75 0.75 0.25 1 1 0.375 0.625 0.375 1 0.25 0.375 0.125 0.25 1 0.625 0.375 0.25 0.375 1 
Int: 10 | 0 1 0 1 1 1 0 1 0 1 1 1 0 0 1 1 1 0 1 1 0 0 1 0 1 1 0 0 1 0 1 
BDS: 13 | 1 1 1 1 1 1 0 1 1 1 1 1 0 0 1 1 1 0 1 0 1 0 1 1 0 1 0 0 1 1 1 

