18 30

12 17
8 15
8 14
8 12
7 16
7 13
7 12
6 16
6 13
6 12
5 16
5 14
5 11
4 15
4 14
4 11
3 17
3 16
3 10
2 17
2 15
2 13
2 9
1 17
1 10
1 9
0 15
0 11
0 10
0 9
----------

56383: 8 15, 7 12, 6 13, 5 14, 4 11, 3 16, 2 17, 1 10, 0 9
Frc: 9.25 | 0.25 1 0.5 0.5 0.25 0.75 1 0.75 1 0.25 0.5 1 0.5 0.5 0.5 1 0.375 1 0.625 1 0.375 0.25 0.375 0.375 1 0.625 0.125 0.5 0.375 1 
Int: 10 | 0 1 0 1 0 1 1 1 1 0 0 1 1 1 1 1 0 1 1 1 0 0 1 1 1 0 0 1 0 1 
BDS: 13 | 1 1 1 1 1 0 1 0 1 1 1 1 1 1 0 1 0 1 1 1 0 1 1 0 1 1 1 0 0 1 

56529: 8 15, 7 13, 6 12, 5 14, 4 11, 3 16, 2 17, 1 10, 0 9
Frc: 9.25 | 0.25 1 0.5 0.5 0.75 1 0.25 0.25 0.75 1 0.5 1 0.5 0.5 0.5 1 0.375 1 0.625 1 0.375 0.25 0.375 0.375 1 0.625 0.125 0.5 0.375 1 
Int: 10 | 0 1 0 1 1 1 0 0 1 1 0 1 1 1 1 1 0 1 1 1 0 0 1 1 1 0 0 1 0 1 
BDS: 13 | 1 1 1 1 0 1 1 1 0 1 1 1 1 1 0 1 0 1 1 1 0 1 1 0 1 1 1 0 0 1 

