18 30

10 17
8 16
8 15
8 12
7 16
7 13
7 12
6 15
6 13
6 12
5 17
5 14
5 11
4 15
4 14
4 11
3 17
3 16
3 14
3 10
2 17
2 16
2 13
2 9
1 15
1 10
1 9
0 11
0 10
0 9
----------

56197: 8 12, 7 13, 6 15, 5 14, 4 11, 3 16, 2 17, 1 10, 0 9
Frc: 9.07692 | 0.0769231 0.461538 0.538462 1 0.461538 1 0.538462 1 0.538462 0.461538 0.846154 1 0.153846 0.153846 0.846154 1 0.0769231 1 0.153846 0.769231 1 0.0769231 0.615385 0.307692 0.307692 1 0.692308 0.846154 0.153846 1 
Int: 10 | 0 1 1 1 0 1 1 1 1 0 1 1 0 0 1 1 0 1 0 1 1 0 1 0 0 1 1 1 0 1 
BDS: 13 | 1 0 1 1 0 1 1 1 1 0 0 1 1 1 0 1 0 1 1 1 1 1 1 1 1 1 0 1 0 1 

56459: 8 16, 7 12, 6 15, 5 17, 4 11, 3 14, 2 13, 1 10, 0 9
Frc: 9.25 | 0.25 1 0.5 0.5 0.5 0.5 1 1 0.5 0.5 1 0.5 0.5 0.5 0.5 1 0.5 0.25 1 0.25 0.25 0.25 1 0.5 0.5 1 0.5 0.5 0.5 1 
Int: 10 | 1 1 0 1 0 1 1 1 1 0 1 1 0 1 0 1 0 1 1 0 1 0 1 0 0 1 1 1 0 1 
BDS: 13 | 0 1 1 1 0 1 1 1 1 0 1 0 1 0 1 1 1 1 1 0 1 0 1 1 1 1 0 1 1 1 

