18 31

12 14
8 16
8 15
8 12
7 17
7 16
7 13
7 12
6 15
6 13
6 12
5 17
5 15
5 11
4 15
4 13
4 11
3 16
3 14
3 10
2 17
2 16
2 14
2 9
1 14
1 10
1 9
0 17
0 11
0 10
0 9
----------

53263: 8 12, 7 16, 6 15, 5 11, 4 13, 3 14, 2 17, 1 9, 0 10
Frc: 9.125 | 0.125 0.375 0.625 1 0.125 1 0.25 0.625 1 0.75 0.25 0.75 0.25 1 0.125 1 0.875 0.5 1 0.5 1 0.125 0.375 0.5 0.5 0.5 1 0.125 0.375 1 0.5 
Int: 10 | 0 1 0 1 0 1 1 0 1 0 1 1 1 0 0 1 1 0 1 1 1 0 0 1 1 0 1 0 1 1 0 
BDS: 13 | 0 1 0 1 1 1 0 0 1 1 1 1 1 1 0 1 1 1 1 1 1 1 0 0 1 0 1 0 1 1 1 

