18 31

11 14
8 17
8 14
8 12
7 17
7 15
7 13
7 12
6 14
6 13
6 12
5 16
5 15
5 11
4 17
4 16
4 13
4 11
3 16
3 15
3 10
2 17
2 16
2 14
2 9
1 15
1 10
1 9
0 11
0 10
0 9
----------

52052: 8 12, 7 13, 6 14, 5 16, 4 11, 3 15, 2 17, 1 9, 0 10
Frc: 9.25 | 0.25 0.5 0.5 1 0.25 0.25 1 0.5 1 0.5 0.5 1 0.625 0.375 0.25 0.25 0.5 1 0.375 1 0.625 1 0.375 0.25 0.375 0.625 0.375 1 0.375 1 0.625 
Int: 10 | 1 1 0 1 0 0 1 1 1 1 0 1 1 0 0 1 0 1 0 1 1 1 0 0 1 1 0 1 1 1 0 
BDS: 13 | 0 0 1 1 0 0 1 1 1 1 0 1 1 0 1 1 1 1 1 1 1 1 0 1 0 1 0 1 1 1 1 

