18 31

9 17
8 17
8 16
8 15
7 17
7 15
7 13
7 12
6 15
6 14
6 13
6 12
5 17
5 16
5 13
5 11
4 15
4 12
4 11
3 16
3 14
3 10
2 14
2 11
2 9
1 16
1 10
1 9
0 14
0 10
0 9
----------

51976: 8 17, 7 13, 6 12, 5 11, 4 15, 3 16, 2 14, 1 9, 0 10
Frc: 9.21429 | 0.214286 1 0.5 0.5 0.5 0.285714 1 0.214286 0.214286 0.285714 0.5 1 0.285714 0.214286 0.5 1 1 0.785714 0.214286 1 0.428571 0.571429 1 0.785714 0.214286 0.571429 0.428571 1 0.428571 1 0.571429 
Int: 10 | 1 1 0 1 1 0 1 0 0 1 0 1 0 0 1 1 1 1 0 1 0 1 1 1 0 1 0 1 1 1 0 
BDS: 13 | 0 1 1 0 1 0 1 1 1 1 1 1 0 0 1 1 1 0 1 1 0 1 1 1 1 1 0 1 0 1 1 

