18 32

11 13
9 17
8 16
8 15
8 14
7 17
7 16
7 15
7 12
6 17
6 14
6 13
6 12
5 16
5 14
5 11
4 15
4 14
4 11
3 13
3 12
3 10
2 17
2 16
2 11
2 9
1 15
1 10
1 9
0 13
0 10
0 9
----------

75207: 8 15, 7 17, 6 12, 5 14, 4 11, 3 13, 2 16, 1 10, 0 9
Frc: 9.22222 | 0.111111 0.111111 0.444444 1 0.555556 1 0.222222 0.277778 0.5 0.5 0.111111 0.388889 1 0.333333 1 0.666667 0.666667 0.333333 1 1 0.5 0.5 0.388889 1 0.222222 0.388889 0.5 1 0.5 0.5 0.5 1 
Int: 10 | 0 1 1 1 0 1 0 0 1 0 1 0 1 0 1 1 1 0 1 1 0 1 1 1 0 0 1 1 0 1 0 1 
BDS: 13 | 0 0 0 1 1 1 1 1 1 1 0 1 1 0 1 1 1 0 1 1 0 1 0 1 1 1 1 1 0 0 1 1 

