18 32

11 17
8 17
8 16
8 14
8 13
7 15
7 14
7 12
6 15
6 14
6 13
6 12
5 15
5 13
5 11
4 13
4 12
4 11
3 17
3 16
3 15
3 10
2 17
2 16
2 11
2 9
1 16
1 10
1 9
0 14
0 10
0 9
----------

60665: 8 14, 7 15, 6 12, 5 13, 4 11, 3 16, 2 17, 1 9, 0 10
Frc: 9.25 | 0.25 0.625 0.125 1 0.25 1 0.625 0.375 0.25 0.375 0.375 1 0.375 1 0.625 0.375 0.625 1 0.125 1 0.375 0.5 1 0.375 0.125 0.5 0.5 0.5 1 0.5 1 0.5 
Int: 10 | 1 0 1 1 0 1 0 1 0 1 0 1 1 1 0 1 0 1 0 1 0 1 1 0 0 1 0 1 1 1 1 0 
BDS: 13 | 1 1 1 1 0 1 0 1 0 1 0 1 1 1 0 1 1 1 0 1 1 1 1 0 0 1 0 1 1 1 1 0 

