18 32

11 17
8 16
8 15
8 14
8 13
7 15
7 14
7 12
6 16
6 13
6 12
5 15
5 13
5 12
4 15
4 14
4 10
3 17
3 16
3 11
3 10
2 16
2 11
2 9
1 17
1 14
1 11
1 9
0 17
0 13
0 10
0 9
----------

47888: 8 16, 7 15, 6 12, 5 13, 4 14, 3 11, 2 9, 1 17, 0 10
Frc: 9.16667 | 0.166667 1 0.333333 0.333333 0.333333 1 0.5 0.5 0.5 0.5 1 0.5 1 0.5 0.166667 1 0.833333 0.5 0.333333 1 0.166667 0.5 0.5 1 1 0.166667 0.333333 0.5 0.333333 0.166667 1 0.5 
Int: 10 | 0 1 1 0 1 1 1 0 1 0 1 0 1 1 0 1 1 0 1 1 0 0 1 1 1 0 0 1 1 0 1 0 
BDS: 13 | 0 1 0 1 0 1 1 1 1 1 1 1 1 0 1 1 0 1 0 1 1 1 1 1 1 0 0 1 0 1 1 0 

