18 32

12 13
8 16
8 15
8 14
7 16
7 14
7 12
6 15
6 14
6 12
5 17
5 16
5 13
5 11
4 17
4 15
4 13
4 10
3 13
3 11
3 10
2 16
2 12
2 9
1 17
1 15
1 11
1 9
0 17
0 14
0 10
0 9
----------

72847: 8 15, 7 14, 6 12, 5 17, 4 10, 3 13, 2 16, 1 11, 0 9
Frc: 9.16667 | 0.166667 0.5 1 0.5 0.333333 1 0.666667 0.666667 0.333333 1 1 0.166667 0.333333 0.5 0.166667 0.333333 0.5 1 1 0.5 0.5 1 0.166667 0.833333 0.5 0.333333 1 0.166667 0.333333 0.166667 0.5 1 
Int: 10 | 1 0 1 1 1 1 0 1 0 1 1 0 1 0 1 0 0 1 1 1 0 1 0 1 1 0 1 0 0 0 1 1 
BDS: 13 | 0 0 1 1 0 1 1 1 0 1 1 1 1 0 0 0 1 1 1 1 1 1 1 1 1 1 1 0 0 0 1 1 

