18 30

13 17
8 17
8 16
8 15
8 14
7 16
7 15
7 12
6 17
6 14
6 11
5 16
5 14
5 11
4 16
4 13
4 10
3 15
3 13
3 10
2 15
2 12
2 9
1 13
1 12
1 9
0 17
0 11
0 10
0 9
----------

41965: 8 17, 7 12, 6 14, 5 16, 4 10, 3 13, 2 15, 1 9, 0 11
Frc: 9.25 | 0.25 1 0.25 0.25 0.5 0.5 0.5 1 0.5 1 0.5 1 0.5 0.5 0.75 0.25 1 0.25 1 0.75 1 0.5 0.5 0.5 0.5 1 0.25 1 0.25 0.5 
Int: 10 | 0 1 0 1 0 1 0 1 1 1 0 1 1 1 0 1 1 1 1 0 1 0 1 0 1 1 0 1 1 0 
BDS: 13 | 0 1 0 1 0 1 1 1 1 1 0 1 1 1 0 1 1 1 1 0 1 0 1 1 1 1 1 1 1 0 

44530: 8 17, 7 12, 6 14, 5 16, 4 13, 3 10, 2 15, 1 9, 0 11
Frc: 9.25 | 0.25 1 0.25 0.25 0.5 0.375 0.625 1 0.5 1 0.5 1 0.5 0.5 0.375 1 0.625 0.625 0.375 1 1 0.375 0.625 0.375 0.625 1 0.25 1 0.375 0.375 
Int: 10 | 1 1 0 0 1 1 0 1 0 1 1 1 0 1 0 1 1 1 0 1 1 0 1 0 1 1 1 1 0 0 
BDS: 13 | 0 1 0 1 0 1 1 1 1 1 0 1 1 1 1 1 0 0 1 1 1 0 1 1 1 1 1 1 1 0 

