18 30

9 17
8 17
8 14
8 13
7 16
7 15
7 12
6 17
6 14
6 11
5 16
5 15
5 14
5 11
4 16
4 15
4 10
3 16
3 13
3 10
2 15
2 12
2 9
1 13
1 12
1 9
0 17
0 11
0 10
0 9
----------

35544: 8 13, 7 15, 6 14, 5 11, 4 16, 3 10, 2 9, 1 12, 0 17
Frc: 9.14286 | 0.142857 0.428571 0.571429 1 0.5 1 0.5 0.428571 1 0.571429 0.285714 0.285714 0.428571 1 1 0.214286 0.785714 0.214286 0.785714 1 0.5 0.5 1 0.5 1 0.5 1 0.428571 0.214286 0.357143 
Int: 10 | 1 0 1 1 0 1 1 0 1 1 1 0 0 1 1 0 1 0 1 1 1 0 1 1 1 0 1 1 0 0 
BDS: 13 | 1 0 1 1 1 1 1 0 1 1 1 0 0 1 1 1 0 1 0 1 1 0 1 1 1 1 1 1 1 0 

