18 30

10 15
8 16
8 14
8 13
7 17
7 15
7 12
6 16
6 15
6 11
5 16
5 14
5 11
4 17
4 16
4 10
3 14
3 13
3 10
2 15
2 12
2 9
1 17
1 13
1 12
1 9
0 17
0 11
0 10
0 9
----------

45747: 8 14, 7 12, 6 16, 5 11, 4 17, 3 13, 2 15, 1 9, 0 10
Frc: 9.125 | 0.125 0.125 1 0.875 0.5 0.5 1 1 0.375 0.625 0.125 0.875 1 1 0.75 0.25 0.125 1 0.875 1 0.5 0.5 0.375 0.125 0.5 1 0.125 0.375 1 0.5 
Int: 10 | 0 0 1 1 1 0 1 1 1 1 0 1 1 1 1 0 0 1 1 1 0 1 0 0 1 1 0 0 1 1 
BDS: 13 | 1 1 1 0 0 1 1 1 1 0 0 1 1 1 1 0 1 1 0 1 0 1 0 1 1 1 1 1 1 1 

