18 31

10 17
8 16
8 15
8 14
7 14
7 13
7 12
6 16
6 15
6 11
5 16
5 14
5 11
4 17
4 13
4 10
3 15
3 12
3 10
2 17
2 16
2 13
2 9
1 17
1 15
1 12
1 9
0 14
0 11
0 10
0 9
----------

34911: 8 15, 7 13, 6 11, 5 16, 4 10, 3 12, 2 9, 1 17, 0 14
Frc: 9.25 | 0.25 0.5 1 0.5 0.25 1 0.75 0.25 0.75 1 1 0.25 0.75 0.25 0.75 1 0.5 1 0.5 0.5 0.25 0.25 1 1 0.25 0.25 0.5 1 0.25 0.25 0.5 
Int: 10 | 0 0 1 1 0 1 1 0 1 1 1 0 1 1 0 1 0 1 1 0 1 1 1 1 1 0 0 1 0 0 1 
BDS: 13 | 0 1 1 0 1 1 1 0 1 1 1 0 1 1 0 1 1 1 1 1 0 1 1 1 0 1 0 1 1 0 1 

