18 32

9 17
8 15
8 14
8 13
7 17
7 16
7 15
7 12
6 17
6 16
6 14
6 11
5 17
5 16
5 13
5 11
4 15
4 14
4 10
3 15
3 13
3 10
2 16
2 12
2 9
1 14
1 12
1 9
0 13
0 11
0 10
0 9
----------

44967: 8 14, 7 16, 6 11, 5 17, 4 10, 3 15, 2 9, 1 12, 0 13
Frc: 9.25 | 0.25 0.5 1 0.5 0.25 1 0.25 0.5 0.5 0.25 0.25 1 1 0.25 0.25 0.5 0.25 0.75 1 1 0.25 0.75 0.5 0.5 1 0.5 1 0.5 1 0.5 0.25 0.25 
Int: 10 | 1 0 1 1 0 1 1 0 0 1 0 1 1 0 0 1 0 1 1 1 1 0 0 1 1 1 1 0 1 0 1 0 
BDS: 13 | 0 1 1 0 0 1 0 1 1 0 1 1 1 1 1 1 0 1 1 1 0 1 0 1 1 1 1 0 1 0 1 1 

