18 31

10 17
8 17
8 16
8 14
8 12
7 17
7 15
7 14
7 12
6 16
6 15
6 11
5 16
5 13
5 11
4 16
4 13
4 10
3 15
3 13
3 10
2 15
2 14
2 9
1 14
1 12
1 9
0 17
0 11
0 10
0 9
----------

63459: 8 12, 7 17, 6 16, 5 11, 4 10, 3 13, 2 15, 1 14, 0 9
Frc: 9.16667 | 0.166667 0.5 0.333333 0.166667 1 1 0.166667 0.333333 0.5 1 0.333333 0.666667 0.5 0.5 1 0.5 0.5 1 0.5 1 0.5 1 0.5 0.5 1 0.5 0.5 0.333333 0.333333 0.333333 1 
Int: 10 | 0 1 0 0 1 1 1 0 0 1 1 0 0 1 1 1 0 1 0 1 1 1 1 1 1 1 0 0 1 0 1 
BDS: 13 | 0 1 0 0 1 1 1 0 0 1 1 0 1 1 1 1 0 1 1 1 1 1 1 1 1 1 0 1 1 0 1 

