18 30

11 17
8 17
8 15
8 12
7 16
7 15
7 13
7 12
6 16
6 14
6 11
5 15
5 14
5 11
4 17
4 16
4 13
4 10
3 15
3 13
3 10
2 16
2 14
2 9
1 17
1 12
1 9
0 11
0 10
0 9
----------

55759: 8 17, 7 15, 6 11, 5 14, 4 13, 3 10, 2 16, 1 12, 0 9
Frc: 9.16667 | 0.166667 1 0.5 0.5 0.166667 1 0.333333 0.5 0.5 0.5 1 0.5 1 0.5 0.333333 0.333333 1 0.333333 0.333333 0.666667 1 1 0.5 0.5 0.5 1 0.5 0.333333 0.666667 1 
Int: 10 | 0 1 0 1 0 1 0 1 1 0 1 1 1 0 1 0 1 0 0 1 1 1 1 0 0 1 1 1 1 1 
BDS: 13 | 1 1 1 0 0 1 0 1 0 1 1 1 1 0 0 1 1 1 1 1 1 1 1 1 1 1 0 0 1 1 

