18 30

9 15
8 17
8 13
8 12
7 16
7 13
7 12
6 16
6 15
6 11
5 15
5 14
5 11
4 17
4 15
4 14
4 10
3 17
3 16
3 13
3 10
2 17
2 14
2 9
1 16
1 12
1 9
0 11
0 10
0 9
----------

56462: 8 13, 7 16, 6 15, 5 11, 4 17, 3 10, 2 14, 1 12, 0 9
Frc: 9.16667 | 0.166667 0.5 1 0.5 1 0.5 0.5 0.166667 1 0.833333 0.166667 0.833333 1 1 0.666667 0.166667 0.166667 0.166667 0.333333 0.5 1 0.333333 1 0.666667 0.5 1 0.5 0.166667 0.833333 1 
Int: 10 | 0 0 1 1 1 1 0 1 1 0 1 1 1 1 0 0 1 0 1 0 1 1 1 0 0 1 1 1 0 1 
BDS: 13 | 0 1 1 1 1 1 0 1 1 0 1 1 1 1 0 0 1 1 0 0 1 1 1 0 1 1 1 1 1 1 

