18 31

10 14
8 17
8 16
8 15
8 12
7 15
7 13
7 12
6 16
6 14
6 11
5 17
5 16
5 13
5 11
4 16
4 15
4 10
3 15
3 13
3 10
2 17
2 14
2 9
1 14
1 12
1 9
0 17
0 11
0 10
0 9
----------

51492: 8 12, 7 13, 6 16, 5 11, 4 15, 3 10, 2 14, 1 9, 0 17
Frc: 9.13636 | 0.136364 0.227273 0.363636 0.409091 1 0.318182 1 0.681818 1 0.363636 0.636364 0.272727 0.363636 0.363636 1 0.272727 1 0.727273 0.272727 0.727273 1 0.5 1 0.5 0.5 0.5 1 1 0.363636 0.136364 0.5 
Int: 10 | 1 1 0 0 1 0 1 1 1 0 1 0 0 1 1 1 1 0 1 0 1 0 1 1 0 1 1 1 1 0 0 
BDS: 13 | 1 0 0 1 1 0 1 1 1 1 0 1 1 1 1 0 1 1 0 1 1 0 1 1 0 1 1 1 1 0 1 

