18 32

12 17
9 17
8 17
8 16
8 15
8 13
7 15
7 14
7 12
6 15
6 14
6 11
5 14
5 12
5 11
4 16
4 13
4 10
3 16
3 12
3 10
2 17
2 16
2 13
2 9
1 15
1 11
1 9
0 14
0 13
0 10
0 9
----------

75815: 8 17, 7 12, 6 14, 5 11, 4 13, 3 10, 2 16, 1 15, 0 9
Frc: 9.25 | 0.125 0.125 1 0.25 0.25 0.5 0.5 0.5 1 0.25 1 0.75 0.25 0.75 1 0.375 1 0.625 0.375 0.625 1 0.75 1 0.125 0.125 1 0.25 0.75 0.25 0.375 0.375 1 
Int: 10 | 0 1 1 1 0 0 1 0 1 0 1 1 0 1 1 0 1 1 0 1 1 0 1 1 0 1 1 0 1 0 0 1 
BDS: 13 | 1 0 1 1 1 1 0 1 1 0 1 1 0 1 1 0 1 1 0 1 1 0 1 0 1 1 1 1 0 1 0 1 

