18 31

9 17
8 16
8 14
8 12
7 17
7 16
7 15
7 11
6 16
6 14
6 11
5 14
5 12
5 11
4 17
4 13
4 10
3 15
3 14
3 13
3 10
2 15
2 13
2 9
1 16
1 12
1 9
0 17
0 15
0 10
0 9
----------

54139: 8 12, 7 16, 6 14, 5 11, 4 13, 3 10, 2 15, 1 9, 0 17
Frc: 9.25 | 0.25 0.5 0.5 1 0.375 1 0.375 0.25 0.25 1 0.75 0.25 0.75 1 0.375 1 0.625 0.375 0.25 0.375 1 1 0.625 0.375 0.25 0.75 1 1 0.25 0.375 0.375 
Int: 10 | 1 1 0 1 0 1 0 1 0 1 1 0 1 1 0 1 1 0 1 0 1 1 1 0 0 1 1 1 1 0 0 
BDS: 13 | 1 0 1 1 1 1 1 1 0 1 1 0 1 1 1 1 0 0 0 1 1 1 1 0 1 1 1 1 0 1 0 

