18 31

10 14
8 16
8 15
8 12
7 17
7 16
7 15
7 11
6 17
6 16
6 14
6 11
5 17
5 12
5 11
4 16
4 13
4 10
3 15
3 13
3 10
2 17
2 14
2 13
2 9
1 14
1 12
1 9
0 15
0 10
0 9
----------

33358: 8 12, 7 17, 6 16, 5 11, 4 10, 3 13, 2 9, 1 14, 0 15
Frc: 9.25 | 0.25 0.5 0.5 1 1 0.25 0.25 0.5 0.25 1 0.25 0.5 0.5 0.5 1 0.25 0.75 1 0.75 1 0.25 0.25 0.5 0.25 1 1 0.5 0.5 1 0.5 0.5 
Int: 10 | 1 1 0 1 1 0 1 0 0 1 0 1 1 0 1 0 1 1 1 1 0 0 0 1 1 1 1 0 1 0 1 
BDS: 13 | 1 1 1 1 1 0 0 1 0 1 0 1 0 1 1 0 1 1 1 1 0 1 0 1 1 1 1 1 1 1 0 

