18 31

9 14
8 17
8 16
8 14
8 12
7 17
7 14
7 11
6 17
6 15
6 13
6 11
5 14
5 12
5 11
4 16
4 15
4 10
3 16
3 13
3 10
2 15
2 13
2 9
1 17
1 16
1 12
1 9
0 15
0 10
0 9
----------

63274: 8 12, 7 14, 6 17, 5 11, 4 10, 3 13, 2 15, 1 16, 0 9
Frc: 9.22222 | 0.222222 0.222222 0.388889 0.388889 1 0.388889 1 0.611111 1 0.0555556 0.555556 0.388889 0.388889 0.611111 1 0.5 0.5 1 0.444444 1 0.555556 1 0.444444 0.555556 0.388889 1 0.388889 0.222222 0.444444 0.555556 1 
Int: 10 | 1 1 0 0 1 0 1 1 1 1 0 0 0 1 1 1 0 1 0 1 1 1 1 0 1 1 0 0 1 0 1 
BDS: 13 | 0 0 0 1 1 0 1 1 1 0 1 1 0 1 1 1 0 1 0 1 1 1 1 0 1 1 1 1 1 1 1 

