18 31

12 17
8 15
8 14
8 12
7 17
7 13
7 11
6 16
6 13
6 11
5 17
5 15
5 12
5 11
4 16
4 14
4 10
3 16
3 14
3 10
2 17
2 16
2 13
2 9
1 15
1 12
1 9
0 15
0 14
0 10
0 9
----------

34167: 8 15, 7 17, 6 13, 5 11, 4 10, 3 16, 2 9, 1 12, 0 14
Frc: 9.25 | 0.25 1 0.5 0.5 1 0.5 0.5 0.5 1 0.5 0.5 0.25 0.25 1 0.25 0.75 1 1 0.25 0.75 0.25 0.25 0.5 1 0.25 1 0.75 0.5 1 0.25 0.25 
Int: 10 | 0 1 1 0 1 0 1 1 1 0 0 0 1 1 0 1 1 1 0 1 1 0 1 1 1 1 0 0 1 0 1 
BDS: 13 | 1 1 1 0 1 1 0 1 1 1 1 1 0 1 1 0 1 1 1 0 0 1 0 1 0 1 1 0 1 1 1 

36576: 8 15, 7 17, 6 13, 5 11, 4 16, 3 10, 2 9, 1 12, 0 14
Frc: 9.25 | 0.25 1 0.5 0.5 1 0.5 0.5 0.5 1 0.5 0.5 0.25 0.25 1 1 0.25 0.75 0.25 0.75 1 0.25 0.25 0.5 1 0.25 1 0.75 0.5 1 0.25 0.25 
Int: 10 | 0 1 0 1 1 1 0 1 1 1 1 0 0 1 1 0 1 0 1 1 0 0 1 1 0 1 1 1 1 0 0 
BDS: 13 | 1 1 1 0 1 1 0 1 1 1 1 1 0 1 1 1 0 1 0 1 0 1 0 1 0 1 1 0 1 1 1 

