18 31

10 17
8 17
8 15
8 14
8 12
7 16
7 13
7 11
6 16
6 13
6 11
5 15
5 12
5 11
4 16
4 14
4 10
3 17
3 15
3 14
3 10
2 15
2 13
2 9
1 17
1 14
1 12
1 9
0 16
0 10
0 9
----------

36665: 8 12, 7 13, 6 11, 5 15, 4 14, 3 10, 2 9, 1 17, 0 16
Frc: 9.25 | 0.25 0.5 0.25 0.25 1 0.5 1 0.5 0.5 0.5 1 1 0.5 0.5 0.5 1 0.5 0.25 0.25 0.5 1 0.5 0.5 1 1 0.25 0.5 0.25 1 0.25 0.75 
Int: 10 | 1 0 1 0 1 1 1 0 0 1 1 1 0 1 1 1 0 0 0 1 1 1 0 1 1 0 1 0 1 0 1 
BDS: 13 | 1 0 0 1 1 1 1 0 0 1 1 1 1 1 1 1 0 0 0 1 1 1 1 1 1 0 1 0 1 1 1 

