18 31

11 17
8 16
8 14
8 12
7 15
7 14
7 11
6 16
6 12
6 11
5 15
5 14
5 12
5 11
4 15
4 14
4 10
3 17
3 16
3 13
3 10
2 17
2 13
2 9
1 16
1 13
1 9
0 17
0 15
0 10
0 9
----------

65705: 8 12, 7 11, 6 16, 5 14, 4 15, 3 10, 2 17, 1 13, 0 9
Frc: 9.16667 | 0.166667 0.333333 0.666667 1 0.833333 0.166667 1 1 0.666667 0.333333 0.166667 1 0.333333 0.5 1 0.166667 0.833333 0.333333 0.166667 0.5 1 1 0.5 0.5 0.5 1 0.5 0.5 0.333333 0.166667 1 
Int: 10 | 0 1 0 1 1 0 1 1 0 1 0 1 1 0 1 1 1 1 0 0 1 1 1 0 0 1 1 0 1 0 1 
BDS: 13 | 0 1 0 1 1 0 1 1 0 1 0 1 1 1 1 1 1 0 1 0 1 1 1 0 1 1 1 1 1 0 1 

