18 31

8 16
8 15
8 12
7 17
7 16
7 14
7 11
6 17
6 12
6 11
5 15
5 12
5 11
4 16
4 14
4 10
3 17
3 16
3 13
3 10
2 17
2 15
2 13
2 9
1 15
1 14
1 13
1 9
0 14
0 10
0 9
----------

36874: 8 15, 7 17, 6 12, 5 11, 4 16, 3 10, 2 9, 1 13, 0 14
Frc: 9 | 0.5 1 0.5 1 0.166667 0.333333 0.5 0.5 1 0.5 0.5 0.5 1 1 0.333333 0.666667 0.333333 0.333333 0.333333 1 0.166667 0.166667 0.666667 1 0.333333 0.333333 1 0.333333 1 0.333333 0.666667 
Int: 10 | 1 1 1 1 0 0 1 1 1 0 1 0 1 1 1 0 0 0 1 1 1 0 0 1 0 0 1 1 1 1 0 
BDS: 13 | 1 1 1 1 0 1 0 1 1 1 1 0 1 1 1 0 1 0 1 1 0 1 0 1 0 0 1 1 1 1 1 

