18 31

12 17
8 16
8 14
8 12
7 17
7 15
7 14
7 11
6 16
6 12
6 11
5 14
5 12
5 11
4 17
4 15
4 10
3 17
3 16
3 13
3 10
2 16
2 13
2 9
1 15
1 14
1 13
1 9
0 15
0 10
0 9
----------

48984: 8 16, 7 14, 6 11, 5 12, 4 17, 3 10, 2 13, 1 9, 0 15
Frc: 9.25 | 0.25 1 0.5 0.5 0.416667 0.333333 1 0.25 0.75 0.25 1 0.25 1 0.75 1 0.333333 0.666667 0.333333 0.0833333 0.583333 1 0.666667 1 0.333333 0.333333 0.25 0.416667 1 1 0.333333 0.666667 
Int: 10 | 1 1 1 0 0 1 1 0 1 0 1 0 1 1 1 1 0 0 0 1 1 0 1 1 1 0 0 1 1 1 0 
BDS: 13 | 0 1 0 1 1 0 1 1 1 0 1 0 1 1 1 0 1 0 0 1 1 1 1 1 1 1 1 1 1 1 0 

