18 31

9 14
8 17
8 14
8 12
7 17
7 16
7 13
7 11
6 17
6 15
6 12
6 11
5 14
5 12
5 11
4 17
4 16
4 14
4 10
3 15
3 13
3 10
2 16
2 15
2 9
1 16
1 13
1 9
0 15
0 10
0 9
----------

50900: 8 12, 7 13, 6 11, 5 14, 4 17, 3 10, 2 16, 1 9, 0 15
Frc: 9.16667 | 0.166667 0.5 0.5 1 0.333333 0.166667 1 0.5 0.166667 0.333333 0.5 1 1 0.5 0.5 1 0.416667 0.333333 0.25 0.25 0.75 1 1 0.416667 0.583333 0.416667 0.583333 1 1 0.75 0.25 
Int: 10 | 1 0 1 1 1 0 1 0 0 0 1 1 1 0 1 1 0 1 0 0 1 1 1 1 0 1 0 1 1 1 0 
BDS: 13 | 0 0 1 1 1 0 1 1 0 0 1 1 1 0 1 1 1 1 1 1 1 1 1 0 1 0 1 1 1 0 1 

