18 31

10 17
8 17
8 16
8 15
8 12
7 15
7 14
7 13
7 11
6 17
6 12
6 11
5 15
5 12
5 11
4 16
4 14
4 10
3 16
3 13
3 10
2 16
2 14
2 9
1 14
1 13
1 9
0 17
0 15
0 10
0 9
----------

37792: 8 12, 7 13, 6 17, 5 11, 4 16, 3 10, 2 9, 1 14, 0 15
Frc: 9.16667 | 0.166667 0.5 0.333333 0.166667 1 0.333333 0.166667 1 0.5 1 0.5 0.5 0.5 0.5 1 1 0.25 0.75 0.25 0.75 1 0.416667 0.583333 1 1 0.583333 0.416667 0.333333 1 0.0833333 0.583333 
Int: 10 | 0 0 1 0 1 0 0 1 1 1 1 0 1 0 1 1 0 1 0 1 1 0 1 1 1 1 0 1 1 0 1 
BDS: 13 | 1 1 0 0 1 1 0 1 1 1 0 1 0 1 1 1 1 0 1 1 1 0 1 1 1 1 0 1 1 0 1 

