18 31

13 14
8 17
8 16
8 14
8 12
7 17
7 15
7 13
7 11
6 17
6 12
6 11
5 14
5 12
5 11
4 16
4 15
4 10
3 15
3 13
3 10
2 17
2 15
2 14
2 9
1 16
1 13
1 9
0 16
0 10
0 9
----------

48336: 8 12, 7 13, 6 11, 5 14, 4 15, 3 10, 2 17, 1 9, 0 16
Frc: 9.25 | 0.25 0.25 0.25 0.5 1 0.25 0.25 1 0.5 0.5 0.5 1 1 0.5 0.5 0.375 1 0.625 0.375 0.625 1 1 0.375 0.25 0.375 0.375 0.625 1 1 0.375 0.625 
Int: 10 | 1 1 0 0 1 0 1 1 0 0 1 1 1 0 1 1 1 0 0 1 1 1 0 0 1 1 0 1 1 1 0 
BDS: 13 | 0 0 0 1 1 1 0 1 1 0 1 1 1 0 1 1 1 0 1 1 1 1 0 1 1 1 0 1 1 1 1 

