18 32

11 17
8 17
8 16
8 15
8 12
7 17
7 15
7 14
7 11
6 14
6 12
6 11
5 14
5 13
5 12
5 11
4 17
4 16
4 15
4 10
3 15
3 13
3 10
2 16
2 13
2 9
1 14
1 13
1 9
0 16
0 10
0 9
----------

73048: 8 17, 7 14, 6 11, 5 12, 4 10, 3 15, 2 16, 1 13, 0 9
Frc: 9.2 | 0.2 1 0.2 0.4 0.4 0.4 0.2 1 0.4 0.4 0.6 1 0.2 0.4 1 0.4 0.4 0.2 0.4 1 1 0.4 0.6 1 0.6 0.4 0.4 1 0.6 0.6 0.4 1 
Int: 10 | 1 1 1 0 0 1 0 1 0 0 1 1 1 0 1 0 0 0 1 1 1 1 0 1 0 1 1 1 0 0 1 1 
BDS: 13 | 1 1 0 1 1 0 0 1 1 1 0 1 0 0 1 1 0 0 1 1 1 1 0 1 1 0 1 1 1 1 1 1 

