18 31

11 17
8 16
8 15
8 12
7 15
7 13
7 11
6 16
6 12
6 11
5 15
5 12
5 11
4 16
4 14
4 10
3 17
3 16
3 13
3 10
2 17
2 15
2 14
2 9
1 14
1 13
1 9
0 17
0 14
0 10
0 9
----------

34564: 8 16, 7 15, 6 11, 5 12, 4 10, 3 13, 2 9, 1 14, 0 17
Frc: 9.21429 | 0.214286 1 0.428571 0.571429 1 0.785714 0.214286 0.571429 0.428571 1 0.428571 1 0.571429 0.5 0.5 1 0.285714 0.214286 1 0.5 0.5 0.285714 0.214286 1 1 0.214286 0.785714 1 0.285714 0.5 0.214286 
Int: 10 | 1 1 0 1 1 1 0 1 0 1 1 1 0 0 1 1 0 0 1 1 1 0 0 1 1 0 1 1 0 1 0 
BDS: 13 | 0 1 0 1 1 1 1 1 0 1 0 1 1 1 0 1 1 0 1 0 1 1 1 1 1 1 0 1 0 1 1 

