18 32

9 13
8 17
8 15
8 13
8 12
7 17
7 14
7 13
7 11
6 15
6 12
6 11
5 13
5 12
5 11
4 17
4 16
4 15
4 10
3 16
3 14
3 10
2 16
2 14
2 9
1 15
1 14
1 9
0 17
0 16
0 10
0 9
----------

60069: 8 15, 7 13, 6 11, 5 12, 4 10, 3 14, 2 16, 1 9, 0 17
Frc: 9.25 | 0.25 0.25 1 0.25 0.5 0.375 0.125 1 0.5 0.5 0.5 1 0.5 1 0.5 0.375 0.375 0.25 1 0.375 1 0.625 1 0.625 0.375 0.75 0.25 1 1 0.25 0.375 0.375 
Int: 10 | 0 0 1 1 1 1 0 1 0 1 0 1 0 1 1 0 0 1 1 0 1 1 1 0 1 0 1 1 1 1 0 0 
BDS: 13 | 0 1 1 0 0 1 1 1 1 1 1 1 1 1 0 1 0 0 1 1 1 1 1 0 1 1 0 1 1 0 0 1 

