18 32

9 13
8 17
8 16
8 15
8 12
7 17
7 15
7 14
7 11
6 16
6 12
6 11
5 15
5 12
5 11
4 17
4 16
4 14
4 10
3 17
3 13
3 10
2 16
2 13
2 9
1 14
1 13
1 9
0 15
0 14
0 10
0 9
----------

44214: 8 16, 7 15, 6 11, 5 12, 4 10, 3 17, 2 9, 1 13, 0 14
Frc: 9.25 | 0.25 0.25 1 0.25 0.5 0.375 1 0.125 0.5 0.5 0.5 1 0.5 1 0.5 0.375 0.375 0.25 1 1 0.375 0.625 0.625 0.375 1 0.625 1 0.375 0.25 1 0.375 0.375 
Int: 10 | 0 0 1 1 0 0 1 1 1 0 1 1 1 1 0 1 0 0 1 1 1 0 1 0 1 0 1 1 0 1 1 0 
BDS: 13 | 0 1 1 0 0 1 1 0 1 1 1 1 1 1 0 1 0 0 1 1 1 1 1 0 1 1 1 1 0 1 1 0 

