18 32

9 13
8 16
8 15
8 11
7 16
7 14
7 11
6 15
6 14
6 11
5 17
5 15
5 14
5 10
4 16
4 13
4 10
3 17
3 15
3 13
3 10
2 17
2 16
2 12
2 9
1 14
1 12
1 9
0 17
0 13
0 12
0 9
----------

65922: 8 15, 7 16, 6 11, 5 14, 4 13, 3 10, 2 12, 1 9, 0 17
Frc: 9.27273 | 0.272727 0.636364 1 0.363636 1 0.363636 0.636364 0.636364 0.363636 1 0.272727 0.272727 1 0.454545 0.454545 1 0.545455 0.454545 0.0909091 0.454545 1 0.272727 0.454545 1 0.272727 0.272727 0.727273 1 1 0.272727 0.272727 0.454545 
Int: 10 | 0 0 1 1 1 0 1 0 1 1 1 0 1 0 0 1 1 0 1 0 1 0 1 1 0 0 1 1 1 1 0 1 
BDS: 13 | 0 1 1 0 1 0 1 1 0 1 0 1 1 1 1 1 0 0 0 1 1 1 1 1 1 1 1 1 1 1 0 0 

