18 31

12 17
8 17
8 16
8 14
8 11
7 17
7 13
7 11
6 14
6 13
6 11
5 16
5 15
5 10
4 17
4 15
4 13
4 10
3 16
3 12
3 10
2 15
2 14
2 9
1 16
1 12
1 9
0 15
0 14
0 12
0 9
----------

39500: 8 14, 7 11, 6 13, 5 16, 4 17, 3 10, 2 9, 1 12, 0 15
Frc: 9.25 | 0.25 0.25 0.25 1 0.5 0.5 0.5 1 0.5 1 0.5 1 0.375 0.625 1 0.125 0.5 0.375 0.375 0.625 1 0.5 0.5 1 0.375 1 0.625 1 0.5 0.125 0.375 
Int: 10 | 0 1 0 0 1 0 1 1 1 1 0 1 1 0 1 0 0 1 0 1 1 0 1 1 1 1 0 1 0 0 1 
BDS: 13 | 1 0 0 1 1 0 1 1 1 1 0 1 1 0 1 1 1 1 1 1 1 0 1 1 0 1 1 1 0 1 0 

