18 31

10 17
8 15
8 14
8 11
7 15
7 14
7 11
6 16
6 13
6 11
5 15
5 13
5 10
4 17
4 14
4 13
4 10
3 17
3 16
3 12
3 10
2 16
2 15
2 14
2 9
1 17
1 12
1 9
0 16
0 12
0 9
----------

63271: 8 11, 7 14, 6 16, 5 13, 4 10, 3 12, 2 15, 1 17, 0 9
Frc: 9.25 | 0.25 0.5 0.5 1 0.5 1 0.5 1 0.5 0.5 0.5 1 0.5 0.25 0.25 0.5 1 0.5 0.25 1 0.25 0.25 1 0.25 0.5 1 0.5 0.5 0.5 0.5 1 
Int: 10 | 0 1 0 1 0 1 1 1 1 0 0 1 1 0 1 0 1 1 0 1 0 0 1 0 1 1 0 1 1 1 1 
BDS: 13 | 0 1 0 1 0 1 1 1 0 1 1 1 1 1 1 1 1 1 0 1 0 1 1 0 1 1 0 1 0 1 1 

63751: 8 14, 7 11, 6 16, 5 13, 4 10, 3 12, 2 15, 1 17, 0 9
Frc: 9.25 | 0.25 0.5 1 0.5 0.5 0.5 1 1 0.5 0.5 0.5 1 0.5 0.25 0.25 0.5 1 0.5 0.25 1 0.25 0.25 1 0.25 0.5 1 0.5 0.5 0.5 0.5 1 
Int: 10 | 0 0 1 1 1 0 1 1 1 0 0 1 1 0 1 0 1 1 0 1 0 0 1 0 1 1 0 1 1 1 1 
BDS: 13 | 0 0 1 1 1 0 1 1 0 1 1 1 1 1 1 1 1 1 0 1 0 1 1 0 1 1 0 1 0 1 1 

