18 31

13 17
9 14
8 17
8 16
8 14
8 11
7 17
7 13
7 11
6 16
6 13
6 11
5 16
5 14
5 10
4 17
4 15
4 13
4 10
3 15
3 12
3 10
2 16
2 15
2 9
1 15
1 12
1 9
0 14
0 12
0 9
----------

40945: 8 16, 7 11, 6 13, 5 14, 4 17, 3 10, 2 9, 1 15, 0 12
Frc: 9.27778 | 0.222222 0.0555556 0.277778 1 0.222222 0.5 0.5 0.5 1 0.5 1 0.5 0.388889 1 0.611111 1 0.333333 0.277778 0.388889 0.333333 0.666667 1 0.666667 0.333333 1 1 0.333333 0.666667 0.722222 1 0.277778 
Int: 10 | 0 0 0 1 1 1 1 0 1 1 1 0 0 1 1 1 0 1 0 1 0 1 1 0 1 1 1 0 0 1 1 
BDS: 13 | 0 0 1 1 0 1 0 1 1 1 1 0 1 1 0 1 0 1 1 0 1 1 1 1 1 1 1 0 1 1 1 

