18 31

12 14
11 17
8 16
8 14
8 11
7 16
7 13
7 11
6 17
6 15
6 13
6 11
5 16
5 14
5 10
4 14
4 13
4 10
3 15
3 12
3 10
2 17
2 16
2 15
2 9
1 17
1 12
1 9
0 15
0 12
0 9
----------

59133: 8 16, 7 11, 6 13, 5 10, 4 14, 3 15, 2 17, 1 12, 0 9
Frc: 9.1875 | 0.125 0.0625 1 0.25 0.75 0.25 0.75 1 0.4375 0.375 1 0.1875 0.375 0.625 1 1 0.625 0.375 1 0.375 0.625 1 0.375 0.125 0.5 0.5 1 0.5 0.5 0.5 1 
Int: 10 | 1 0 1 1 0 1 0 1 0 0 1 1 1 0 1 1 1 0 1 0 1 1 0 0 1 1 1 0 1 0 1 
BDS: 13 | 0 0 1 1 0 1 1 1 1 1 1 1 0 1 1 1 1 0 1 1 1 1 0 0 1 1 1 0 0 1 1 

