18 31

10 14
8 17
8 16
8 14
8 11
7 16
7 13
7 11
6 15
6 13
6 11
5 16
5 15
5 10
4 16
4 13
4 10
3 17
3 15
3 12
3 10
2 17
2 14
2 9
1 17
1 15
1 12
1 9
0 14
0 12
0 9
----------

35685: 8 17, 7 11, 6 13, 5 10, 4 16, 3 15, 2 9, 1 12, 0 14
Frc: 9.21429 | 0.214286 1 0.142857 0.285714 0.571429 0.428571 0.571429 1 0.571429 1 0.428571 0.428571 0.571429 1 1 0.428571 0.571429 0.285714 1 0.5 0.214286 0.5 0.5 1 0.214286 0.285714 1 0.5 1 0.5 0.5 
Int: 10 | 1 1 0 0 1 0 1 1 1 1 0 1 0 1 1 1 0 1 1 0 0 1 0 1 0 0 1 1 1 1 0 
BDS: 13 | 0 1 0 1 1 0 1 1 1 1 0 1 1 1 1 1 0 1 1 1 1 0 1 1 0 0 1 1 1 1 0 

