18 31

10 17
8 16
8 14
8 11
7 16
7 14
7 11
6 15
6 14
6 13
6 11
5 17
5 16
5 13
5 10
4 15
4 13
4 10
3 15
3 12
3 10
2 17
2 16
2 9
1 17
1 15
1 12
1 9
0 14
0 12
0 9
----------

65209: 8 11, 7 16, 6 14, 5 13, 4 15, 3 10, 2 17, 1 12, 0 9
Frc: 9.22222 | 0.222222 0.222222 0.777778 1 1 0.222222 0.777778 0.333333 1 0.444444 0.222222 0.333333 0.333333 1 0.333333 1 0.555556 0.444444 0.555556 0.444444 1 1 0.444444 0.555556 0.444444 0.111111 1 0.444444 0.444444 0.555556 1 
Int: 10 | 1 0 1 1 1 0 1 1 1 0 0 0 1 1 0 1 1 0 1 0 1 1 0 1 0 1 1 0 0 1 1 
BDS: 13 | 0 1 0 1 1 1 0 0 1 1 1 0 1 1 1 1 1 0 1 0 1 1 1 1 1 0 1 0 1 1 1 

65741: 8 16, 7 11, 6 14, 5 13, 4 15, 3 10, 2 17, 1 12, 0 9
Frc: 9.22222 | 0.222222 1 0.222222 0.777778 0.222222 0.777778 1 0.333333 1 0.444444 0.222222 0.333333 0.333333 1 0.333333 1 0.555556 0.444444 0.555556 0.444444 1 1 0.444444 0.555556 0.444444 0.111111 1 0.444444 0.444444 0.555556 1 
Int: 10 | 1 1 0 1 0 1 1 1 1 0 0 0 1 1 0 1 1 0 1 0 1 1 0 1 0 1 1 0 0 1 1 
BDS: 13 | 0 1 1 0 1 0 1 0 1 1 1 0 1 1 1 1 1 0 1 0 1 1 1 1 1 0 1 0 1 1 1 

