18 32

12 17
8 16
8 14
8 11
7 16
7 13
7 11
6 15
6 13
6 11
5 16
5 15
5 10
4 15
4 14
4 13
4 10
3 17
3 14
3 12
3 10
2 17
2 16
2 15
2 9
1 17
1 12
1 9
0 14
0 13
0 12
0 9
----------

73453: 8 11, 7 16, 6 13, 5 15, 4 10, 3 14, 2 17, 1 12, 0 9
Frc: 9.2 | 0.2 0.6 0.4 1 1 0.6 0.4 0.4 1 0.6 0.2 1 0.8 0.2 0.4 0.4 1 0.4 1 0.4 0.2 1 0.2 0.4 0.4 0.4 1 0.6 0.2 0.4 0.4 1 
Int: 10 | 1 0 1 1 1 0 1 1 1 0 0 1 1 0 0 1 1 0 1 0 1 1 1 0 0 0 1 1 0 1 0 1 
BDS: 13 | 0 1 1 1 1 1 0 1 1 1 1 1 0 1 0 0 1 1 1 1 1 1 0 0 1 0 1 1 0 1 0 1 

