18 32

12 17
8 16
8 14
8 11
7 16
7 13
7 11
6 14
6 13
6 11
5 17
5 16
5 14
5 10
4 17
4 15
4 13
4 10
3 15
3 12
3 10
2 15
2 14
2 13
2 9
1 16
1 12
1 9
0 17
0 15
0 12
0 9
----------

71842: 8 16, 7 13, 6 11, 5 10, 4 17, 3 15, 2 14, 1 12, 0 9
Frc: 9.14286 | 0.142857 1 0.428571 0.571429 0.571429 1 0.428571 0.428571 0.571429 1 0.642857 0.214286 0.142857 1 1 0.357143 0.285714 0.357143 1 0.357143 0.642857 0.357143 1 0.142857 0.5 0.5 1 0.5 0.214286 0.285714 0.5 1 
Int: 10 | 0 1 0 1 1 1 0 1 0 1 1 0 0 1 1 0 1 0 1 1 1 1 1 0 0 0 1 1 0 1 0 1 
BDS: 13 | 0 1 0 1 1 1 0 0 1 1 1 1 1 1 1 1 0 1 1 1 0 0 1 1 1 1 1 0 0 0 1 1 

