18 32

12 16
8 16
8 14
8 11
7 16
7 13
7 11
6 14
6 13
6 11
5 17
5 16
5 14
5 10
4 17
4 15
4 13
4 10
3 17
3 15
3 12
3 10
2 15
2 14
2 13
2 9
1 17
1 12
1 9
0 15
0 12
0 9
----------

40981: 8 11, 7 16, 6 13, 5 14, 4 10, 3 17, 2 9, 1 12, 0 15
Frc: 9.2 | 0.2 0.6 0.4 1 1 0.6 0.4 0.4 1 0.6 0.3 0.2 1 0.5 0.2 0.3 0.5 1 1 0.2 0.3 0.5 0.5 0.2 0.3 1 0.5 1 0.5 1 0.5 0.5 
Int: 10 | 1 0 1 1 1 0 1 1 1 0 0 1 1 0 0 1 0 1 1 0 0 1 0 0 1 1 1 1 0 1 0 1 
BDS: 13 | 0 1 0 1 1 1 0 0 1 1 0 1 1 1 1 0 0 1 1 0 1 0 1 1 1 1 1 1 1 1 1 0 

