18 30

11 17
10 14
9 17
9 14
8 16
8 15
7 17
7 15
7 12
6 16
6 14
6 12
5 16
5 13
5 12
4 14
4 13
4 12
3 17
3 15
3 11
2 15
2 11
2 10
1 16
1 13
1 9
0 13
0 10
0 8
----------

39975: 8 16, 7 17, 6 12, 5 13, 4 14, 3 15, 2 11, 1 9, 0 10
Frc: 9.27273 | 0.0909091 0.0909091 0.818182 0.181818 1 0.0909091 1 0.818182 0.181818 0.272727 0.727273 1 0.454545 1 0.545455 1 0.727273 0.272727 0.0909091 1 0.909091 0.0909091 1 0.909091 0.272727 0.727273 1 0.0909091 1 0.909091 
Int: 10 | 0 0 1 0 1 0 1 1 0 0 1 1 1 0 1 1 1 0 0 1 1 0 1 1 0 1 1 0 1 1 
BDS: 13 | 1 1 0 1 1 1 1 0 1 0 1 1 0 1 1 1 1 0 0 1 1 0 1 1 1 1 1 0 1 1 

