18 30

11 17
10 14
9 17
9 15
8 17
8 15
7 16
7 15
7 13
6 16
6 14
6 13
5 15
5 14
5 13
4 17
4 16
4 12
3 13
3 12
3 11
2 12
2 11
2 10
1 16
1 14
1 9
0 11
0 10
0 8
----------

41631: 8 17, 7 13, 6 14, 5 15, 4 16, 3 12, 2 11, 1 9, 0 10
Frc: 9.27273 | 0.0909091 0.0909091 0.818182 0.181818 1 0.0909091 0.272727 0.727273 1 0.454545 1 0.545455 1 0.727273 0.272727 0.0909091 1 0.909091 0.181818 1 0.818182 0.0909091 1 0.909091 0.272727 0.727273 1 0.0909091 1 0.909091 
Int: 10 | 0 0 1 0 1 0 0 1 1 1 1 1 1 1 0 0 1 1 0 1 1 0 1 1 0 1 1 0 1 1 
BDS: 13 | 1 0 0 1 1 1 0 1 1 0 1 1 1 1 0 0 1 1 1 1 0 1 1 1 1 1 1 0 1 1 

