18 29

10 14
9 14
9 13
8 16
8 15
7 17
7 15
7 14
6 17
6 16
6 13
5 17
5 15
5 12
4 17
4 14
4 12
3 16
3 13
3 11
2 16
2 11
2 10
1 15
1 12
1 9
0 11
0 10
0 8
----------

36495: 8 15, 7 17, 6 13, 5 12, 4 14, 3 16, 2 11, 1 9, 0 10
Frc: 9.25 | 0.125 0.125 0.875 0.125 1 1 0.25 0.75 0.25 0.75 1 0.5 0.5 1 0.25 1 0.75 1 0.125 0.875 0.125 1 0.875 0.25 0.75 1 0.125 1 0.875 
Int: 10 | 0 0 1 0 1 1 0 1 0 1 1 1 1 1 0 1 1 1 0 1 0 1 1 0 1 1 0 1 1 
BDS: 13 | 1 1 0 1 1 1 0 1 1 0 1 1 0 1 0 1 1 1 1 1 0 1 1 1 1 1 0 1 1 

