18 30

10 15
9 16
9 15
8 15
8 13
7 17
7 16
7 14
6 17
6 14
6 13
5 16
5 13
5 12
4 17
4 14
4 11
3 16
3 14
3 11
2 15
2 12
2 10
1 17
1 12
1 11
1 9
0 13
0 10
0 8
----------

40543: 8 15, 7 14, 6 17, 5 13, 4 11, 3 16, 2 12, 1 9, 0 10
Frc: 9.16667 | 0.0833333 0.166667 0.833333 1 0.0833333 0.333333 0.666667 1 1 0.166667 0.833333 0.166667 1 0.833333 0.5 0.5 1 1 0.333333 0.666667 0.0833333 1 0.916667 0.166667 0.166667 0.666667 1 0.0833333 1 0.916667 
Int: 10 | 0 0 1 1 0 1 1 1 1 0 1 0 1 1 0 1 1 1 0 1 0 1 1 0 0 1 1 0 1 1 
BDS: 13 | 1 1 0 1 1 0 1 1 1 0 1 1 1 0 0 1 1 1 0 1 0 1 1 1 1 1 1 1 1 0 

