18 29

10 16
9 17
9 15
8 15
8 12
7 17
7 16
7 14
6 17
6 16
6 13
5 16
5 14
5 13
4 15
4 12
4 11
3 14
3 12
3 11
2 17
2 11
2 10
1 14
1 13
1 9
0 15
0 10
0 8
----------

36440: 8 12, 7 16, 6 17, 5 13, 4 15, 3 14, 2 11, 1 9, 0 10
Frc: 9.22222 | 0.111111 0.222222 0.777778 0.111111 1 0.666667 1 0.333333 1 0.333333 0.666667 0.555556 0.444444 1 1 0.888889 0.111111 1 0.111111 0.888889 0.111111 1 0.888889 0.222222 0.777778 1 0.111111 1 0.888889 
Int: 10 | 0 0 1 0 1 1 1 0 1 0 1 1 1 1 1 0 1 1 1 0 0 1 1 0 1 1 0 1 1 
BDS: 13 | 1 1 0 0 1 1 1 0 1 0 1 1 0 1 1 0 1 1 1 1 1 1 0 1 1 1 1 1 1 

