18 30

9 14
8 17
8 16
8 15
7 17
7 15
7 13
6 16
6 15
6 13
5 16
5 14
5 12
4 17
4 14
4 13
4 11
3 15
3 12
3 10
2 12
2 11
2 10
1 16
1 14
1 9
0 17
0 11
0 10
0 9
----------

41499: 8 15, 7 13, 6 16, 5 14, 4 11, 3 12, 2 10, 1 9, 0 17
Frc: 9.15385 | 0.153846 0.384615 0.615385 1 0.461538 0.538462 1 1 0.384615 0.615385 0.0769231 1 0.923077 0.153846 0.153846 0.692308 1 0.0769231 1 0.923077 0.0769231 0.923077 1 0.307692 0.692308 1 1 0.0769231 0.0769231 0.846154 
Int: 10 | 1 1 0 1 0 1 1 1 0 1 0 1 1 1 0 0 1 0 1 1 0 1 1 1 0 1 1 0 0 1 
BDS: 13 | 0 0 1 1 0 1 1 1 0 1 0 1 1 1 1 1 1 1 1 0 1 0 1 1 0 1 1 1 1 1 

