18 30

10 17
9 14
8 16
8 15
8 14
7 16
7 15
7 13
6 16
6 15
6 12
5 15
5 13
5 12
4 16
4 13
4 11
3 14
3 12
3 10
2 17
2 11
2 10
1 17
1 14
1 9
0 17
0 11
0 10
0 9
----------

53675: 8 16, 7 13, 6 15, 5 12, 4 11, 3 14, 2 10, 1 17, 0 9
Frc: 9.25 | 0.125 0.125 1 0.25 0.75 0.5 0.5 1 0.25 1 0.75 0.25 0.75 1 0.25 0.75 1 1 0.25 0.75 0.75 0.25 1 1 0.125 0.875 0.125 0.75 0.125 1 
Int: 10 | 0 0 1 0 1 0 1 1 1 1 1 0 1 1 0 1 1 1 0 1 1 0 1 1 0 1 0 1 0 1 
BDS: 13 | 0 1 1 0 1 0 1 1 0 1 1 0 1 1 1 1 1 1 1 1 1 0 1 1 1 0 1 1 0 1 

