18 30

10 16
9 16
9 15
8 16
8 15
7 17
7 15
7 14
6 17
6 14
6 13
5 15
5 14
5 13
4 17
4 14
4 11
3 13
3 11
3 10
2 17
2 12
2 11
2 10
1 16
1 12
1 9
0 13
0 12
0 8
----------

51132: 9 16, 7 14, 6 13, 5 15, 4 17, 3 11, 2 10, 1 12, 0 8
Frc: 9.25 | 0.125 1 0.125 0.75 0.25 0.375 0.625 1 0.5 0.5 1 1 0.375 0.625 1 0.125 0.875 0.125 1 0.875 0.125 0.75 0.125 1 0.125 1 0.875 0.75 0.25 1 
Int: 10 | 0 1 0 1 0 0 1 1 1 0 1 1 0 1 1 1 1 0 1 1 0 1 0 1 0 1 1 1 0 1 
BDS: 13 | 1 1 1 0 1 0 1 1 1 1 1 1 0 1 1 0 1 1 1 0 0 1 1 1 0 1 1 1 0 1 

