18 30

10 14
9 15
9 14
8 15
8 13
7 16
7 15
7 14
6 17
6 16
6 13
5 17
5 16
5 11
4 16
4 13
4 11
3 17
3 14
3 10
2 13
2 12
2 10
1 15
1 12
1 9
0 17
0 12
0 11
0 8
----------

50185: 9 14, 7 15, 6 16, 5 11, 4 13, 3 17, 2 10, 1 12, 0 8
Frc: 9.14286 | 0.047619 0.0952381 1 0.809524 0.190476 0.0952381 1 0.904762 0.380952 1 0.619048 0.47619 0.52381 1 0.380952 1 0.619048 1 0.047619 0.952381 0.190476 0.809524 1 0.0952381 1 0.904762 0.142857 0.190476 0.666667 1 
Int: 10 | 0 0 1 1 0 0 1 1 1 1 1 0 1 1 0 1 1 1 0 1 0 1 1 0 1 1 0 0 1 1 
BDS: 13 | 0 0 1 0 1 1 1 0 0 1 1 0 1 1 0 1 1 1 1 1 1 0 1 1 1 1 1 1 1 1 

