18 30

10 13
9 15
9 13
8 16
8 15
7 17
7 16
7 14
6 17
6 14
6 13
5 17
5 16
5 11
4 16
4 14
4 11
3 15
3 14
3 10
2 13
2 12
2 10
1 15
1 12
1 9
0 17
0 12
0 11
0 8
----------

50185: 9 13, 7 16, 6 17, 5 11, 4 14, 3 15, 2 10, 1 12, 0 8
Frc: 9.23529 | 0.0588235 0.0588235 1 0.117647 0.882353 0.352941 1 0.647059 1 0.176471 0.823529 0.470588 0.529412 1 0.352941 1 0.647059 1 0.176471 0.941176 0.117647 0.882353 1 0.0588235 1 0.941176 0.176471 0.117647 0.705882 1 
Int: 10 | 0 0 1 0 1 1 1 1 1 0 1 0 1 1 0 1 1 1 0 1 0 1 1 0 1 1 0 0 1 1 
BDS: 13 | 0 1 1 1 0 0 1 1 1 0 1 0 1 1 0 1 1 1 1 1 1 1 1 1 1 0 1 0 1 1 

