18 30

10 13
9 15
9 13
8 16
8 15
7 17
7 16
7 14
6 17
6 14
6 13
5 17
5 14
5 11
4 16
4 14
4 11
3 16
3 15
3 10
2 13
2 12
2 10
1 15
1 12
1 9
0 17
0 12
0 11
0 8
----------

50384: 9 13, 7 14, 6 17, 5 11, 4 16, 3 15, 2 10, 1 12, 0 8
Frc: 9.25 | 0.0625 0.0625 1 0.125 0.875 0.3125 0.6875 1 1 0.1875 0.8125 0.5 0.5 1 1 0.3125 0.6875 0.1875 1 0.9375 0.125 0.875 1 0.0625 1 0.9375 0.1875 0.125 0.6875 1 
Int: 10 | 0 0 1 0 1 0 1 1 1 0 1 1 1 1 1 0 1 0 1 1 0 1 1 0 1 1 0 0 1 1 
BDS: 13 | 0 1 1 1 0 0 1 1 1 0 1 0 1 1 1 0 1 1 1 1 1 1 1 1 1 0 1 0 1 1 

