18 30

10 15
9 16
9 15
8 16
8 15
7 17
7 14
7 13
6 16
6 14
6 13
5 16
5 13
5 12
4 17
4 14
4 11
3 13
3 11
3 10
2 17
2 12
2 11
2 10
1 17
1 14
1 9
0 15
0 12
0 8
----------

41700: 8 15, 7 14, 6 16, 5 13, 4 17, 3 11, 2 10, 1 9, 0 12
Frc: 9.23077 | 0.153846 0.230769 0.769231 0.0769231 1 0.461538 1 0.538462 1 0.692308 0.307692 0.692308 1 0.307692 1 0.153846 0.846154 0.153846 1 0.846154 0.153846 0.692308 0.153846 1 0.384615 0.615385 1 0.0769231 1 0.923077 
Int: 10 | 0 0 1 0 1 1 1 1 1 1 0 1 1 0 1 0 1 0 1 1 0 1 0 1 0 1 1 0 1 1 
BDS: 13 | 1 1 0 1 1 0 1 1 1 1 0 1 1 0 1 0 1 1 1 0 0 1 1 1 1 1 1 0 1 1 

