18 29

10 17
9 17
9 14
8 17
8 14
7 15
7 13
7 12
6 16
6 15
6 11
5 16
5 14
5 11
4 15
4 14
4 11
3 17
3 13
3 10
2 15
2 12
2 10
1 16
1 13
1 9
0 16
0 12
0 8
----------

35850: 8 17, 7 15, 6 16, 5 14, 4 11, 3 13, 2 10, 1 9, 0 12
Frc: 9.25 | 0.125 0.75 0.25 1 0.125 1 0.75 0.25 1 0.375 0.625 0.625 1 0.375 0.375 0.625 1 0.125 1 0.875 0.25 0.75 1 0.75 0.25 1 0.125 1 0.875 
Int: 10 | 0 1 0 1 0 1 1 0 1 0 1 1 1 0 1 1 1 0 1 1 0 1 1 1 0 1 0 1 1 
BDS: 13 | 1 0 1 1 1 1 1 1 1 1 1 1 1 0 0 1 1 1 1 0 0 1 1 1 0 1 1 1 0 

