18 29

10 15
9 17
9 16
8 15
8 14
7 17
7 13
7 12
6 17
6 14
6 11
5 16
5 14
5 11
4 16
4 12
4 11
3 17
3 13
3 10
2 15
2 12
2 10
1 15
1 14
1 9
0 16
0 13
0 8
----------

33280: 8 15, 7 17, 6 11, 5 14, 4 16, 3 10, 2 12, 1 9, 0 13
Frc: 9.25 | 0.125 0.25 0.75 1 0.125 1 0.375 0.625 0.375 0.625 1 0.625 1 0.375 1 0.375 0.625 0.375 0.625 1 0.125 1 0.875 0.75 0.25 1 0.125 1 0.875 
Int: 10 | 0 0 1 1 0 1 0 1 1 1 1 1 1 0 1 0 1 0 1 1 0 1 1 1 0 1 0 1 1 
BDS: 13 | 1 1 1 1 1 1 1 1 0 1 1 1 1 0 1 0 1 0 1 1 1 1 0 0 1 1 1 1 0 

