18 30

10 14
9 16
9 15
8 13
8 11
7 17
7 15
7 13
6 17
6 14
6 13
5 15
5 14
5 13
4 16
4 12
4 11
3 16
3 15
3 10
2 16
2 12
2 10
1 17
1 14
1 9
0 17
0 12
0 11
0 8
----------

43017: 8 11, 7 13, 6 14, 5 15, 4 12, 3 16, 2 10, 1 9, 0 17
Frc: 9.27273 | 0.0909091 0.818182 0.181818 0.181818 1 0.272727 0.727273 1 0.454545 1 0.545455 1 0.727273 0.272727 0.0909091 1 0.909091 1 0.0909091 0.909091 0.0909091 0.909091 1 0.272727 0.727273 1 1 0.0909091 0.0909091 0.818182 
Int: 10 | 0 1 0 0 1 0 1 1 1 1 1 1 1 0 0 1 1 1 0 1 0 1 1 0 1 1 1 0 0 1 
BDS: 13 | 1 0 1 0 1 0 1 1 0 1 1 1 1 0 1 1 1 1 1 0 0 1 1 1 1 1 1 1 0 1 

