18 29

10 17
9 17
9 15
8 17
8 11
7 16
7 15
7 13
6 16
6 14
6 13
5 15
5 14
5 13
4 17
4 14
4 12
3 16
3 12
3 10
2 15
2 11
2 10
1 16
1 14
1 9
0 12
0 11
0 8
----------

35975: 8 11, 7 13, 6 14, 5 15, 4 17, 3 16, 2 10, 1 9, 0 12
Frc: 9.25 | 0.125 0.75 0.25 0.125 1 0.375 0.625 1 0.375 1 0.625 1 0.625 0.375 1 0.125 0.875 1 0.125 0.875 0.125 0.875 1 0.25 0.75 1 1 0.125 0.875 
Int: 10 | 0 1 0 0 1 0 1 1 1 1 1 1 1 0 1 0 1 1 0 1 0 1 1 0 1 1 1 0 1 
BDS: 13 | 0 0 1 1 1 0 1 1 0 1 1 1 1 0 1 1 0 1 1 1 1 1 1 1 1 1 1 0 1 

