18 29

10 17
9 15
9 14
8 17
8 11
7 16
7 15
7 13
6 16
6 14
6 13
5 15
5 14
5 13
4 17
4 14
4 12
3 17
3 15
3 10
2 16
2 11
2 10
1 16
1 12
1 9
0 12
0 11
0 8
----------

36186: 8 17, 7 13, 6 16, 5 14, 4 12, 3 15, 2 10, 1 9, 0 11
Frc: 9.27273 | 0.0909091 0.272727 0.727273 1 0.181818 0.636364 0.363636 1 1 0.636364 0.363636 0.363636 1 0.636364 0.818182 0.181818 1 0.0909091 1 0.909091 0.181818 0.818182 1 0.181818 0.818182 1 0.181818 1 0.818182 
Int: 10 | 0 0 1 1 0 1 1 1 1 1 0 0 1 1 1 0 1 0 1 1 0 1 1 0 1 1 0 1 1 
BDS: 13 | 0 1 1 1 0 1 0 1 1 1 0 0 1 1 0 1 1 1 1 1 1 1 1 1 0 1 1 1 1 

