18 30

11 17
9 14
8 17
8 15
8 14
7 16
7 15
7 14
6 15
6 13
6 12
5 17
5 16
5 11
4 16
4 15
4 11
3 16
3 12
3 10
2 17
2 13
2 12
2 10
1 14
1 13
1 9
0 11
0 10
0 9
----------

50514: 8 17, 7 15, 6 12, 5 16, 4 11, 3 10, 2 13, 1 14, 0 9
Frc: 9.27273 | 0.0909091 0.181818 1 0.636364 0.363636 0.545455 1 0.454545 0.181818 0.818182 1 0.272727 1 0.727273 0.272727 0.727273 1 0.181818 0.818182 1 0.636364 1 0.181818 0.181818 1 0.181818 0.818182 0.181818 0.818182 1 
Int: 10 | 0 0 1 1 0 1 1 1 0 1 1 0 1 1 0 1 1 0 1 1 1 1 0 0 1 0 1 0 1 1 
BDS: 13 | 0 0 1 1 1 1 1 0 1 0 1 1 1 1 0 1 1 0 1 1 0 1 1 0 1 1 1 1 1 1 

