18 29

10 11
9 17
9 16
8 17
8 13
7 17
7 14
7 13
6 16
6 15
6 12
5 16
5 14
5 12
4 15
4 14
4 12
3 15
3 13
3 10
2 16
2 11
2 10
1 15
1 14
1 9
0 17
0 11
0 8
----------

35558: 8 13, 7 17, 6 12, 5 16, 4 14, 3 15, 2 10, 1 9, 0 11
Frc: 9.25 | 0.125 0.75 0.25 0.125 1 1 0.125 0.875 0.625 0.375 1 1 0.625 0.375 0.375 1 0.625 1 0.125 0.875 0.125 0.875 1 0.25 0.75 1 0.125 1 0.875 
Int: 10 | 0 1 0 0 1 1 0 1 1 0 1 1 1 0 1 1 1 1 0 1 0 1 1 0 1 1 0 1 1 
BDS: 13 | 0 0 1 0 1 1 1 0 1 0 1 1 1 0 0 1 1 1 1 1 1 1 1 1 1 1 1 1 1 

