18 29

9 16
8 16
8 15
8 14
7 17
7 15
7 13
6 17
6 14
6 12
5 17
5 13
5 11
4 15
4 13
4 11
3 16
3 12
3 10
2 15
2 12
2 10
1 16
1 14
1 9
0 17
0 11
0 10
0 9
----------

44394: 8 16, 7 13, 6 17, 5 11, 4 15, 3 10, 2 12, 1 14, 0 9
Frc: 9.09091 | 0.0909091 1 0.181818 0.818182 0.454545 0.545455 1 1 0.181818 0.818182 0.454545 0.545455 1 1 0.454545 0.545455 0.818182 0.181818 1 0.272727 1 0.727273 0.0909091 1 0.909091 0.0909091 0.636364 0.272727 1 
Int: 10 | 0 1 1 1 1 0 1 1 0 1 0 1 1 1 0 1 1 0 1 0 1 1 0 1 1 1 0 0 1 
BDS: 13 | 0 1 1 0 0 1 1 1 1 1 0 1 1 1 0 1 1 0 1 1 1 0 1 1 1 1 1 1 1 

