18 30

12 17
10 11
9 17
9 16
8 17
8 16
7 16
7 15
7 13
6 16
6 14
6 13
5 15
5 14
5 13
4 14
4 12
4 11
3 17
3 15
3 10
2 13
2 12
2 10
1 15
1 14
1 9
0 12
0 11
0 8
----------

41211: 8 17, 7 13, 6 16, 5 14, 4 12, 3 15, 2 10, 1 9, 0 11
Frc: 9.27273 | 0.0909091 0.0909091 0.818182 0.181818 1 0.0909091 0.727273 0.272727 1 1 0.727273 0.272727 0.454545 1 0.545455 0.0909091 1 0.909091 0.0909091 1 0.909091 0.181818 0.818182 1 0.272727 0.727273 1 0.0909091 1 0.909091 
Int: 10 | 0 0 1 0 1 0 1 0 1 1 1 0 1 1 1 0 1 1 0 1 1 0 1 1 0 1 1 0 1 1 
BDS: 13 | 1 1 0 1 1 1 1 0 1 1 1 0 0 1 1 0 1 1 0 1 1 1 0 1 1 1 1 0 1 1 

