18 29

10 11
9 17
9 16
8 17
8 16
7 17
7 15
7 14
6 17
6 15
6 12
5 15
5 14
5 12
4 16
4 13
4 11
3 14
3 13
3 10
2 16
2 11
2 10
1 15
1 13
1 9
0 14
0 12
0 8
----------

43627: 9 16, 7 15, 6 17, 5 12, 4 11, 3 14, 2 10, 1 13, 0 8
Frc: 9.22222 | 0.111111 0.111111 1 0.222222 0.777778 0.666667 1 0.333333 1 0.333333 0.666667 0.555556 0.444444 1 0.111111 0.888889 1 1 0.111111 0.888889 0.111111 0.888889 1 0.111111 1 0.888889 0.222222 0.777778 1 
Int: 10 | 0 0 1 0 1 1 1 0 1 0 1 1 1 1 0 1 1 1 0 1 0 1 1 0 1 1 0 1 1 
BDS: 13 | 0 1 1 1 0 1 1 0 1 0 1 1 0 1 0 1 1 1 1 1 1 1 1 1 1 0 1 1 1 

