18 30

9 16
8 16
8 15
8 14
7 16
7 14
7 12
6 15
6 13
6 12
5 17
5 15
5 11
4 17
4 15
4 13
4 11
3 17
3 14
3 13
3 10
2 14
2 12
2 10
1 17
1 16
1 9
0 11
0 10
0 9
----------

51469: 8 14, 7 16, 6 13, 5 11, 4 15, 3 10, 2 12, 1 17, 0 9
Frc: 9.16667 | 0.166667 0.666667 0.333333 1 1 0.333333 0.666667 0.333333 1 0.666667 0.666667 0.333333 1 0.166667 1 0.333333 0.5 0.166667 0.166667 0.666667 1 0.5 1 0.5 1 0.166667 0.833333 0.5 0.5 1 
Int: 10 | 0 1 1 1 1 0 1 0 1 1 1 0 1 0 1 0 1 0 0 1 1 1 1 0 1 0 1 0 1 1 
BDS: 13 | 1 1 0 1 1 0 1 1 1 1 1 0 1 1 1 0 0 1 0 1 1 1 1 1 1 1 0 1 0 1 

