18 30

10 17
9 16
8 15
8 14
8 13
7 15
7 14
7 12
6 14
6 13
6 12
5 16
5 15
5 11
4 15
4 13
4 11
3 17
3 14
3 10
2 16
2 12
2 10
1 17
1 16
1 9
0 17
0 11
0 10
0 9
----------

51465: 8 13, 7 14, 6 12, 5 15, 4 11, 3 10, 2 16, 1 17, 0 9
Frc: 9.25 | 0.125 0.125 0.5 0.5 1 0.25 1 0.75 0.25 0.75 1 0.75 1 0.25 0.25 0.75 1 0.75 0.25 1 1 0.25 0.75 1 0.125 0.875 0.125 0.75 0.125 1 
Int: 10 | 1 0 1 0 1 1 1 0 0 1 1 1 1 0 0 1 1 0 1 1 1 1 0 1 0 1 0 1 0 1 
BDS: 13 | 0 1 0 1 1 0 1 1 0 1 1 1 1 1 1 1 1 1 0 1 1 1 1 1 1 0 1 0 0 1 

