18 28

9 16
9 15
8 14
8 12
7 17
7 16
7 14
6 16
6 15
6 14
5 17
5 15
5 13
4 17
4 16
4 12
3 17
3 13
3 10
2 13
2 11
2 10
1 12
1 11
1 9
0 11
0 10
0 8
----------

39528: 9 15, 7 16, 6 14, 5 13, 4 12, 3 17, 2 10, 1 11, 0 8
Frc: 9.16667 | 0.166667 1 0.166667 0.833333 0.166667 1 0.833333 0.166667 0.833333 1 0.5 0.5 1 0.333333 0.666667 1 1 0.5 0.5 0.5 0.5 1 0.166667 1 0.833333 0.5 0.5 1 
Int: 10 | 0 1 0 1 0 1 1 0 1 1 0 1 1 1 1 1 1 0 1 1 0 1 0 1 1 1 0 1 
BDS: 13 | 1 1 1 1 0 1 1 0 1 1 1 1 1 1 0 1 1 0 1 1 1 1 0 1 1 1 0 1 

