18 31

9 13
8 16
8 15
8 14
7 16
7 14
7 12
6 17
6 16
6 14
6 12
5 17
5 15
5 11
4 16
4 15
4 11
3 17
3 15
3 13
3 10
2 13
2 12
2 10
1 17
1 14
1 13
1 9
0 11
0 10
0 9
----------

51016: 8 16, 7 14, 6 12, 5 15, 4 11, 3 17, 2 13, 1 9, 0 10
Frc: 9.25 | 0.25 1 0.5 0.5 0.5 1 0.5 0.5 0.25 0.25 1 0.25 1 0.75 0.75 0.25 1 1 0.25 0.25 0.5 1 0.5 0.5 0.25 0.25 0.5 1 0.25 1 0.75 
Int: 10 | 1 1 1 0 1 1 0 0 0 1 1 1 1 0 0 1 1 1 0 0 1 1 1 0 1 0 0 1 1 1 0 
BDS: 13 | 0 1 1 1 1 1 1 1 0 0 1 0 1 1 1 0 1 1 1 0 0 1 0 1 1 0 1 1 1 1 1 

