18 30

12 17
9 17
9 14
8 17
8 15
7 16
7 15
7 13
6 16
6 13
6 12
5 15
5 13
5 12
4 15
4 14
4 11
3 16
3 14
3 10
2 16
2 12
2 10
1 14
1 11
1 9
0 17
0 11
0 10
0 8
----------

51579: 9 17, 7 13, 6 12, 5 15, 4 14, 3 16, 2 10, 1 11, 0 8
Frc: 9.25 | 0.125 1 0.125 0.75 0.25 0.375 0.625 1 0.375 0.625 1 1 0.375 0.625 0.125 1 0.875 1 0.75 0.25 0.25 0.75 1 0.125 1 0.875 0.125 0.125 0.75 1 
Int: 10 | 0 1 0 1 0 0 1 1 1 1 1 1 0 1 0 1 1 1 1 0 0 1 1 0 1 1 0 0 1 1 
BDS: 13 | 1 1 1 0 1 0 1 1 0 1 1 1 0 1 1 1 0 1 1 0 1 1 1 0 1 1 0 1 1 1 

