18 29

9 16
9 14
8 16
8 12
7 16
7 15
7 14
6 17
6 15
6 13
5 17
5 14
5 12
4 15
4 12
4 11
3 17
3 13
3 10
2 15
2 13
2 10
1 16
1 11
1 9
0 17
0 11
0 10
0 8
----------

43615: 9 14, 7 16, 6 13, 5 17, 4 12, 3 10, 2 15, 1 11, 0 8
Frc: 9.09091 | 0.0909091 1 0.818182 0.181818 1 0.181818 0.818182 0.454545 0.545455 1 1 0.181818 0.818182 0.272727 1 0.727273 0.454545 0.545455 1 1 0.454545 0.545455 0.0909091 1 0.909091 0.0909091 0.272727 0.636364 1 
Int: 10 | 0 1 1 0 1 0 1 0 1 1 1 0 1 0 1 1 1 1 1 1 0 1 0 1 1 0 0 1 1 
BDS: 13 | 0 1 0 1 1 1 0 0 1 1 1 1 1 1 1 0 0 1 1 1 0 1 1 1 1 1 1 1 1 

