18 29

9 12
8 17
8 16
8 15
7 16
7 14
7 13
6 17
6 13
6 12
5 17
5 16
5 11
4 16
4 15
4 11
3 15
3 14
3 10
2 15
2 12
2 10
1 14
1 13
1 9
0 17
0 11
0 10
0 9
----------

44843: 8 16, 7 14, 6 17, 5 11, 4 15, 3 10, 2 12, 1 13, 0 9
Frc: 9.125 | 0.125 0.375 1 0.625 0.125 1 0.875 1 0.125 0.875 0.5 0.5 1 0.375 1 0.625 0.125 0.875 1 0.25 1 0.75 0.125 1 0.875 0.125 0.625 0.25 1 
Int: 10 | 0 0 1 1 0 1 1 1 0 1 1 1 1 0 1 1 0 1 1 0 1 1 0 1 1 0 1 0 1 
BDS: 13 | 1 0 1 1 1 1 0 1 1 1 0 1 1 0 1 1 0 1 1 1 1 0 1 1 0 1 1 1 1 

