18 28

9 12
8 17
8 16
8 14
7 17
7 15
7 13
6 16
6 13
6 12
5 17
5 14
5 11
4 16
4 14
4 11
3 16
3 15
3 10
2 13
2 12
2 10
1 17
1 15
1 9
0 11
0 10
0 9
----------

29146: 8 17, 7 15, 6 13, 5 14, 4 16, 3 10, 2 12, 1 9, 0 11
Frc: 9.16667 | 0.166667 1 0.5 0.5 0.166667 1 0.833333 0.166667 1 0.833333 0.5 1 0.5 1 0.5 0.5 0.666667 0.333333 1 0.166667 1 0.833333 0.333333 0.666667 1 1 0.166667 0.833333 
Int: 10 | 0 1 1 0 0 1 1 0 1 1 1 1 1 1 1 0 1 0 1 0 1 1 0 1 1 1 0 1 
BDS: 13 | 1 1 1 0 0 1 1 1 1 0 1 1 0 1 1 1 1 1 1 1 1 0 1 0 1 1 1 1 

