18 29

9 13
9 12
8 14
8 13
7 17
7 16
7 15
6 17
6 14
6 12
5 15
5 13
5 12
4 15
4 14
4 11
3 17
3 16
3 10
2 16
2 15
2 10
1 16
1 11
1 9
0 17
0 11
0 10
0 8
----------

43841: 9 12, 7 16, 6 17, 5 13, 4 14, 3 10, 2 15, 1 11, 0 8
Frc: 9.125 | 0.125 1 0.125 0.875 0.375 1 0.625 1 0.875 0.125 0.125 1 0.875 0.25 1 0.75 0.5 0.5 1 0.375 1 0.625 0.125 1 0.875 0.125 0.25 0.625 1 
Int: 10 | 1 1 1 0 0 1 1 1 0 1 1 1 0 0 1 1 0 1 1 0 1 1 1 1 0 1 0 0 1 
BDS: 13 | 1 1 1 0 0 1 1 1 1 1 1 1 0 1 1 0 0 1 1 0 1 1 0 1 1 1 1 1 1 

