18 30

10 17
9 17
9 15
9 12
8 14
8 12
7 17
7 16
7 14
6 16
6 15
6 13
5 17
5 14
5 13
4 16
4 14
4 11
3 16
3 15
3 10
2 15
2 13
2 10
1 12
1 11
1 9
0 11
0 10
0 8
----------

40514: 8 12, 7 17, 6 13, 5 14, 4 16, 3 15, 2 10, 1 9, 0 11
Frc: 9.25 | 0.125 0.625 0.25 0.125 0.125 1 1 0.25 0.75 0.5 0.5 1 0.25 1 0.75 1 0.125 0.875 0.25 1 0.75 0.25 0.75 1 0.875 0.125 1 1 0.125 0.875 
Int: 10 | 0 1 0 0 0 1 1 0 1 1 1 0 0 1 1 1 0 1 0 1 1 0 1 1 1 0 1 1 0 1 
BDS: 13 | 1 0 1 0 1 1 1 0 1 1 1 1 0 1 1 1 0 1 0 1 1 0 1 1 1 1 1 1 1 0 

