18 30

10 17
9 17
9 12
8 15
8 12
7 17
7 16
7 15
6 17
6 15
6 13
5 16
5 14
5 13
4 16
4 15
4 11
3 16
3 14
3 10
2 14
2 13
2 10
1 14
1 12
1 11
1 9
0 11
0 10
0 8
----------

40495: 8 12, 7 17, 6 15, 5 13, 4 16, 3 14, 2 10, 1 9, 0 11
Frc: 9.25 | 0.125 0.625 0.375 0.125 1 1 0.25 0.75 0.25 1 0.75 0.5 0.5 1 1 0.125 0.875 0.25 1 0.75 0.25 0.75 1 0.25 0.625 0.125 1 1 0.125 0.875 
Int: 10 | 0 1 0 0 1 1 0 1 0 1 1 1 0 1 1 0 1 0 1 1 0 1 1 1 1 0 1 1 0 1 
BDS: 13 | 1 1 0 1 1 1 0 1 0 1 1 1 1 1 1 0 1 0 1 1 0 1 1 0 1 1 1 1 1 0 

