18 30

13 17
9 15
9 13
8 17
8 15
7 16
7 14
7 13
6 16
6 14
6 12
5 16
5 13
5 12
4 17
4 16
4 11
3 17
3 15
3 10
2 15
2 11
2 10
1 14
1 12
1 9
0 14
0 11
0 10
0 8
----------

41495: 8 17, 7 16, 6 12, 5 13, 4 11, 3 15, 2 10, 1 9, 0 14
Frc: 9.23077 | 0.0769231 0.769231 0.230769 1 0.153846 1 0.307692 0.692308 0.538462 0.461538 1 0.307692 1 0.692308 0.846154 0.153846 1 0.0769231 1 0.923077 0.0769231 0.923077 1 0.230769 0.769231 1 1 0.0769231 0.0769231 0.846154 
Int: 10 | 0 1 0 1 0 1 1 1 1 0 1 0 1 1 1 0 1 0 1 1 0 1 1 0 1 1 1 0 0 1 
BDS: 13 | 1 0 1 1 0 1 0 1 1 0 1 0 1 1 0 1 1 1 1 0 1 1 1 1 1 1 1 0 1 1 

