18 30

11 17
9 14
9 13
8 16
8 12
7 16
7 15
7 14
6 16
6 15
6 13
5 16
5 14
5 13
4 17
4 12
4 11
3 17
3 14
3 12
3 10
2 17
2 11
2 10
1 15
1 11
1 9
0 15
0 10
0 8
----------

42111: 8 12, 7 16, 6 15, 5 13, 4 17, 3 14, 2 11, 1 9, 0 10
Frc: 9.22222 | 0.111111 0.222222 0.777778 0.111111 1 1 0.666667 0.333333 0.333333 1 0.666667 0.555556 0.444444 1 1 0.888889 0.111111 0.111111 1 0.111111 0.777778 0.777778 1 0.222222 0.222222 0.777778 1 0.111111 1 0.888889 
Int: 10 | 0 0 1 0 1 1 1 0 0 1 1 1 1 1 1 1 0 0 1 0 1 1 1 0 0 1 1 0 1 1 
BDS: 13 | 0 1 1 1 1 1 1 0 0 1 1 1 0 1 1 1 1 1 1 0 1 0 1 1 1 0 1 1 1 0 

