18 28

9 17
9 16
8 16
8 14
7 17
7 15
7 14
6 17
6 15
6 14
5 17
5 13
5 11
4 13
4 12
4 11
3 16
3 12
3 10
2 13
2 12
2 10
1 16
1 15
1 9
0 11
0 10
0 8
----------

36883: 9 17, 7 14, 6 15, 5 11, 4 12, 3 10, 2 13, 1 16, 0 8
Frc: 9.25 | 1 0.25 0.25 0.75 0.25 0.75 1 0.75 1 0.25 0.5 0.5 1 0.5 1 0.5 0.5 0.5 1 1 0.5 0.5 1 0.25 0.75 0.5 0.5 1 
Int: 10 | 1 0 0 1 0 1 1 1 1 0 0 1 1 0 1 1 1 1 1 1 0 1 1 0 1 0 1 1 
BDS: 13 | 1 0 1 1 1 0 1 0 1 1 1 1 1 1 1 0 0 1 1 1 0 1 1 1 1 1 1 1 

36901: 9 17, 7 15, 6 14, 5 11, 4 12, 3 10, 2 13, 1 16, 0 8
Frc: 9.25 | 1 0.25 0.25 0.75 0.75 1 0.25 0.25 0.75 1 0.5 0.5 1 0.5 1 0.5 0.5 0.5 1 1 0.5 0.5 1 0.25 0.75 0.5 0.5 1 
Int: 10 | 1 0 0 1 1 1 0 0 1 1 0 1 1 0 1 1 1 1 1 1 0 1 1 0 1 1 0 1 
BDS: 13 | 1 0 1 1 0 1 1 1 0 1 1 1 1 1 1 0 0 1 1 1 0 1 1 1 1 1 1 1 

