18 28

9 17
9 16
8 17
8 15
7 15
7 14
7 12
6 14
6 13
6 12
5 17
5 16
5 11
4 17
4 15
4 11
3 16
3 14
3 10
2 13
2 12
2 10
1 16
1 13
1 9
0 11
0 10
0 8
----------

31781: 8 15, 7 12, 6 14, 5 17, 4 11, 3 16, 2 13, 1 9, 0 10
Frc: 9.16667 | 0.666667 0.333333 0.166667 1 0.5 0.5 1 1 0.5 0.5 1 0.166667 0.833333 0.166667 0.833333 1 1 0.5 0.5 1 0.5 0.5 0.5 0.5 1 0.166667 1 0.833333 
Int: 10 | 1 0 0 1 1 0 1 1 1 0 1 0 1 0 1 1 1 1 1 1 1 0 1 0 1 0 1 1 
BDS: 13 | 1 0 1 1 1 1 1 1 1 0 1 1 1 0 1 1 1 0 1 1 1 1 1 0 1 0 1 1 

