18 30

9 15
9 12
8 17
8 12
8 11
7 16
7 15
7 14
6 16
6 15
6 14
5 16
5 15
5 13
4 17
4 13
4 12
3 17
3 16
3 10
2 17
2 14
2 13
2 10
1 14
1 11
1 9
0 11
0 10
0 8
----------

51123: 9 12, 7 14, 6 15, 5 16, 4 17, 3 10, 2 13, 1 11, 0 8
Frc: 9.25 | 0.25 1 0.25 0.25 0.5 0.5 0.5 1 0.5 1 0.5 1 0.25 0.75 1 0.25 0.75 0.5 0.5 1 0.25 0.25 1 0.5 0.25 1 0.75 0.5 0.5 1 
Int: 10 | 1 1 0 0 1 1 0 1 0 1 1 1 0 1 1 0 1 0 1 1 1 0 1 0 1 1 0 0 1 1 
BDS: 13 | 1 1 0 1 1 1 0 1 0 1 1 1 1 1 1 0 1 0 1 1 1 0 1 1 1 1 0 0 1 1 

51137: 9 12, 7 15, 6 14, 5 16, 4 17, 3 10, 2 13, 1 11, 0 8
Frc: 9.25 | 0.25 1 0.25 0.25 0.5 0.5 1 0.5 0.5 0.5 1 1 0.25 0.75 1 0.25 0.75 0.5 0.5 1 0.25 0.25 1 0.5 0.25 1 0.75 0.5 0.5 1 
Int: 10 | 1 1 0 0 1 0 1 1 0 1 1 1 0 1 1 0 1 0 1 1 1 0 1 0 1 1 0 0 1 1 
BDS: 13 | 1 1 0 1 1 0 1 1 1 0 1 1 1 1 1 0 1 0 1 1 1 0 1 1 1 1 0 0 1 1 

