18 30

13 17
9 15
9 13
8 15
8 13
7 16
7 15
7 14
6 16
6 15
6 12
5 16
5 14
5 12
4 17
4 13
4 10
3 17
3 11
3 10
2 17
2 14
2 11
2 10
1 14
1 12
1 9
0 16
0 11
0 8
----------

40796: 8 13, 7 16, 6 15, 5 12, 4 17, 3 10, 2 14, 1 9, 0 11
Frc: 9.22222 | 0.111111 0.222222 0.777778 0.111111 1 1 0.666667 0.333333 0.333333 1 0.666667 0.555556 0.444444 1 1 0.111111 0.888889 0.111111 0.888889 1 0.777778 1 0.111111 0.111111 0.222222 0.777778 1 0.111111 1 0.888889 
Int: 10 | 0 0 1 0 1 1 1 1 0 1 1 1 0 1 1 0 1 0 1 1 1 1 0 0 0 1 1 0 1 1 
BDS: 13 | 0 1 0 1 1 1 1 0 0 1 1 1 0 1 1 1 1 0 1 1 1 1 1 0 1 1 1 1 1 0 

