18 30

9 17
9 16
8 17
8 12
7 16
7 15
7 14
6 16
6 15
6 14
5 16
5 15
5 13
4 17
4 14
4 12
4 10
3 15
3 11
3 10
2 12
2 11
2 10
1 14
1 13
1 9
0 17
0 13
0 11
0 8
----------

51464: 9 17, 7 14, 6 16, 5 15, 4 12, 3 10, 2 11, 1 13, 0 8
Frc: 9.25 | 1 0.25 0.5 0.5 0.5 0.5 1 1 0.5 0.5 0.25 1 0.75 0.25 0.25 1 0.5 0.5 0.5 1 0.5 1 0.5 0.25 1 0.75 0.25 0.25 0.5 1 
Int: 10 | 1 0 1 0 1 0 1 1 1 0 0 1 1 0 1 1 1 0 1 1 1 1 0 0 1 1 0 0 1 1 
BDS: 13 | 1 1 0 1 0 1 1 1 1 0 0 1 1 1 1 1 1 0 1 1 0 1 1 0 1 1 0 1 1 1 

51481: 9 17, 7 16, 6 14, 5 15, 4 12, 3 10, 2 11, 1 13, 0 8
Frc: 9.25 | 1 0.25 0.5 0.5 1 0.5 0.5 0.5 0.5 1 0.25 1 0.75 0.25 0.25 1 0.5 0.5 0.5 1 0.5 1 0.5 0.25 1 0.75 0.25 0.25 0.5 1 
Int: 10 | 1 1 0 1 1 1 0 1 0 1 0 1 1 1 0 1 0 1 0 1 0 1 1 1 1 0 0 0 1 1 
BDS: 13 | 1 1 0 1 1 1 0 0 1 1 0 1 1 1 1 1 1 0 1 1 0 1 1 0 1 1 0 1 1 1 

