18 30

9 17
8 16
8 15
8 14
7 16
7 15
7 13
6 16
6 14
6 13
5 17
5 15
5 11
4 16
4 14
4 10
3 15
3 11
3 10
2 17
2 12
2 11
2 10
1 17
1 12
1 9
0 14
0 13
0 12
0 9
----------

52652: 8 16, 7 15, 6 13, 5 11, 4 14, 3 10, 2 17, 1 12, 0 9
Frc: 9.27273 | 0.0909091 1 0.636364 0.363636 0.363636 1 0.636364 0.545455 0.454545 1 0.818182 0.181818 1 0.0909091 1 0.909091 0.181818 0.818182 1 1 0.909091 0.181818 0.0909091 0.0909091 1 0.909091 0.181818 0.727273 0.0909091 1 
Int: 10 | 0 1 1 1 0 1 1 1 0 1 1 0 1 0 1 1 0 1 1 1 1 0 0 0 1 1 0 1 0 1 
BDS: 13 | 1 1 1 0 0 1 1 1 0 1 1 0 1 0 1 1 1 1 1 1 0 0 1 1 1 0 1 1 1 1 

