18 30

13 17
9 15
8 17
8 16
8 15
7 16
7 15
7 13
6 16
6 14
6 13
5 17
5 16
5 11
4 15
4 13
4 10
3 12
3 11
3 10
2 14
2 12
2 11
2 10
1 17
1 14
1 9
0 14
0 12
0 9
----------

50011: 8 17, 7 15, 6 13, 5 16, 4 10, 3 11, 2 12, 1 14, 0 9
Frc: 9.25 | 0.125 0.125 1 0.25 0.75 0.5 1 0.5 0.25 0.75 1 0.75 1 0.25 0.625 0.375 1 0.125 1 0.875 0.125 1 0.75 0.125 0.125 1 0.875 0.125 0.875 1 
Int: 10 | 0 1 1 0 1 1 1 0 0 1 1 0 1 1 0 1 1 1 1 0 0 1 0 1 1 1 0 0 1 1 
BDS: 13 | 0 1 1 0 1 1 1 0 0 1 1 1 1 1 1 1 1 1 1 0 1 1 0 1 1 1 0 0 1 1 

