18 28

9 16
8 17
8 15
8 14
7 17
7 15
7 13
6 15
6 14
6 13
5 16
5 14
5 11
4 17
4 12
4 10
3 16
3 11
3 10
2 12
2 11
2 10
1 17
1 16
1 9
0 13
0 12
0 9
----------

27838: 8 17, 7 15, 6 14, 5 11, 4 10, 3 16, 2 12, 1 9, 0 13
Frc: 9.16667 | 0.166667 1 0.5 0.5 0.5 1 0.5 0.5 1 0.5 0.166667 0.833333 1 0.166667 0.833333 1 1 0.166667 0.833333 1 0.833333 0.166667 0.333333 0.666667 1 1 0.166667 0.833333 
Int: 10 | 0 1 0 1 1 1 0 1 1 1 0 1 1 0 1 1 1 0 1 1 1 0 0 1 1 1 0 1 
BDS: 13 | 0 1 0 1 1 1 0 1 1 1 1 1 1 1 0 1 1 0 1 1 1 1 1 0 1 1 1 1 

37143: 8 15, 7 13, 6 14, 5 16, 4 10, 3 11, 2 12, 1 17, 0 9
Frc: 9.25 | 0.25 0.5 1 0.5 0.5 0.5 1 0.5 1 0.5 1 0.5 0.5 0.5 0.5 1 0.5 1 0.5 1 0.5 0.5 1 0.25 0.75 0.5 0.5 1 
Int: 10 | 0 1 1 0 0 1 1 0 1 1 1 1 0 1 0 1 1 1 1 1 1 0 1 0 1 0 1 1 
BDS: 13 | 1 1 1 0 1 0 1 1 1 1 1 1 1 0 1 1 0 1 1 1 0 1 1 1 0 1 1 1 

40441: 8 15, 7 13, 6 14, 5 11, 4 12, 3 16, 2 10, 1 17, 0 9
Frc: 9.25 | 0.25 0.5 1 0.5 0.5 0.5 1 0.5 1 0.5 0.5 0.5 1 0.5 1 0.5 1 0.5 0.5 0.5 0.5 1 1 0.25 0.75 0.5 0.5 1 
Int: 10 | 0 1 1 0 0 1 1 0 1 1 1 1 1 0 1 1 1 0 1 0 1 1 1 0 1 0 1 1 
BDS: 13 | 1 1 1 0 1 0 1 1 1 1 1 1 1 0 1 1 1 0 1 1 1 1 1 1 0 1 0 1 

