18 29

9 15
8 17
8 16
8 15
7 16
7 15
7 14
6 16
6 14
6 13
5 17
5 14
5 13
5 11
4 13
4 12
4 10
3 17
3 11
3 10
2 12
2 11
2 10
1 17
1 16
1 9
0 15
0 12
0 9
----------

36687: 8 16, 7 15, 6 14, 5 11, 4 13, 3 17, 2 10, 1 9, 0 12
Frc: 9.07143 | 0.0714286 0.142857 1 0.857143 0.142857 1 0.857143 0.214286 1 0.785714 0.5 0.285714 0.214286 1 1 0.5 0.5 1 0.5 0.5 0.5 0.5 1 0.357143 0.642857 1 0.0714286 1 0.928571 
Int: 10 | 0 0 1 1 0 1 1 0 1 1 1 0 0 1 1 0 1 1 0 1 1 1 1 0 1 1 0 1 1 
BDS: 13 | 1 0 1 1 0 1 1 1 1 1 1 1 0 1 1 1 0 1 0 1 1 1 1 1 0 1 1 1 0 

