18 31

9 17
8 16
8 15
8 14
7 16
7 15
7 13
6 15
6 14
6 13
5 17
5 14
5 11
4 17
4 15
4 12
4 10
3 14
3 13
3 11
3 10
2 17
2 12
2 11
2 10
1 16
1 13
1 9
0 16
0 12
0 9
----------

64425: 8 16, 7 15, 6 14, 5 17, 4 12, 3 11, 2 10, 1 13, 0 9
Frc: 9.16667 | 0.166667 1 0.333333 0.666667 0.666667 1 0.333333 0.5 1 0.5 1 0.416667 0.583333 0.416667 0.166667 1 0.416667 0.25 0.166667 1 0.583333 0.416667 0.166667 0.416667 1 0.166667 1 0.833333 0.166667 0.833333 1 
Int: 10 | 0 1 0 1 1 1 0 1 1 1 1 0 1 0 0 1 1 1 0 1 0 1 0 0 1 0 1 1 0 1 1 
BDS: 13 | 1 1 0 1 1 1 0 1 1 0 1 0 1 1 0 1 0 1 1 1 1 0 1 1 1 0 1 1 1 0 1 

