18 28

9 17
9 15
8 17
8 16
7 17
7 16
7 13
6 17
6 15
6 13
5 16
5 14
5 11
4 15
4 14
4 10
3 14
3 11
3 10
2 12
2 11
2 10
1 16
1 12
1 9
0 13
0 12
0 8
----------

37545: 9 15, 7 17, 6 13, 5 11, 4 14, 3 10, 2 12, 1 16, 0 8
Frc: 9.16667 | 0.166667 1 0.666667 0.333333 1 0.166667 0.833333 0.166667 0.833333 1 0.5 0.5 1 0.5 1 0.5 0.5 0.5 1 1 0.5 0.5 1 0.166667 0.833333 0.166667 0.833333 1 
Int: 10 | 1 1 0 1 1 1 0 1 0 1 0 1 1 1 1 0 0 1 1 1 0 1 1 1 0 1 0 1 
BDS: 13 | 1 1 0 1 1 0 1 0 1 1 1 1 1 1 1 1 0 1 1 1 1 0 1 0 1 1 1 1 

