18 28

9 17
9 15
8 15
8 14
7 17
7 16
7 15
6 17
6 16
6 13
5 17
5 12
5 11
4 16
4 12
4 10
3 13
3 11
3 10
2 12
2 11
2 10
1 16
1 14
1 9
0 14
0 13
0 8
----------

39019: 9 15, 7 17, 6 13, 5 12, 4 16, 3 11, 2 10, 1 14, 0 8
Frc: 9.16667 | 0.166667 1 0.166667 0.833333 1 0.166667 0.833333 0.333333 0.666667 1 0.5 1 0.5 1 0.5 0.5 0.5 1 0.5 0.5 0.5 1 0.166667 1 0.833333 0.166667 0.833333 1 
Int: 10 | 1 1 1 0 1 1 0 1 0 1 0 1 1 1 0 1 1 1 0 1 0 1 1 1 0 1 0 1 
BDS: 13 | 1 1 1 1 1 1 0 0 1 1 1 1 1 1 1 0 1 1 1 1 0 1 1 1 0 0 1 1 

