18 28

9 16
9 13
8 17
8 16
7 17
7 15
7 14
6 16
6 14
6 12
5 17
5 16
5 11
4 17
4 15
4 10
3 15
3 11
3 10
2 12
2 11
2 10
1 14
1 13
1 9
0 13
0 12
0 8
----------

29689: 8 16, 7 15, 6 14, 5 11, 4 17, 3 10, 2 12, 1 9, 0 13
Frc: 9.16667 | 0.166667 0.833333 0.166667 1 0.5 1 0.5 0.166667 1 0.833333 0.333333 0.666667 1 1 0.5 0.5 0.5 0.5 1 1 0.5 0.5 0.833333 0.166667 1 1 0.166667 0.833333 
Int: 10 | 0 1 0 1 0 1 1 0 1 1 1 1 1 1 0 1 1 0 1 1 1 0 1 0 1 1 0 1 
BDS: 13 | 1 1 1 1 1 1 1 0 1 1 1 0 1 1 0 1 1 1 1 1 1 0 1 0 1 1 1 0 

