18 30

9 16
8 17
8 15
8 14
7 17
7 16
7 13
6 16
6 15
6 12
5 17
5 14
5 13
5 11
4 17
4 14
4 12
4 10
3 16
3 11
3 10
2 14
2 11
2 10
1 15
1 13
1 9
0 15
0 12
0 9
----------

43735: 8 17, 7 13, 6 16, 5 14, 4 12, 3 11, 2 10, 1 9, 0 15
Frc: 9.125 | 0.125 1 0.75 0.25 0.375 0.625 1 1 0.125 0.875 0.375 1 0.125 0.5 0.25 0.25 1 0.5 0.5 1 0.5 0.5 0.5 1 0.125 0.875 1 1 0.125 0.875 
Int: 10 | 1 1 0 1 1 0 1 1 1 0 0 1 0 1 0 0 1 1 1 1 0 1 0 1 0 1 1 1 1 0 
BDS: 13 | 1 1 0 1 1 0 1 1 0 1 1 1 0 1 1 0 1 0 1 1 1 1 0 1 1 1 1 1 1 0 

