18 30

11 17
9 17
9 15
8 17
8 16
7 16
7 15
7 14
6 16
6 15
6 12
5 14
5 13
5 11
4 16
4 12
4 10
3 14
3 11
3 10
2 12
2 11
2 10
1 15
1 13
1 9
0 17
0 14
0 13
0 8
----------

50214: 9 17, 7 16, 6 15, 5 14, 4 12, 3 10, 2 11, 1 13, 0 8
Frc: 9.27273 | 0.0909091 1 0.181818 0.454545 0.545455 1 0.636364 0.363636 0.0909091 1 0.909091 1 0.727273 0.272727 0.363636 1 0.636364 0.363636 0.636364 1 0.636364 1 0.363636 0.181818 1 0.818182 0.454545 0.272727 0.272727 1 
Int: 10 | 1 1 0 0 1 1 1 0 0 1 1 1 1 0 0 1 1 1 0 1 1 1 0 0 1 1 1 0 0 1 
BDS: 13 | 0 1 1 0 1 1 1 0 0 1 1 1 1 0 1 1 0 1 1 1 1 1 1 1 1 0 1 0 1 1 

