18 30

9 17
9 16
8 16
8 15
7 16
7 14
7 12
6 15
6 14
6 12
5 15
5 14
5 11
4 17
4 14
4 13
4 10
3 17
3 15
3 11
3 10
2 12
2 11
2 10
1 17
1 13
1 9
0 16
0 13
0 8
----------

48294: 9 16, 7 14, 6 12, 5 15, 4 10, 3 17, 2 11, 1 13, 0 8
Frc: 9.22222 | 0.222222 1 0.222222 0.777778 0.444444 1 0.555556 0.555556 0.444444 1 1 0.444444 0.555556 0.555556 0.111111 0.333333 1 1 0.111111 0.444444 0.444444 0.444444 1 0.555556 0.222222 1 0.777778 0.333333 0.666667 1 
Int: 10 | 0 1 0 1 1 1 0 0 1 1 1 0 1 1 0 0 1 1 1 0 0 1 1 1 0 1 1 0 1 1 
BDS: 13 | 1 1 0 1 1 1 0 1 1 1 1 0 1 1 0 0 1 1 1 0 0 1 1 1 1 1 0 1 1 1 

