18 28

9 16
8 15
8 14
8 13
7 17
7 16
7 12
6 17
6 15
6 12
5 16
5 14
5 11
4 14
4 13
4 10
3 13
3 11
3 10
2 12
2 11
2 10
1 17
1 16
1 9
0 17
0 15
0 9
----------

37132: 8 14, 7 12, 6 15, 5 16, 4 10, 3 13, 2 11, 1 17, 0 9
Frc: 9.21429 | 0.214286 0.5 1 0.5 0.428571 0.571429 1 0.357143 1 0.642857 1 0.5 0.5 0.5 0.5 1 1 0.5 0.5 0.5 1 0.5 1 0.214286 0.785714 0.214286 0.785714 1 
Int: 11 | 0 0 1 1 1 1 0 0 1 1 1 1 0 0 1 1 1 1 1 1 1 0 1 0 1 0 1 1 
BDS: 13 | 1 1 1 1 0 1 1 0 1 1 1 1 1 1 0 1 1 0 1 0 1 1 1 1 0 1 1 1 

