18 28

9 16
8 17
8 15
8 13
7 17
7 16
7 12
6 15
6 14
6 12
5 16
5 13
5 11
4 14
4 13
4 10
3 16
3 11
3 10
2 12
2 11
2 10
1 17
1 15
1 9
0 17
0 14
0 9
----------

40387: 8 13, 7 12, 6 15, 5 11, 4 14, 3 16, 2 10, 1 17, 0 9
Frc: 9.16667 | 0.166667 0.166667 0.833333 1 0.666667 0.333333 1 1 0.5 0.5 0.5 0.5 1 1 0.5 0.5 1 0.5 0.5 0.5 0.5 1 1 0.166667 0.833333 0.166667 0.833333 1 
Int: 10 | 1 0 1 1 1 0 1 1 1 0 0 1 1 1 0 1 1 1 0 1 0 1 1 0 1 0 1 1 
BDS: 13 | 1 1 1 1 1 0 1 1 1 0 0 1 1 1 1 1 1 1 0 1 1 1 1 0 1 0 1 1 

