18 30

9 16
9 14
8 17
8 15
7 16
7 14
7 13
6 16
6 13
6 11
5 17
5 16
5 12
5 11
4 17
4 12
4 10
3 15
3 12
3 10
2 17
2 15
2 11
2 10
1 15
1 14
1 9
0 14
0 13
0 8
----------

41398: 8 15, 7 14, 6 16, 5 12, 4 17, 3 10, 2 11, 1 9, 0 13
Frc: 9.16667 | 0.833333 0.166667 0.166667 1 0.166667 1 0.833333 1 0.166667 0.833333 0.5 0.333333 1 0.166667 1 0.5 0.5 0.5 0.5 1 0.333333 0.166667 1 0.5 0.333333 0.666667 1 0.166667 1 0.833333 
Int: 10 | 1 0 0 1 0 1 1 1 0 1 1 0 1 0 1 0 1 1 1 1 0 0 1 1 0 1 1 0 1 1 
BDS: 13 | 1 0 1 1 1 1 0 1 1 1 1 1 1 0 1 0 1 1 1 1 0 1 1 0 0 1 1 1 1 0 

