18 30

9 14
8 16
8 14
8 13
7 17
7 15
7 12
6 17
6 14
6 12
5 16
5 15
5 11
4 14
4 12
4 10
3 16
3 11
3 10
2 15
2 11
2 10
1 17
1 16
1 13
1 9
0 17
0 15
0 13
0 9
----------

56016: 8 16, 7 17, 6 14, 5 15, 4 12, 3 11, 2 10, 1 13, 0 9
Frc: 9.22222 | 0.222222 1 0.222222 0.777778 1 0.444444 0.555556 0.555556 1 0.444444 0.444444 1 0.555556 0.555556 1 0.444444 0.444444 1 0.555556 0.555556 0.444444 1 0.111111 0.111111 1 0.777778 0.555556 0.222222 0.222222 1 
Int: 10 | 1 1 0 1 1 0 1 1 1 0 0 1 1 0 1 1 1 1 0 1 0 1 0 0 1 1 1 0 0 1 
BDS: 13 | 1 1 1 0 1 0 1 1 1 0 1 1 1 1 1 0 0 1 1 1 0 1 0 1 1 0 1 1 1 1 

