18 31

9 14
8 15
8 14
8 13
7 17
7 16
7 15
7 12
6 15
6 14
6 12
5 16
5 13
5 11
4 17
4 13
4 12
4 10
3 16
3 11
3 10
2 13
2 11
2 10
1 17
1 16
1 15
1 9
0 17
0 14
0 9
----------

45063: 8 15, 7 12, 6 14, 5 13, 4 10, 3 16, 2 11, 1 9, 0 17
Frc: 9.16667 | 0.166667 1 0.666667 0.333333 0.333333 0.333333 0.333333 1 0.333333 1 0.666667 0.5 1 0.5 0.5 0.166667 0.333333 1 1 0.5 0.5 0.5 1 0.5 0.166667 0.5 0.333333 1 1 0.166667 0.833333 
Int: 10 | 0 1 1 0 0 1 0 1 0 1 1 0 1 1 1 1 0 1 1 0 1 0 1 1 0 0 1 1 1 0 1 
BDS: 13 | 1 1 1 0 1 0 0 1 1 1 1 1 1 0 1 1 0 1 1 1 1 1 1 0 0 1 0 1 1 1 0 

