18 32

9 13
8 17
8 16
8 14
8 12
7 17
7 15
7 13
7 12
6 14
6 13
6 12
5 16
5 15
5 11
4 17
4 16
4 15
4 10
3 15
3 11
3 10
2 17
2 12
2 11
2 10
1 16
1 14
1 9
0 14
0 13
0 9
----------

57235: 8 16, 7 13, 6 12, 5 15, 4 17, 3 10, 2 11, 1 9, 0 14
Frc: 9.2 | 0.2 0.4 1 0.4 0.2 0.5 0.1 1 0.4 0.4 0.6 1 0.5 1 0.5 1 0.1 0.4 0.5 0.5 0.5 1 0.1 0.4 1 0.5 0.8 0.2 1 1 0.2 0.8 
Int: 10 | 1 0 1 1 0 1 0 1 0 1 0 1 0 1 1 1 0 0 1 1 0 1 0 1 1 0 1 0 1 1 0 1 
BDS: 13 | 1 0 1 1 0 1 1 1 1 1 0 1 1 1 1 1 0 0 1 0 1 1 0 1 1 0 0 1 1 1 0 1 

