18 31

9 17
9 14
8 17
8 16
8 12
7 16
7 15
7 11
6 16
6 13
6 11
5 15
5 13
5 11
4 16
4 14
4 10
3 17
3 15
3 13
3 10
2 17
2 14
2 13
2 10
1 14
1 12
1 9
0 15
0 12
0 8
----------

62135: 9 17, 7 16, 6 13, 5 11, 4 14, 3 15, 2 10, 1 12, 0 8
Frc: 9.27273 | 1 0.272727 0.272727 0.454545 0.272727 1 0.363636 0.636364 0.636364 1 0.363636 0.363636 0.636364 1 0.454545 1 0.545455 0.272727 1 0.272727 0.454545 0.454545 0.454545 0.0909091 1 0.272727 1 0.727273 0.272727 0.727273 1 
Int: 10 | 1 1 0 0 1 1 0 1 1 1 0 1 0 1 0 1 1 1 1 0 0 0 0 1 1 1 1 0 1 0 1 
BDS: 13 | 1 1 1 1 0 1 0 1 1 1 0 0 1 1 1 1 0 0 1 1 1 0 1 0 1 0 1 1 1 1 1 

