18 29

10 16
9 14
8 16
8 15
8 14
7 17
7 16
7 13
6 17
6 14
6 12
5 17
5 13
5 11
4 17
4 12
4 11
3 14
3 12
3 11
2 16
2 15
2 10
1 15
1 13
1 9
0 15
0 10
0 9
----------

36006: 8 16, 7 17, 6 12, 5 13, 4 11, 3 14, 2 15, 1 9, 0 10
Frc: 9.26667 | 0.0666667 0.2 1 0.8 0.2 1 0.866667 0.133333 0.4 0.6 1 0.2 1 0.8 0.4 0.6 1 1 0.4 0.6 0.0666667 1 0.933333 0.133333 0.866667 1 0.0666667 1 0.933333 
Int: 10 | 0 0 1 1 1 1 1 0 1 0 1 1 1 0 0 1 1 1 0 1 0 1 1 0 1 1 0 1 1 
BDS: 13 | 1 1 1 0 1 1 1 0 0 1 1 1 1 1 0 1 1 1 0 1 0 1 1 1 1 1 0 1 1 

