18 29

9 17
9 13
9 12
8 15
8 10
7 17
7 16
7 15
6 17
6 16
6 14
5 17
5 14
5 13
4 16
4 14
4 13
3 16
3 15
3 12
2 12
2 11
2 10
1 15
1 11
1 9
0 11
0 10
0 8
----------

34527: 8 10, 7 17, 6 14, 5 13, 4 16, 3 15, 2 12, 1 9, 0 11
Frc: 9.25 | 0.166667 0.75 0.0833333 0.0833333 1 1 0.166667 0.833333 0.416667 0.583333 1 0.416667 0.583333 1 1 0.416667 0.583333 0.25 1 0.916667 1 0.0833333 0.916667 0.0833333 0.916667 1 1 0.0833333 0.916667 
Int: 10 | 0 1 0 0 1 1 0 1 1 1 1 0 1 1 1 0 1 0 1 1 1 0 1 0 1 1 1 0 1 
BDS: 13 | 1 1 1 1 1 1 0 1 0 1 1 0 1 1 1 0 1 1 1 0 1 1 1 1 0 1 1 0 1 

