18 29

9 17
9 13
9 12
8 14
8 10
7 17
7 16
7 15
6 17
6 16
6 14
5 17
5 16
5 13
4 16
4 15
4 13
3 15
3 14
3 12
2 12
2 11
2 10
1 15
1 11
1 9
0 11
0 10
0 8
----------

34746: 8 10, 7 16, 6 17, 5 13, 4 15, 3 14, 2 12, 1 9, 0 11
Frc: 9.16667 | 0.166667 0.666667 0.166667 0.166667 1 0.333333 1 0.666667 1 0.166667 0.833333 0.5 0.5 1 0.333333 1 0.666667 0.166667 1 0.833333 1 0.166667 0.833333 0.166667 0.833333 1 1 0.166667 0.833333 
Int: 10 | 0 1 0 0 1 0 1 1 1 0 1 1 1 1 0 1 1 0 1 1 1 0 1 0 1 1 1 0 1 
BDS: 13 | 1 1 1 1 1 0 1 1 1 0 1 0 1 1 0 1 1 1 1 0 1 1 1 1 0 1 1 0 1 

