18 28

9 16
9 15
8 13
8 10
7 17
7 16
7 15
6 17
6 16
6 15
5 16
5 14
5 13
4 17
4 14
4 12
3 14
3 13
3 12
2 12
2 11
2 10
1 17
1 11
1 9
0 11
0 10
0 8
----------

38873: 9 16, 7 15, 6 17, 5 14, 4 12, 3 13, 2 10, 1 11, 0 8
Frc: 9.25 | 1 0.25 0.5 0.5 0.25 0.75 1 1 0.25 0.75 0.5 1 0.5 0.5 0.5 1 0.5 1 0.5 0.5 0.5 1 0.25 1 0.75 0.5 0.5 1 
Int: 10 | 1 0 1 0 0 1 1 1 0 1 0 1 1 1 1 1 0 1 1 0 1 1 0 1 1 0 1 1 
BDS: 13 | 1 1 0 1 1 0 1 1 1 0 1 1 1 1 1 1 0 1 1 1 1 1 0 1 1 1 0 1 

38878: 9 16, 7 17, 6 15, 5 14, 4 12, 3 13, 2 10, 1 11, 0 8
Frc: 9.25 | 1 0.25 0.5 0.5 1 0.25 0.75 0.25 0.75 1 0.5 1 0.5 0.5 0.5 1 0.5 1 0.5 0.5 0.5 1 0.25 1 0.75 0.5 0.5 1 
Int: 10 | 1 1 1 0 1 1 0 1 0 1 1 1 0 0 1 1 0 1 1 0 1 1 1 1 0 0 1 1 
BDS: 13 | 1 1 0 1 1 1 0 1 0 1 1 1 1 1 1 1 0 1 1 1 1 1 0 1 1 1 0 1 

