18 31

9 17
9 14
8 17
8 12
8 10
7 16
7 15
7 14
6 16
6 14
6 13
5 15
5 14
5 13
4 17
4 15
4 12
3 16
3 15
3 11
2 13
2 12
2 11
2 10
1 16
1 13
1 9
0 17
0 11
0 10
0 8
----------

49225: 8 10, 7 14, 6 13, 5 15, 4 17, 3 16, 2 12, 1 9, 0 11
Frc: 9.27273 | 0.818182 0.181818 0.0909091 0.181818 1 0.272727 0.727273 1 0.454545 0.545455 1 1 0.272727 0.727273 1 0.181818 0.818182 1 0.0909091 0.909091 0.0909091 1 0.0909091 0.818182 0.272727 0.727273 1 0.0909091 1 0.181818 0.727273 
Int: 10 | 1 0 0 0 1 1 1 1 0 1 1 1 0 1 1 0 1 1 0 1 0 1 0 1 0 1 1 0 1 0 1 
BDS: 13 | 0 1 1 0 1 0 1 1 0 1 1 1 0 1 1 1 1 1 0 1 0 1 1 1 1 1 1 1 1 0 0 

