18 31

9 17
9 15
8 17
8 12
8 10
7 16
7 15
7 14
6 16
6 14
6 13
5 15
5 14
5 13
4 17
4 15
4 12
3 16
3 14
3 11
2 13
2 12
2 11
2 10
1 16
1 13
1 9
0 17
0 11
0 10
0 8
----------

49410: 8 10, 7 14, 6 13, 5 15, 4 17, 3 16, 2 12, 1 9, 0 11
Frc: 9.25 | 0.833333 0.166667 0.0833333 0.166667 1 0.333333 0.666667 1 0.416667 0.583333 1 1 0.333333 0.666667 1 0.166667 0.833333 1 0.0833333 0.916667 0.0833333 1 0.0833333 0.833333 0.25 0.75 1 0.0833333 1 0.166667 0.75 
Int: 10 | 1 0 0 0 1 0 1 1 1 1 1 1 0 1 1 0 1 1 0 1 0 1 0 1 0 1 1 0 1 0 1 
BDS: 13 | 0 1 1 0 1 0 1 1 0 1 1 1 0 1 1 1 1 1 0 1 0 1 1 1 1 1 1 1 1 0 0 

