18 30

9 17
9 16
8 17
8 12
8 10
7 16
7 15
7 14
6 16
6 14
6 13
5 15
5 14
5 13
4 17
4 16
4 12
3 17
3 15
3 11
2 14
2 12
2 11
2 10
1 15
1 13
1 9
0 11
0 10
0 8
----------

41177: 8 10, 7 14, 6 16, 5 13, 4 17, 3 15, 2 12, 1 9, 0 11
Frc: 9.22222 | 0.777778 0.222222 0.111111 0.111111 1 0.666667 0.333333 1 1 0.333333 0.666667 0.444444 0.555556 1 1 0.111111 0.888889 0.111111 1 0.888889 0.111111 1 0.111111 0.777778 0.222222 0.777778 1 1 0.222222 0.777778 
Int: 10 | 1 0 0 0 1 1 1 1 1 0 1 0 1 1 1 0 1 0 1 1 0 1 0 1 0 1 1 1 0 1 
BDS: 13 | 0 1 1 0 1 1 0 1 1 0 1 0 1 1 1 1 1 0 1 1 0 1 1 1 1 1 1 1 0 1 

