18 32

9 12
8 17
8 16
8 15
8 12
7 17
7 14
7 13
7 12
6 17
6 15
6 13
6 11
5 17
5 16
5 12
5 11
4 16
4 15
4 10
3 16
3 14
3 10
2 15
2 14
2 10
1 14
1 13
1 9
0 13
0 11
0 9
----------

70844: 8 15, 7 17, 6 11, 5 12, 4 10, 3 16, 2 14, 1 13, 0 9
Frc: 9.2 | 0.2 0.1 0.2 1 0.7 1 0.3 0.6 0.1 0.4 0.4 0.2 1 0.5 0.3 1 0.2 0.5 0.5 1 1 0.5 0.5 0.5 1 0.5 0.2 1 0.8 0.2 0.8 1 
Int: 10 | 0 1 0 1 0 1 0 1 1 1 0 0 1 0 1 1 0 0 1 1 1 1 0 0 1 1 0 1 1 0 1 1 
BDS: 13 | 1 0 0 1 1 1 0 0 1 1 0 0 1 1 1 1 0 0 1 1 1 1 1 1 1 0 1 1 0 1 1 1 

