18 30

13 17
9 14
8 16
8 15
8 14
7 16
7 15
7 13
6 16
6 14
6 11
5 15
5 13
5 11
4 17
4 15
4 10
3 16
3 12
3 10
2 17
2 12
2 11
2 10
1 17
1 13
1 9
0 14
0 12
0 9
----------

39043: 8 16, 7 13, 6 11, 5 15, 4 17, 3 10, 2 12, 1 9, 0 14
Frc: 9.23077 | 0.0769231 0.153846 1 0.538462 0.461538 0.692308 0.307692 1 0.615385 0.384615 1 1 0.692308 0.307692 1 0.153846 0.846154 0.153846 0.846154 1 0.153846 1 0.692308 0.153846 0.769231 0.230769 1 1 0.153846 0.846154 
Int: 10 | 0 0 1 0 1 1 0 1 1 0 1 1 1 0 1 1 1 0 1 1 0 1 1 0 1 0 1 1 0 1 
BDS: 13 | 1 0 1 1 0 1 0 1 1 1 1 1 1 1 1 0 1 1 0 1 0 1 0 1 0 1 1 1 1 1 

