18 30

12 17
11 16
10 15
9 13
8 17
8 15
7 17
7 15
7 13
6 16
6 14
6 13
5 16
5 14
5 12
4 16
4 13
4 12
3 14
3 12
3 11
2 15
2 11
2 10
1 14
1 10
1 9
0 17
0 9
0 8
----------

41094: 8 15, 7 17, 6 14, 5 16, 4 13, 3 12, 2 11, 1 10, 0 9
Frc: 9.14286 | 0.142857 0.142857 0.214286 0.214286 0.428571 1 1 0.571429 0.428571 0.357143 1 0.642857 1 0.642857 0.357143 0.5 1 0.5 0.142857 1 0.857143 0.214286 1 0.785714 0.214286 1 0.785714 0.428571 1 0.571429 
Int: 10 | 1 0 0 1 0 1 1 1 0 0 1 1 1 0 1 1 1 0 0 1 1 0 1 1 1 1 0 0 1 1 
BDS: 13 | 1 0 1 1 1 1 1 1 0 0 1 1 1 1 0 1 1 0 1 1 1 1 1 0 0 1 1 1 1 0 

