18 29

11 16
10 15
9 16
8 15
8 14
7 17
7 16
7 14
6 16
6 15
6 14
5 17
5 13
5 12
4 17
4 13
4 11
3 13
3 12
3 11
2 15
2 12
2 10
1 17
1 10
1 9
0 14
0 9
0 8
----------

35756: 8 15, 7 16, 6 14, 5 13, 4 17, 3 11, 2 12, 1 10, 0 9
Frc: 9 | 0.5 0.166667 0.166667 1 0.166667 0.333333 1 0.666667 0.333333 0.666667 1 0.5 1 0.5 1 0.5 0.5 0.5 0.5 1 0.166667 1 0.833333 0.166667 1 0.833333 0.166667 1 0.833333 
Int: 10 | 1 0 0 1 0 0 1 1 0 1 1 1 1 0 1 0 1 1 1 0 0 1 1 0 1 1 0 1 1 
BDS: 13 | 1 0 1 1 0 1 1 0 1 0 1 1 1 0 1 0 1 1 1 1 1 1 1 1 1 0 1 1 1 

