18 29

11 16
10 16
9 17
8 15
8 14
7 17
7 14
7 13
6 17
6 16
6 12
5 16
5 15
5 12
4 17
4 13
4 11
3 14
3 13
3 11
2 15
2 12
2 10
1 15
1 10
1 9
0 14
0 9
0 8
----------

36269: 8 14, 7 13, 6 16, 5 12, 4 17, 3 11, 2 15, 1 10, 0 9
Frc: 9.16667 | 0.5 0.25 0.0833333 0.166667 0.916667 0.5 0.5 1 0.416667 1 0.75 0.25 0.75 1 1 0.5 0.5 0.5 0.5 1 1 0.25 0.75 0.0833333 1 0.916667 0.0833333 1 0.916667 
Int: 10 | 0 0 0 0 1 0 1 1 1 1 0 1 1 1 1 0 1 0 1 1 1 1 1 0 1 1 0 1 1 
BDS: 13 | 1 0 1 1 1 1 0 1 1 1 0 1 0 1 1 0 1 1 1 1 1 1 1 0 1 1 0 1 1 

