18 29

11 16
10 15
9 15
8 17
8 15
7 16
7 14
7 13
6 15
6 14
6 12
5 14
5 13
5 12
4 17
4 13
4 11
3 16
3 12
3 11
2 17
2 16
2 10
1 14
1 10
1 9
0 17
0 9
0 8
----------

34960: 8 15, 7 14, 6 12, 5 13, 4 11, 3 16, 2 17, 1 10, 0 9
Frc: 9.16667 | 0.333333 0.166667 0.166667 0.166667 1 0.333333 1 0.666667 0.666667 0.333333 1 0.333333 1 0.666667 0.666667 0.333333 1 1 0.333333 0.666667 1 0.333333 0.833333 0.333333 1 0.833333 0.166667 1 0.833333 
Int: 10 | 0 0 0 0 1 1 1 0 1 0 1 0 1 1 0 1 1 1 0 1 1 0 1 1 1 1 1 1 1 
BDS: 13 | 0 0 1 1 1 0 1 1 0 1 1 1 1 0 1 1 1 1 1 1 1 1 1 0 1 1 1 1 0 

