18 29

11 16
10 17
9 15
8 17
8 16
7 15
7 14
7 12
6 15
6 13
6 12
5 14
5 13
5 12
4 17
4 15
4 11
3 16
3 14
3 11
2 14
2 13
2 10
1 17
1 10
1 9
0 16
0 9
0 8
----------

25407: 8 17, 7 12, 6 15, 5 13, 4 11, 3 14, 2 10, 1 9, 0 16
Frc: 9.2 | 0.133333 0.0666667 0.266667 1 0.733333 0.6 0.4 1 1 0.6 0.4 0.4 1 0.6 0.866667 0.133333 1 0.133333 1 0.866667 0.2 0.8 1 0.0666667 0.933333 1 1 0.733333 0.266667 
Int: 10 | 0 0 0 1 1 1 0 1 1 1 0 1 1 1 1 0 1 0 1 1 0 1 1 0 1 1 1 1 0 
BDS: 13 | 0 0 1 1 1 1 0 1 1 1 0 0 1 1 0 1 1 1 1 1 1 1 1 1 1 1 1 1 0 

