18 30

12 17
11 12
10 16
9 14
8 16
8 13
7 17
7 15
7 13
6 16
6 15
6 12
5 17
5 14
5 12
4 17
4 15
4 11
3 15
3 13
3 11
2 16
2 14
2 10
1 14
1 10
1 9
0 13
0 9
0 8
----------

39498: 8 16, 7 15, 6 12, 5 17, 4 11, 3 13, 2 14, 1 10, 0 9
Frc: 9.16667 | 0.166667 0.666667 0.0833333 0.0833333 1 0.166667 0.333333 1 0.666667 0.833333 0.166667 1 1 0.833333 0.166667 0.5 0.5 1 0.333333 1 0.666667 0.0833333 1 0.916667 0.0833333 1 0.916667 0.166667 1 0.833333 
Int: 10 | 1 0 0 0 1 1 0 1 1 1 0 1 1 1 0 0 1 1 0 1 1 0 1 1 0 1 1 1 1 0 
BDS: 13 | 1 1 1 1 1 1 0 1 1 0 1 1 1 1 0 0 1 1 0 1 1 1 1 0 0 1 1 1 1 0 

