18 30

11 17
11 12
10 14
9 14
8 16
8 14
7 17
7 15
7 13
6 17
6 15
6 12
5 15
5 13
5 12
4 16
4 14
4 11
3 16
3 13
3 11
2 17
2 15
2 10
1 13
1 10
1 9
0 16
0 9
0 8
----------

41602: 8 14, 7 15, 6 12, 5 13, 4 16, 3 11, 2 17, 1 10, 0 9
Frc: 9.125 | 0.125 0.625 0.125 0.125 0.125 1 0.375 1 0.625 0.5 0.5 1 0.375 1 0.625 1 0.75 0.25 0.75 0.25 1 1 0.125 0.875 0.125 1 0.875 0.125 1 0.875 
Int: 10 | 0 1 0 0 0 1 0 1 1 1 1 1 0 1 1 1 1 0 1 0 1 1 0 1 0 1 1 0 1 1 
BDS: 13 | 1 1 1 0 0 1 0 1 1 0 1 1 0 1 1 1 0 1 0 1 1 1 0 1 1 1 1 1 1 1 

