18 29

11 12
10 17
9 15
8 15
8 14
7 17
7 16
7 13
6 16
6 14
6 12
5 15
5 14
5 12
4 17
4 13
4 11
3 16
3 13
3 11
2 17
2 15
2 10
1 16
1 10
1 9
0 14
0 9
0 8
----------

35092: 8 15, 7 13, 6 12, 5 14, 4 11, 3 16, 2 17, 1 10, 0 9
Frc: 9.14286 | 0.714286 0.142857 0.142857 1 0.142857 0.428571 0.571429 1 0.285714 0.714286 1 0.714286 1 0.285714 0.428571 0.571429 1 1 0.428571 0.571429 1 0.142857 0.857143 0.142857 1 0.857143 0.142857 1 0.857143 
Int: 10 | 1 0 0 1 0 1 0 1 0 1 1 1 1 0 1 0 1 1 1 0 1 0 1 1 1 1 0 1 1 
BDS: 13 | 1 0 0 1 0 0 1 1 1 0 1 0 1 1 1 1 1 1 0 1 1 1 1 1 1 1 1 1 1 

