18 29

11 12
10 15
9 16
8 16
8 14
7 17
7 15
7 14
6 17
6 15
6 13
5 17
5 15
5 13
4 17
4 16
4 11
3 14
3 12
3 11
2 13
2 12
2 10
1 16
1 10
1 9
0 14
0 9
0 8
----------

34527: 8 16, 7 15, 6 13, 5 17, 4 11, 3 14, 2 12, 1 10, 0 9
Frc: 9.25 | 0.5 0.5 0.125 1 0.125 0.25 1 0.75 0.5 0.5 1 1 0.5 0.5 0.25 0.75 1 1 0.5 0.5 0.5 1 0.5 0.125 1 0.875 0.125 1 0.875 
Int: 10 | 1 1 0 1 0 0 1 1 1 0 1 1 1 0 0 1 1 1 1 0 1 1 0 0 1 1 0 1 1 
BDS: 13 | 1 0 1 1 1 1 1 1 0 1 1 1 0 1 0 1 1 1 0 1 1 1 1 0 1 1 1 1 0 

34568: 8 16, 7 15, 6 17, 5 13, 4 11, 3 14, 2 12, 1 10, 0 9
Frc: 9.25 | 0.5 0.5 0.125 1 0.125 0.25 1 0.75 1 0.5 0.5 0.5 0.5 1 0.25 0.75 1 1 0.5 0.5 0.5 1 0.5 0.125 1 0.875 0.125 1 0.875 
Int: 10 | 1 1 0 1 0 0 1 1 1 1 0 1 0 1 0 1 1 1 1 0 1 1 0 0 1 1 0 1 1 
BDS: 13 | 1 0 1 1 1 1 1 1 1 0 1 0 1 1 0 1 1 1 0 1 1 1 1 0 1 1 1 1 0 

