18 30

12 17
11 12
10 14
9 16
8 15
8 14
7 17
7 15
7 13
6 17
6 14
6 13
5 16
5 15
5 12
4 17
4 13
4 11
3 15
3 12
3 11
2 16
2 14
2 10
1 16
1 10
1 9
0 13
0 9
0 8
----------

39254: 8 14, 7 13, 6 17, 5 12, 4 11, 3 15, 2 16, 1 10, 0 9
Frc: 9 | 0.333333 0.333333 0.0833333 0.0833333 0.166667 1 0.333333 0.666667 1 1 0.833333 0.166667 0.833333 0.166667 1 0.333333 0.666667 1 1 0.333333 0.666667 1 0.0833333 0.916667 0.0833333 1 0.916667 0.166667 1 0.833333 
Int: 10 | 0 1 0 0 1 1 1 0 1 1 1 0 1 0 1 1 0 1 1 1 0 1 0 1 0 1 1 1 1 0 
BDS: 13 | 1 1 1 1 1 1 0 1 1 1 1 0 0 1 1 0 1 1 1 1 0 1 1 0 0 1 1 1 1 0 

