18 29

11 12
10 17
9 15
8 17
8 16
7 16
7 15
7 14
6 16
6 14
6 13
5 17
5 16
5 12
4 14
4 13
4 11
3 13
3 12
3 11
2 17
2 15
2 10
1 15
1 10
1 9
0 14
0 9
0 8
----------

34222: 8 17, 7 14, 6 16, 5 12, 4 11, 3 13, 2 15, 1 10, 0 9
Frc: 9.16667 | 0.5 0.166667 0.166667 1 0.333333 0.333333 0.666667 1 1 0.5 0.5 0.666667 0.333333 1 0.5 0.5 1 1 0.5 0.5 0.166667 1 0.833333 0.166667 1 0.833333 0.333333 1 0.666667 
Int: 10 | 1 0 0 1 0 0 1 1 1 0 1 1 1 1 1 0 1 1 0 1 0 1 1 0 1 1 0 1 1 
BDS: 13 | 1 1 1 1 1 1 0 1 1 1 0 1 0 1 1 1 1 1 1 0 1 1 0 0 1 1 1 1 0 

