18 30

13 17
10 17
9 15
8 16
8 15
7 17
7 15
7 14
6 16
6 14
6 12
5 16
5 13
5 12
4 14
4 13
4 12
3 16
3 13
3 11
2 17
2 14
2 11
2 10
1 15
1 10
1 9
0 11
0 9
0 8
----------

42053: 8 15, 7 17, 6 16, 5 12, 4 14, 3 13, 2 11, 1 10, 0 9
Frc: 9.21053 | 0.157895 0.526316 0.263158 0.263158 1 1 0.473684 0.526316 1 0.578947 0.421053 0.578947 0.421053 1 1 0.421053 0.578947 0.157895 1 0.842105 0.315789 0.210526 1 0.473684 0.263158 1 0.736842 0.263158 1 0.736842 
Int: 10 | 0 0 0 1 1 1 1 0 1 1 0 0 1 1 1 0 1 0 1 1 1 0 1 1 0 1 1 1 1 0 
BDS: 13 | 1 1 1 1 1 1 0 1 1 1 0 1 0 1 1 0 1 1 1 1 0 0 1 1 0 1 1 0 1 1 

