18 28

10 17
9 16
8 16
8 15
7 16
7 15
7 14
6 16
6 14
6 13
5 17
5 15
5 12
4 14
4 13
4 11
3 13
3 12
3 11
2 12
2 11
2 10
1 17
1 10
1 9
0 17
0 9
0 8
----------

23398: 8 16, 7 15, 6 13, 5 12, 4 14, 3 11, 2 10, 1 9, 0 17
Frc: 9.16667 | 0.166667 0.333333 1 0.666667 0.5 1 0.5 0.5 0.5 1 0.666667 0.333333 1 1 0.5 0.5 0.5 0.5 1 0.5 0.5 1 0.166667 0.833333 1 1 0.666667 0.333333 
Int: 10 | 0 1 0 1 0 1 1 1 0 1 1 0 1 1 0 1 1 0 1 1 0 1 0 1 1 1 0 1 
BDS: 13 | 1 1 1 1 0 1 1 1 1 1 0 1 1 1 0 1 1 1 1 1 0 1 0 1 1 1 0 1 

