18 31

10 17
10 16
9 13
8 17
8 15
8 13
7 15
7 14
7 13
6 16
6 15
6 12
5 16
5 14
5 12
4 15
4 14
4 12
3 17
3 16
3 14
3 11
2 17
2 11
2 10
1 13
1 10
1 9
0 11
0 9
0 8
----------

52343: 8 13, 7 14, 6 15, 5 16, 4 12, 3 17, 2 11, 1 10, 0 9
Frc: 9.2 | 0.1 0.45 0.1 0.35 0.2 1 0.2 1 0.8 0.6 1 0.4 1 0.4 0.6 0.6 0.4 1 1 0.35 0.2 0.45 0.55 1 0.45 0.1 1 0.9 0.55 1 0.45 
Int: 10 | 0 1 0 0 1 1 0 1 1 1 1 0 1 0 1 0 1 1 1 0 1 0 1 1 0 0 1 1 1 1 0 
BDS: 13 | 0 0 1 0 0 1 1 1 1 1 1 0 1 0 1 1 0 1 1 1 1 0 1 1 1 1 1 0 1 1 1 

