18 30

12 17
11 17
10 15
9 15
8 15
8 14
7 17
7 16
7 14
6 17
6 15
6 14
5 16
5 13
5 12
4 16
4 13
4 11
3 13
3 12
3 11
2 12
2 11
2 10
1 16
1 10
1 9
0 14
0 9
0 8
----------

41452: 8 15, 7 17, 6 14, 5 13, 4 16, 3 11, 2 12, 1 10, 0 9
Frc: 9.14286 | 0.142857 0.571429 0.142857 0.142857 1 0.142857 1 0.285714 0.714286 0.285714 0.714286 1 0.571429 1 0.428571 1 0.428571 0.571429 0.571429 0.428571 1 1 0.142857 0.857143 0.142857 1 0.857143 0.142857 1 0.857143 
Int: 10 | 0 1 0 0 1 0 1 0 1 0 1 1 1 1 0 1 0 1 1 1 1 1 0 1 0 1 1 0 1 1 
BDS: 13 | 1 1 1 0 1 0 1 1 0 1 0 1 1 1 0 1 0 1 1 0 1 1 0 1 1 1 1 1 1 1 

42218: 8 15, 7 17, 6 14, 5 16, 4 13, 3 12, 2 11, 1 10, 0 9
Frc: 9.14286 | 0.571429 0.142857 0.142857 0.142857 1 0.142857 1 0.285714 0.714286 0.285714 0.714286 1 1 0.428571 0.571429 0.571429 1 0.428571 0.571429 1 0.428571 0.142857 1 0.857143 0.142857 1 0.857143 0.142857 1 0.857143 
Int: 10 | 1 0 0 0 1 0 1 0 1 0 1 1 1 0 1 1 1 1 1 1 0 0 1 1 0 1 1 0 1 1 
BDS: 13 | 1 1 1 0 1 0 1 1 0 1 0 1 1 0 1 1 1 0 1 1 0 0 1 1 1 1 1 1 1 1 

