18 30

11 17
10 16
9 15
8 16
8 15
7 17
7 16
7 15
6 17
6 16
6 13
5 14
5 13
5 12
4 14
4 13
4 11
3 14
3 12
3 11
2 12
2 11
2 10
1 14
1 10
1 9
0 17
0 15
0 9
0 8
----------

43727: 8 16, 7 15, 6 17, 5 12, 4 13, 3 14, 2 11, 1 10, 0 9
Frc: 9.25 | 0.25 0.25 0.25 1 0.5 0.5 0.5 1 1 0.25 0.75 0.25 0.75 1 0.5 1 0.5 1 0.75 0.25 0.25 1 0.75 0.25 1 0.75 0.25 0.25 1 0.5 
Int: 10 | 0 1 1 1 0 1 0 1 1 0 1 0 1 1 0 1 1 1 0 1 1 1 0 1 1 0 0 0 1 1 
BDS: 13 | 1 0 1 1 1 1 0 1 1 1 1 0 1 1 1 1 0 1 1 0 1 1 1 0 1 1 1 0 1 0 

