18 30

12 17
11 17
10 13
9 16
8 14
8 13
7 17
7 15
7 14
6 17
6 14
6 13
5 16
5 15
5 12
4 16
4 15
4 11
3 16
3 12
3 11
2 12
2 11
2 10
1 15
1 10
1 9
0 14
0 9
0 8
----------

41571: 8 13, 7 17, 6 14, 5 16, 4 15, 3 11, 2 12, 1 10, 0 9
Frc: 9.22222 | 0.222222 0.666667 0.111111 0.111111 0.111111 1 1 0.222222 0.777778 0.111111 1 0.888889 1 0.666667 0.333333 0.333333 1 0.666667 0.555556 0.444444 1 1 0.111111 0.888889 0.111111 1 0.888889 0.111111 1 0.888889 
Int: 10 | 0 1 0 0 0 1 1 0 1 0 1 1 1 1 0 0 1 1 1 1 1 1 0 1 0 1 1 0 1 1 
BDS: 13 | 1 1 1 1 0 1 1 1 0 1 1 0 1 1 0 0 1 1 1 0 1 1 0 1 1 1 0 1 1 1 

42279: 8 13, 7 17, 6 14, 5 15, 4 16, 3 12, 2 11, 1 10, 0 9
Frc: 9.22222 | 0.555556 0.222222 0.222222 0.111111 0.111111 1 1 0.222222 0.777778 0.222222 1 0.777778 0.333333 1 0.666667 1 0.666667 0.333333 0.555556 1 0.444444 0.222222 1 0.777778 0.111111 1 0.888889 0.111111 1 0.888889 
Int: 10 | 1 0 0 1 0 1 1 0 1 0 1 1 0 1 1 1 1 0 0 1 1 0 1 1 0 1 1 0 1 1 
BDS: 13 | 1 1 1 1 0 1 1 1 0 1 1 0 0 1 1 1 1 0 1 1 0 0 1 1 1 1 0 1 1 1 

