18 31

9 16
8 16
8 14
8 13
7 15
7 14
7 13
6 16
6 15
6 11
5 17
5 14
5 12
5 11
4 16
4 14
4 10
3 17
3 13
3 12
3 10
2 15
2 11
2 10
1 17
1 13
1 9
0 17
0 15
0 12
0 9
----------

61308: 8 13, 7 14, 6 11, 5 12, 4 16, 3 10, 2 15, 1 17, 0 9
Frc: 9.16667 | 0.166667 0.666667 0.333333 1 0.333333 1 0.666667 0.5 0.5 1 0.333333 0.166667 1 0.5 1 0.5 0.5 0.5 0.166667 0.333333 1 1 0.5 0.5 1 0.166667 0.833333 0.166667 0.166667 0.666667 1 
Int: 10 | 1 1 0 1 0 1 1 0 1 1 0 0 1 1 1 1 0 1 0 0 1 1 0 1 1 1 0 0 0 1 1 
BDS: 13 | 1 1 0 1 0 1 1 1 1 1 0 0 1 1 1 1 0 1 0 1 1 1 1 1 1 1 0 0 0 1 1 

