18 29

10 16
9 15
8 17
8 14
7 17
7 15
7 13
6 16
6 14
6 12
5 15
5 14
5 12
4 17
4 13
4 11
3 15
3 13
3 11
2 17
2 12
2 11
2 10
1 16
1 10
1 9
0 16
0 9
0 8
----------

26589: 8 17, 7 13, 6 12, 5 14, 4 11, 3 15, 2 10, 1 9, 0 16
Frc: 9.09091 | 0.0909091 0.181818 1 0.818182 0.454545 0.545455 1 0.818182 0.181818 1 0.272727 1 0.727273 0.454545 0.545455 1 1 0.454545 0.545455 0.0909091 0.272727 0.636364 1 0.0909091 0.909091 1 1 0.818182 0.181818 
Int: 10 | 0 0 1 1 0 1 1 1 0 1 0 1 1 1 1 1 1 0 1 0 0 1 1 0 1 1 1 1 0 
BDS: 13 | 1 1 1 1 0 1 1 1 0 1 1 1 0 0 1 1 1 0 1 1 1 1 1 1 0 1 1 0 1 

