18 30

13 17
12 14
10 16
9 17
8 17
8 12
7 17
7 14
7 13
6 16
6 14
6 13
5 16
5 15
5 12
4 16
4 15
4 11
3 15
3 13
3 11
2 12
2 11
2 10
1 14
1 10
1 9
0 15
0 9
0 8
----------

40039: 8 17, 7 13, 6 14, 5 16, 4 11, 3 15, 2 12, 1 10, 0 9
Frc: 9.25 | 0.25 0.25 0.25 0.25 1 0.25 0.5 0.5 1 0.5 1 0.5 1 0.5 0.5 0.75 0.25 1 1 0.25 0.75 1 0.25 0.75 0.25 1 0.75 0.25 1 0.75 
Int: 10 | 0 1 0 0 1 1 1 0 1 0 1 1 1 0 1 1 0 1 1 0 1 1 0 1 0 1 1 1 1 0 
BDS: 13 | 0 1 1 1 1 1 1 0 1 1 1 1 1 1 0 1 0 1 1 0 1 1 1 0 0 1 1 1 1 0 

