18 30

13 17
11 17
10 16
9 17
8 14
8 12
7 17
7 15
7 14
6 16
6 15
6 13
5 14
5 13
5 12
4 16
4 15
4 11
3 16
3 13
3 11
2 12
2 11
2 10
1 15
1 10
1 9
0 14
0 9
0 8
----------

41714: 8 12, 7 17, 6 15, 5 14, 4 16, 3 13, 2 11, 1 10, 0 9
Frc: 9.18182 | 0.636364 0.181818 0.0909091 0.181818 0.0909091 1 1 0.181818 0.818182 0.363636 1 0.636364 1 0.0909091 0.909091 1 0.636364 0.363636 0.545455 1 0.454545 0.0909091 1 0.909091 0.181818 1 0.818182 0.0909091 1 0.909091 
Int: 10 | 1 0 0 0 0 1 1 0 1 0 1 1 1 0 1 1 1 0 1 1 1 0 1 1 0 1 1 0 1 1 
BDS: 13 | 1 1 0 1 0 1 1 1 0 0 1 1 1 1 0 1 1 0 1 1 0 1 1 1 1 1 0 1 1 1 

