18 30

9 17
8 16
8 15
8 13
7 15
7 14
7 13
6 15
6 14
6 11
5 17
5 16
5 12
5 11
4 17
4 12
4 10
3 16
3 12
3 10
2 17
2 14
2 11
2 10
1 16
1 14
1 9
0 15
0 13
0 9
----------

44320: 8 16, 7 13, 6 14, 5 11, 4 17, 3 12, 2 10, 1 9, 0 15
Frc: 9.16667 | 0.166667 1 0.166667 0.833333 0.666667 0.333333 1 0.166667 1 0.833333 0.333333 0.166667 0.5 1 1 0.5 0.5 0.5 1 0.5 0.5 0.333333 0.166667 1 0.333333 0.666667 1 1 0.166667 0.833333 
Int: 10 | 0 1 0 1 1 0 1 0 1 1 1 0 1 1 1 0 1 1 1 0 0 1 0 1 0 1 1 1 0 1 
BDS: 13 | 0 1 1 0 0 1 1 1 1 1 0 1 0 1 1 1 0 1 1 1 1 1 0 1 1 0 1 1 1 1 

