18 30

9 14
8 16
8 15
8 14
7 15
7 14
7 12
6 17
6 16
6 11
5 17
5 16
5 11
4 17
4 16
4 13
4 10
3 17
3 15
3 13
3 10
2 12
2 11
2 10
1 15
1 13
1 9
0 14
0 12
0 9
----------

42896: 8 14, 7 15, 6 11, 5 17, 4 16, 3 13, 2 10, 1 9, 0 12
Frc: 9.25 | 0.25 0.5 0.5 1 1 0.5 0.5 0.5 0.5 1 1 0.5 0.5 0.25 1 0.25 0.5 0.25 0.25 1 0.5 0.5 0.5 1 0.25 0.75 1 0.25 1 0.75 
Int: 10 | 0 1 0 1 1 1 0 0 1 1 1 0 1 0 1 0 1 1 1 1 0 1 0 1 0 1 1 0 1 1 
BDS: 13 | 1 1 0 1 1 1 0 0 1 1 1 0 1 0 1 1 1 1 1 1 0 1 1 1 0 1 1 0 1 1 

43615: 8 14, 7 15, 6 17, 5 11, 4 16, 3 13, 2 10, 1 9, 0 12
Frc: 9.25 | 0.25 0.5 0.5 1 1 0.5 0.5 1 0.5 0.5 0.5 0.5 1 0.25 1 0.25 0.5 0.25 0.25 1 0.5 0.5 0.5 1 0.25 0.75 1 0.25 1 0.75 
Int: 10 | 0 1 0 1 1 1 0 1 0 1 0 1 1 0 1 0 1 1 0 1 0 1 0 1 1 1 1 0 1 1 
BDS: 13 | 1 1 0 1 1 1 0 1 0 1 0 1 1 0 1 1 1 1 1 1 0 1 1 1 0 1 1 0 1 1 

