18 30

10 15
9 17
8 15
8 13
7 17
7 15
7 14
6 16
6 15
6 14
5 17
5 14
5 13
5 11
4 17
4 16
4 12
4 11
3 13
3 12
3 11
2 16
2 12
2 10
1 16
1 10
1 9
0 14
0 9
0 8
----------

49364: 9 17, 7 15, 6 14, 5 11, 4 12, 3 13, 2 10, 1 16, 0 8
Frc: 9.14286 | 0.142857 1 0.428571 0.571429 0.428571 1 0.571429 0.571429 0.428571 1 0.285714 0.285714 0.428571 1 0.285714 0.285714 1 0.428571 1 0.428571 0.571429 0.142857 0.857143 1 1 0.857143 0.142857 0.142857 0.857143 1 
Int: 10 | 1 1 0 1 1 1 0 1 0 1 1 0 0 1 0 0 1 1 1 1 0 1 0 1 1 0 1 1 0 1 
BDS: 13 | 1 1 0 1 0 1 1 1 0 1 1 0 1 1 0 1 1 0 1 1 1 0 1 1 1 1 0 1 1 1 

