18 31

10 17
10 14
9 15
8 17
8 16
7 15
7 14
7 13
6 15
6 14
6 13
5 15
5 14
5 11
4 17
4 16
4 12
4 11
3 17
3 13
3 12
3 11
2 16
2 12
2 10
1 16
1 10
1 9
0 13
0 9
0 8
----------

47143: 8 17, 7 13, 6 15, 5 14, 4 12, 3 11, 2 10, 1 16, 0 9
Frc: 9.14286 | 0.142857 0.285714 0.571429 1 0.142857 0.285714 0.714286 1 1 0.285714 0.714286 0.142857 1 0.857143 0.428571 0.428571 1 0.142857 0.428571 0.142857 0.428571 1 0.428571 0.571429 1 1 0.571429 0.428571 0.142857 1 0.857143 
Int: 10 | 0 1 1 1 0 0 1 1 1 0 1 0 1 1 0 1 1 0 1 0 0 1 0 1 1 1 0 1 0 1 1 
BDS: 13 | 0 1 0 1 0 0 1 1 1 0 1 1 1 0 0 1 1 1 1 0 1 1 0 1 1 1 1 1 1 1 1 

