18 30

13 17
11 17
10 16
9 15
8 17
8 13
7 15
7 14
7 13
6 17
6 16
6 12
5 15
5 14
5 11
4 14
4 13
4 11
3 15
3 12
3 11
2 16
2 12
2 10
1 14
1 10
1 9
0 16
0 9
0 8
----------

41012: 8 17, 7 15, 6 12, 5 14, 4 13, 3 11, 2 16, 1 10, 0 9
Frc: 9.16667 | 0.5 0.166667 0.166667 0.166667 1 0.166667 1 0.333333 0.666667 0.333333 0.666667 1 0.666667 1 0.333333 0.5 1 0.5 0.166667 0.833333 1 1 0.166667 0.833333 0.166667 1 0.833333 0.166667 1 0.833333 
Int: 10 | 1 0 0 0 1 0 1 0 1 0 1 1 1 1 0 0 1 1 0 1 1 1 0 1 1 1 1 0 1 1 
BDS: 13 | 1 1 0 1 1 1 1 0 1 1 0 1 1 1 0 1 1 0 0 1 1 1 1 1 1 1 0 1 1 0 

