18 28

9 16
8 15
8 14
8 13
7 17
7 13
7 12
6 17
6 14
6 11
5 17
5 14
5 11
4 16
4 15
4 10
3 16
3 13
3 10
2 12
2 11
2 10
1 16
1 15
1 9
0 17
0 12
0 9
----------

36436: 8 13, 7 17, 6 11, 5 14, 4 10, 3 16, 2 12, 1 15, 0 9
Frc: 9.25 | 0.25 0.5 0.5 1 1 0.5 0.5 0.5 0.5 1 0.5 1 0.5 0.5 0.5 1 1 0.5 0.5 1 0.5 0.5 0.25 1 0.75 0.5 0.5 1 
Int: 10 | 0 1 0 1 1 1 0 0 1 1 1 1 0 1 0 1 1 1 0 1 1 1 0 1 1 0 1 1 
BDS: 13 | 1 1 1 1 1 1 0 1 0 1 0 1 1 1 0 1 1 1 0 1 1 1 1 1 0 1 1 1 

36802: 8 13, 7 17, 6 14, 5 11, 4 10, 3 16, 2 12, 1 15, 0 9
Frc: 9.25 | 0.25 0.5 0.5 1 1 0.5 0.5 0.5 1 0.5 0.5 0.5 1 0.5 0.5 1 1 0.5 0.5 1 0.5 0.5 0.25 1 0.75 0.5 0.5 1 
Int: 10 | 1 1 0 1 1 1 0 1 1 0 0 1 1 1 0 1 1 0 1 1 1 0 1 1 0 0 1 1 
BDS: 13 | 1 1 1 1 1 1 0 0 1 1 1 0 1 1 0 1 1 1 0 1 1 1 1 1 0 1 1 1 

