18 31

10 17
10 14
9 14
8 16
8 14
7 16
7 15
7 14
6 15
6 13
6 12
5 17
5 16
5 11
4 17
4 16
4 15
4 11
3 15
3 12
3 11
2 13
2 12
2 10
1 13
1 10
1 9
0 17
0 13
0 9
0 8
----------

51783: 8 16, 7 14, 6 13, 5 11, 4 17, 3 15, 2 12, 1 10, 0 9
Frc: 9.16667 | 0.166667 0.166667 0.333333 1 0.5 0.5 0.5 1 0.333333 1 0.666667 0.666667 0.333333 1 1 0.166667 0.5 0.333333 1 0.333333 0.666667 0.333333 1 0.666667 0.333333 1 0.666667 0.166667 0.333333 1 0.5 
Int: 10 | 0 1 0 1 0 0 1 1 0 1 1 1 0 1 1 1 0 0 1 0 1 0 1 1 0 1 1 0 1 1 1 
BDS: 13 | 0 0 1 1 1 0 1 1 0 1 1 1 1 1 1 0 1 0 1 1 1 1 1 1 0 1 1 0 1 1 0 

