18 31

12 17
11 17
10 15
9 13
8 16
8 15
7 17
7 15
7 13
6 16
6 14
6 12
5 16
5 15
5 11
4 16
4 14
4 11
3 14
3 12
3 11
2 13
2 12
2 10
1 13
1 10
1 9
0 17
0 14
0 9
0 8
----------

48417: 8 15, 7 17, 6 16, 5 11, 4 14, 3 12, 2 13, 1 10, 0 9
Frc: 9.1875 | 0.6875 0.1875 0.0625 0.0625 0.1875 1 1 0.125 0.875 1 0.375 0.625 0.1875 0.8125 1 0.625 1 0.375 0.5625 1 0.4375 1 0.0625 0.9375 0.0625 1 0.9375 0.125 0.0625 1 0.8125 
Int: 10 | 1 0 0 0 0 1 1 0 1 1 0 1 0 1 1 1 1 0 1 1 1 1 0 1 0 1 1 0 0 1 1 
BDS: 13 | 1 1 1 1 1 1 1 1 0 1 0 1 0 1 1 1 1 0 1 1 0 1 1 0 0 1 1 1 0 1 0 

