18 29

14 17
10 16
9 17
8 16
8 15
7 17
7 15
7 14
6 17
6 14
6 12
5 14
5 13
5 11
4 16
4 12
4 11
3 13
3 12
3 11
2 15
2 13
2 10
1 16
1 10
1 9
0 15
0 9
0 8
----------

34924: 8 16, 7 17, 6 12, 5 14, 4 11, 3 13, 2 15, 1 10, 0 9
Frc: 9.16667 | 0.166667 0.166667 0.333333 1 0.166667 1 0.666667 0.333333 0.5 0.5 1 1 0.5 0.5 0.5 0.5 1 1 0.5 0.5 1 0.5 0.833333 0.333333 1 0.666667 0.166667 1 0.833333 
Int: 10 | 1 0 0 1 0 1 1 0 0 1 1 0 1 1 1 0 1 1 1 0 1 0 1 0 1 1 0 1 1 
BDS: 13 | 0 0 0 1 1 1 1 1 1 0 1 1 1 1 0 1 1 1 1 0 1 1 1 1 1 1 1 1 0 

