18 29

13 17
10 16
9 17
8 16
8 15
7 16
7 15
7 14
6 15
6 14
6 12
5 17
5 13
5 11
4 17
4 12
4 11
3 13
3 12
3 11
2 14
2 13
2 10
1 16
1 10
1 9
0 15
0 9
0 8
----------

34940: 8 16, 7 15, 6 14, 5 11, 4 17, 3 12, 2 13, 1 10, 0 9
Frc: 9.11111 | 0.111111 0.333333 0.333333 1 0.333333 0.333333 1 0.666667 0.333333 1 0.666667 0.555556 0.444444 1 1 0.555556 0.444444 0.444444 1 0.555556 0.333333 1 0.666667 0.333333 1 0.666667 0.333333 1 0.666667 
Int: 10 | 0 0 1 1 1 0 1 1 1 1 0 0 1 1 1 1 0 0 1 1 0 1 1 1 1 0 1 1 0 
BDS: 13 | 0 1 1 1 0 1 1 0 1 1 1 1 0 1 1 1 0 1 1 1 1 1 1 0 1 1 0 1 1 

