18 30

13 17
10 14
9 15
8 17
8 14
7 17
7 15
7 13
6 15
6 14
6 12
5 16
5 13
5 11
4 17
4 16
4 12
4 11
3 14
3 12
3 11
2 16
2 13
2 10
1 15
1 10
1 9
0 16
0 9
0 8
----------

41368: 8 17, 7 15, 6 12, 5 13, 4 11, 3 14, 2 16, 1 10, 0 9
Frc: 9 | 0.25 0.125 0.25 1 0.375 0.375 1 0.625 0.5 0.5 1 0.5 1 0.5 0.375 0.125 0.5 1 1 0.5 0.5 1 0.125 0.875 0.25 1 0.75 0.375 1 0.625 
Int: 10 | 0 0 0 1 1 0 1 1 1 0 1 0 1 1 1 1 0 1 1 1 0 1 0 1 0 1 1 0 1 1 
BDS: 13 | 0 1 1 1 1 0 1 1 1 0 1 0 1 1 1 1 1 1 1 1 0 1 0 1 1 1 0 0 1 1 

