18 30

12 17
11 17
10 15
9 15
8 15
8 14
7 17
7 15
7 14
6 16
6 13
6 12
5 16
5 13
5 11
4 14
4 12
4 11
3 13
3 12
3 11
2 17
2 16
2 10
1 16
1 10
1 9
0 14
0 9
0 8
----------

41597: 8 15, 7 14, 6 16, 5 13, 4 11, 3 12, 2 17, 1 10, 0 9
Frc: 9.25 | 0.583333 0.166667 0.166667 0.0833333 1 0.0833333 0.25 0.75 1 1 0.416667 0.583333 0.583333 1 0.416667 0.833333 0.166667 1 0.583333 1 0.416667 1 0.166667 0.833333 0.25 1 0.916667 0.0833333 1 0.916667 
Int: 10 | 1 0 0 0 1 0 0 1 1 1 0 1 1 1 0 1 0 1 1 1 1 1 0 1 0 1 1 0 1 1 
BDS: 13 | 1 1 1 0 1 0 1 0 1 1 0 1 1 1 0 1 0 1 1 1 0 1 1 0 1 1 1 1 1 1 

