18 30

13 17
11 14
10 14
9 15
8 17
8 15
7 15
7 14
7 13
6 17
6 16
6 12
5 14
5 13
5 11
4 17
4 12
4 11
3 16
3 12
3 11
2 16
2 13
2 10
1 15
1 10
1 9
0 16
0 9
0 8
----------

40880: 8 15, 7 14, 6 17, 5 13, 4 11, 3 12, 2 16, 1 10, 0 9
Frc: 9.08333 | 0.333333 0.0833333 0.333333 0.166667 0.166667 1 0.666667 1 0.333333 1 0.5 0.5 0.583333 1 0.416667 0.5 0.5 1 0.5 1 0.5 1 0.333333 0.666667 0.166667 1 0.833333 0.166667 1 0.833333 
Int: 10 | 1 0 0 0 0 1 1 1 0 1 1 1 1 1 0 1 0 1 0 1 1 1 0 1 0 1 1 0 1 1 
BDS: 13 | 0 1 1 1 1 1 0 1 1 1 1 0 1 1 0 1 1 1 1 1 0 1 1 0 0 1 1 1 1 0 

