18 30

10 14
9 15
8 15
8 14
7 16
7 14
7 13
6 17
6 14
6 12
5 17
5 15
5 13
5 11
4 17
4 12
4 11
3 15
3 12
3 11
2 16
2 13
2 10
1 16
1 10
1 9
0 17
0 16
0 9
0 8
----------

53239: 9 15, 7 14, 6 12, 5 13, 4 17, 3 11, 2 16, 1 10, 0 8
Frc: 9.16667 | 0.166667 1 0.333333 0.666667 0.166667 1 0.833333 0.5 0.5 1 0.333333 0.166667 1 0.5 1 0.5 0.5 0.5 0.5 1 1 0.166667 0.833333 0.166667 1 0.833333 0.166667 0.666667 0.166667 1 
Int: 10 | 0 1 0 1 0 1 1 0 1 1 1 1 1 0 1 0 1 0 1 1 1 0 1 0 1 1 0 1 0 1 
BDS: 13 | 1 1 1 0 0 1 1 1 1 1 0 1 1 0 1 0 1 1 1 1 1 1 0 1 1 0 0 1 1 1 

