18 30

11 17
10 15
9 17
9 16
8 17
8 14
7 16
7 14
7 13
6 15
6 14
6 12
5 17
5 13
5 11
4 15
4 12
4 11
3 14
3 12
3 11
2 16
2 13
2 10
1 16
1 10
1 9
0 15
0 9
0 8
----------

40832: 8 17, 7 16, 6 14, 5 11, 4 15, 3 12, 2 13, 1 10, 0 9
Frc: 9.125 | 0.25 0.375 0.125 0.25 1 0.125 1 0.375 0.625 0.5 1 0.5 0.625 0.375 1 1 0.5 0.5 0.5 1 0.5 0.375 1 0.625 0.375 1 0.625 0.125 1 0.875 
Int: 10 | 0 0 1 0 1 1 1 1 0 0 1 1 0 1 1 1 0 1 1 1 0 0 1 1 1 1 0 1 1 0 
BDS: 13 | 0 1 1 0 1 1 1 0 1 1 1 0 1 1 1 1 1 1 1 1 0 1 1 0 1 1 0 1 1 0 

