18 30

12 17
11 17
10 17
9 14
8 15
8 13
7 17
7 15
7 14
6 16
6 15
6 12
5 16
5 15
5 11
4 16
4 12
4 11
3 13
3 12
3 11
2 14
2 13
2 10
1 14
1 10
1 9
0 16
0 9
0 8
----------

41111: 8 13, 7 17, 6 16, 5 15, 4 11, 3 12, 2 14, 1 10, 0 9
Frc: 9.22222 | 0.222222 0.555556 0.222222 0.111111 0.111111 1 1 0.222222 0.777778 1 0.666667 0.333333 0.333333 1 0.666667 0.555556 0.444444 1 0.777778 1 0.222222 1 0.222222 0.777778 0.111111 1 0.888889 0.111111 1 0.888889 
Int: 10 | 0 1 0 0 0 1 1 0 1 1 1 1 0 1 1 1 0 1 1 1 0 1 0 1 0 1 1 0 1 1 
BDS: 13 | 1 1 1 0 1 1 1 1 0 1 1 0 0 1 1 1 0 1 1 1 0 1 1 0 1 1 1 1 1 0 

41643: 8 13, 7 17, 6 15, 5 16, 4 12, 3 11, 2 14, 1 10, 0 9
Frc: 9.22222 | 0.555556 0.222222 0.222222 0.111111 0.111111 1 1 0.222222 0.777778 0.333333 1 0.666667 1 0.666667 0.333333 0.555556 1 0.444444 0.777778 0.222222 1 1 0.222222 0.777778 0.111111 1 0.888889 0.111111 1 0.888889 
Int: 10 | 1 0 0 0 0 1 1 0 1 0 1 1 1 1 0 1 1 1 1 0 1 1 0 1 0 1 1 0 1 1 
BDS: 13 | 1 1 1 0 1 1 1 1 0 0 1 1 1 1 0 1 1 0 1 0 1 1 1 0 1 1 1 1 1 0 

