18 30

13 17
12 17
10 14
9 14
8 16
8 14
7 17
7 16
7 14
6 16
6 15
6 12
5 15
5 13
5 11
4 15
4 12
4 11
3 13
3 12
3 11
2 17
2 13
2 10
1 15
1 10
1 9
0 16
0 9
0 8
----------

40850: 8 14, 7 16, 6 12, 5 15, 4 11, 3 13, 2 17, 1 10, 0 9
Frc: 9.25 | 0.583333 0.166667 0.166667 0.0833333 0.0833333 1 0.25 1 0.75 0.833333 0.166667 1 1 0.583333 0.416667 0.583333 0.416667 1 1 0.416667 0.583333 1 0.166667 0.833333 0.25 1 0.916667 0.0833333 1 0.916667 
Int: 10 | 1 0 0 0 0 1 0 1 1 1 0 1 1 1 0 1 0 1 1 1 1 1 0 1 0 1 1 0 1 1 
BDS: 13 | 1 1 1 0 0 1 1 1 0 1 0 1 1 1 0 1 0 1 1 0 1 1 1 0 1 1 1 1 1 1 

