18 30

13 17
10 16
9 14
8 16
8 15
7 17
7 15
7 14
6 17
6 16
6 12
5 14
5 13
5 11
4 17
4 14
4 12
4 11
3 13
3 12
3 11
2 15
2 13
2 10
1 16
1 10
1 9
0 15
0 9
0 8
----------

41373: 8 16, 7 14, 6 17, 5 13, 4 11, 3 12, 2 15, 1 10, 0 9
Frc: 9.23077 | 0.0769231 0.153846 0.384615 1 0.153846 0.461538 0.692308 1 1 0.461538 0.538462 0.538462 1 0.461538 0.461538 0.0769231 0.461538 1 0.461538 1 0.538462 1 0.461538 0.846154 0.384615 1 0.615385 0.153846 1 0.846154 
Int: 10 | 0 0 0 1 0 0 1 1 1 1 1 1 1 0 1 0 0 1 1 1 1 1 0 1 0 1 1 0 1 1 
BDS: 13 | 0 0 0 1 1 1 0 1 1 1 1 1 1 1 0 0 1 1 1 1 0 1 1 1 1 1 1 1 1 0 

