18 30

10 14
9 15
8 16
8 14
7 16
7 15
7 14
6 17
6 15
6 12
5 17
5 15
5 13
5 11
4 17
4 16
4 12
4 11
3 13
3 12
3 11
2 16
2 13
2 10
1 17
1 10
1 9
0 14
0 9
0 8
----------

42804: 8 16, 7 14, 6 12, 5 15, 4 17, 3 11, 2 13, 1 10, 0 9
Frc: 9.125 | 0.25 0.25 1 0.375 0.625 0.375 1 0.625 0.375 1 0.125 1 0.375 0.5 1 0.125 0.375 0.5 0.625 0.625 1 0.25 1 0.75 0.25 1 0.75 0.375 1 0.625 
Int: 10 | 1 0 1 0 0 1 1 1 0 1 1 1 0 0 1 0 0 1 1 1 1 1 1 0 0 1 1 0 1 1 
BDS: 13 | 1 1 1 1 1 0 1 1 1 1 0 1 1 0 1 0 0 1 1 1 1 1 1 0 0 1 1 1 1 0 

