18 30

12 17
11 17
10 16
9 15
8 17
8 14
7 17
7 16
7 13
6 15
6 14
6 12
5 15
5 14
5 11
4 14
4 12
4 11
3 13
3 12
3 11
2 16
2 13
2 10
1 15
1 10
1 9
0 16
0 9
0 8
----------

40601: 8 17, 7 13, 6 14, 5 15, 4 11, 3 12, 2 16, 1 10, 0 9
Frc: 9.16667 | 0.166667 0.5 0.166667 0.166667 1 0.166667 0.333333 0.666667 1 0.666667 1 0.333333 1 0.333333 0.666667 0.5 0.5 1 0.833333 1 0.166667 1 0.166667 0.833333 0.166667 1 0.833333 0.166667 1 0.833333 
Int: 10 | 0 1 0 0 1 0 0 1 1 1 1 0 1 0 1 1 1 1 1 1 0 1 0 1 0 1 1 0 1 1 
BDS: 13 | 1 1 0 1 1 1 1 0 1 1 1 0 1 0 1 1 0 1 1 1 0 1 1 1 1 1 0 1 1 0 

41154: 8 17, 7 13, 6 15, 5 14, 4 12, 3 11, 2 16, 1 10, 0 9
Frc: 9.16667 | 0.5 0.166667 0.166667 0.166667 1 0.166667 0.333333 0.666667 1 1 0.333333 0.666667 0.666667 1 0.333333 0.5 1 0.5 0.833333 0.166667 1 1 0.166667 0.833333 0.166667 1 0.833333 0.166667 1 0.833333 
Int: 10 | 1 0 0 0 1 0 0 1 1 1 0 1 1 1 0 1 1 1 1 0 1 1 0 1 0 1 1 0 1 1 
BDS: 13 | 1 1 0 1 1 1 1 0 1 1 0 1 1 1 0 1 1 0 1 0 1 1 1 1 1 1 0 1 1 0 

