18 31

10 14
9 15
8 16
8 15
7 16
7 14
7 13
6 17
6 16
6 15
6 12
5 17
5 16
5 14
5 11
4 17
4 12
4 11
3 13
3 12
3 11
2 14
2 13
2 10
1 17
1 15
1 10
1 9
0 13
0 9
0 8
----------

49548: 8 15, 7 16, 6 17, 5 14, 4 11, 3 12, 2 13, 1 10, 0 9
Frc: 9.125 | 0.125 0.5 0.5 1 1 0.75 0.25 1 0.25 0.25 0.5 0.25 0.25 1 0.5 0.5 0.5 1 0.5 1 0.5 0.125 1 0.875 0.25 0.25 1 0.5 0.5 1 0.5 
Int: 10 | 0 1 1 1 1 1 0 1 1 0 0 0 0 1 1 0 1 1 1 1 0 0 1 1 1 0 1 0 1 1 0 
BDS: 13 | 0 0 1 1 1 0 1 1 1 0 1 0 0 1 1 0 1 1 1 1 0 1 1 1 1 1 1 1 1 1 0 

