18 31

10 17
10 16
9 16
8 16
8 14
7 15
7 14
7 13
6 17
6 16
6 12
5 17
5 15
5 13
5 11
4 17
4 15
4 12
4 11
3 13
3 12
3 11
2 15
2 14
2 10
1 13
1 10
1 9
0 14
0 9
0 8
----------

49537: 8 16, 7 15, 6 17, 5 13, 4 11, 3 12, 2 14, 1 10, 0 9
Frc: 9.11111 | 0.222222 0.222222 0.222222 1 0.222222 1 0.555556 0.444444 1 0.555556 0.666667 0.333333 0.333333 1 0.333333 0.444444 0.222222 0.333333 1 0.333333 1 0.666667 0.444444 1 0.555556 0.222222 1 0.777778 0.222222 1 0.777778 
Int: 10 | 0 0 0 1 0 1 1 1 1 1 1 1 0 1 0 0 1 0 1 0 1 1 0 1 1 0 1 1 0 1 1 
BDS: 13 | 0 0 0 1 1 1 1 0 1 1 1 0 1 1 0 1 0 0 1 1 1 1 1 1 1 1 1 1 1 1 0 

