18 31

10 14
9 14
8 16
8 14
7 16
7 15
7 13
6 17
6 16
6 15
6 12
5 17
5 13
5 11
4 15
4 12
4 11
3 13
3 12
3 11
2 16
2 15
2 10
1 17
1 14
1 10
1 9
0 17
0 13
0 9
0 8
----------

51562: 8 14, 7 15, 6 17, 5 13, 4 11, 3 12, 2 16, 1 10, 0 9
Frc: 9.25 | 0.25 0.5 0.5 1 0.75 1 0.25 1 0.25 0.25 0.5 0.5 1 0.5 0.5 0.5 1 0.5 1 0.5 1 0.25 0.75 0.25 0.25 1 0.5 0.25 0.25 1 0.5 
Int: 10 | 0 1 1 1 1 1 0 1 0 0 1 1 1 0 1 0 1 0 1 1 1 0 1 1 0 1 0 0 1 1 0 
BDS: 13 | 1 0 0 1 0 1 1 1 1 0 1 1 1 0 1 0 1 1 1 1 1 1 1 0 0 1 1 0 1 1 1 

