18 31

10 16
9 17
9 15
8 17
8 13
7 15
7 13
7 12
6 17
6 14
6 13
6 12
5 16
5 15
5 11
4 16
4 14
4 11
3 15
3 14
3 11
2 17
2 14
2 12
2 10
1 16
1 10
1 9
0 13
0 9
0 8
----------

45808: 8 17, 7 13, 6 12, 5 15, 4 11, 3 14, 2 10, 1 16, 0 9
Frc: 9.27273 | 0.272727 0.272727 0.454545 1 0.272727 0.454545 1 0.545455 0.454545 0.0909091 0.454545 1 0.363636 1 0.636364 0.363636 0.636364 1 0.636364 1 0.363636 0.272727 0.272727 0.454545 1 1 0.727273 0.272727 0.272727 1 0.727273 
Int: 10 | 1 0 0 1 1 0 1 1 0 1 0 1 0 1 1 1 0 1 1 1 0 1 0 0 1 1 0 1 0 1 1 
BDS: 13 | 0 1 1 1 1 1 1 0 0 0 1 1 1 1 1 0 1 1 1 1 0 0 1 1 1 1 1 0 1 1 0 

