18 31

12 17
10 14
10 13
9 17
9 16
8 17
8 15
7 17
7 16
7 12
6 15
6 13
6 12
5 16
5 15
5 11
4 16
4 14
4 11
3 15
3 14
3 11
2 13
2 12
2 10
1 13
1 10
1 9
0 14
0 9
0 8
----------

47191: 8 17, 7 16, 6 13, 5 15, 4 11, 3 14, 2 12, 1 10, 0 9
Frc: 9.11111 | 0.166667 0.277778 0.222222 0.166667 0.111111 1 0.166667 0.666667 1 0.333333 0.5 1 0.5 0.444444 1 0.555556 0.444444 0.555556 1 0.555556 1 0.444444 0.5 1 0.5 0.277778 1 0.722222 0.166667 1 0.833333 
Int: 10 | 1 1 0 0 0 1 0 1 1 0 1 1 0 0 1 1 1 0 1 0 1 1 1 1 0 0 1 1 0 1 1 
BDS: 13 | 0 0 0 1 0 1 1 1 1 0 1 1 1 1 1 1 0 1 1 1 1 0 0 1 1 1 1 1 1 1 0 

