18 30

10 14
9 15
8 17
8 14
7 16
7 15
7 12
6 15
6 14
6 12
5 17
5 16
5 13
5 11
4 17
4 16
4 13
4 11
3 16
3 12
3 11
2 17
2 13
2 10
1 15
1 10
1 9
0 14
0 9
0 8
----------

41876: 8 14, 7 16, 6 15, 5 11, 4 13, 3 12, 2 17, 1 10, 0 9
Frc: 9.2 | 0.2 0.2 0.4 1 1 0.6 0.4 1 0.4 0.6 0.2 0.4 0.4 1 0.4 0.2 1 0.4 0.4 1 0.6 1 0.6 0.8 0.2 1 0.8 0.4 1 0.6 
Int: 10 | 0 0 0 1 1 1 1 1 1 0 0 0 1 1 1 1 1 0 0 1 1 1 0 1 0 1 1 0 1 1 
BDS: 13 | 0 1 1 1 1 1 0 1 1 1 0 0 1 1 1 0 1 0 1 1 1 1 1 1 0 1 1 0 1 1 

42455: 8 14, 7 16, 6 15, 5 13, 4 11, 3 12, 2 17, 1 10, 0 9
Frc: 9.2 | 0.2 0.2 0.4 1 1 0.6 0.4 1 0.4 0.6 0.4 0.2 1 0.4 0.2 0.4 0.4 1 0.4 1 0.6 1 0.6 0.8 0.2 1 0.8 0.4 1 0.6 
Int: 10 | 0 0 0 1 1 1 0 1 1 1 0 1 1 0 1 0 0 1 0 1 1 1 1 1 0 1 1 0 1 1 
BDS: 13 | 0 1 1 1 1 1 0 1 1 1 1 0 1 0 0 0 1 1 1 1 1 1 1 1 0 1 1 0 1 1 

