18 30

12 17
10 16
9 15
8 17
8 16
7 17
7 14
7 12
6 16
6 13
6 12
5 15
5 14
5 11
4 17
4 14
4 13
4 11
3 13
3 12
3 11
2 15
2 14
2 10
1 15
1 10
1 9
0 16
0 9
0 8
----------

40707: 8 17, 7 12, 6 16, 5 11, 4 14, 3 13, 2 15, 1 10, 0 9
Frc: 9 | 0.0909091 0.272727 0.272727 1 0.363636 0.818182 0.181818 1 1 0.545455 0.454545 0.454545 0.545455 1 0.0909091 1 0.454545 0.454545 1 0.454545 0.545455 1 0.272727 0.727273 0.272727 1 0.727273 0.363636 1 0.636364 
Int: 10 | 1 0 0 1 1 0 1 1 1 1 0 1 0 1 0 1 0 1 1 1 0 1 0 1 0 1 1 1 1 0 
BDS: 13 | 0 1 1 1 1 1 1 1 1 1 0 0 1 1 0 1 0 1 1 1 1 1 1 0 0 1 1 1 1 0 

