18 30

10 15
9 17
8 17
8 15
7 15
7 14
7 12
6 15
6 13
6 12
5 17
5 16
5 13
5 11
4 14
4 13
4 11
3 17
3 14
3 12
3 11
2 16
2 14
2 10
1 16
1 10
1 9
0 16
0 9
0 8
----------

42390: 8 17, 7 12, 6 15, 5 11, 4 13, 3 14, 2 16, 1 10, 0 9
Frc: 9.18182 | 0.272727 0.272727 1 0.272727 0.454545 0.545455 1 1 0.818182 0.545455 0.363636 0.454545 0.181818 1 0.181818 1 0.818182 0.363636 1 0.454545 0.181818 1 0.272727 0.727273 0.272727 1 0.727273 0.272727 1 0.727273 
Int: 10 | 1 0 1 0 1 0 1 1 1 0 1 0 0 1 0 1 1 0 1 1 0 1 1 0 1 1 1 0 1 1 
BDS: 13 | 1 0 1 1 1 0 1 1 1 1 1 0 0 1 1 1 1 0 1 1 0 1 1 0 1 1 1 0 1 1 

