18 30

10 14
9 17
8 17
8 14
7 16
7 15
7 12
6 15
6 13
6 12
5 15
5 14
5 11
4 17
4 14
4 13
4 11
3 16
3 12
3 11
2 15
2 13
2 10
1 16
1 10
1 9
0 17
0 16
0 9
0 8
----------

43498: 8 14, 7 15, 6 12, 5 11, 4 17, 3 16, 2 13, 1 10, 0 9
Frc: 9 | 0.125 0.375 0.5 1 0.25 1 0.75 0.25 0.75 1 0.625 0.375 1 1 0.5 0.25 0.25 1 0.25 0.75 0.125 1 0.875 0.375 1 0.625 0.125 0.375 1 0.5 
Int: 10 | 0 0 0 1 1 1 0 0 1 1 1 1 1 1 0 0 1 1 1 0 0 1 1 0 1 1 1 0 1 1 
BDS: 13 | 1 1 0 1 0 1 1 0 1 1 0 1 1 1 1 1 0 1 1 1 1 1 0 1 1 1 0 0 1 1 

