18 30

10 16
9 17
8 16
8 14
7 17
7 15
7 12
6 15
6 14
6 12
5 15
5 14
5 11
4 16
4 13
4 11
3 17
3 13
3 12
3 11
2 17
2 15
2 13
2 10
1 16
1 10
1 9
0 14
0 9
0 8
----------

42129: 8 16, 7 12, 6 14, 5 15, 4 13, 3 11, 2 17, 1 10, 0 9
Frc: 9.22222 | 0.222222 0.333333 1 0.222222 0.555556 0.444444 1 0.444444 1 0.555556 1 0.555556 0.444444 0.444444 1 0.555556 0.111111 0.444444 0.444444 1 1 0.111111 0.555556 0.777778 0.333333 1 0.666667 0.222222 1 0.777778 
Int: 10 | 0 1 1 1 0 1 1 0 1 1 1 0 1 1 1 0 0 1 0 1 1 0 0 1 1 1 0 1 1 0 
BDS: 13 | 0 0 1 1 1 0 1 0 1 1 1 1 1 0 1 1 0 1 0 1 1 1 1 1 1 1 1 1 1 0 

