18 30

10 17
10 16
9 17
8 17
8 14
7 15
7 14
7 12
6 16
6 13
6 12
5 17
5 15
5 13
5 11
4 14
4 13
4 11
3 15
3 12
3 11
2 16
2 14
2 10
1 15
1 10
1 9
0 16
0 9
0 8
----------

41655: 8 17, 7 15, 6 16, 5 11, 4 13, 3 12, 2 14, 1 10, 0 9
Frc: 9.16667 | 0.333333 0.166667 0.333333 1 0.333333 1 0.25 0.75 1 0.75 0.25 0.333333 0.416667 0.25 1 0.416667 1 0.583333 0.25 1 0.75 0.5 1 0.5 0.333333 1 0.666667 0.333333 1 0.666667 
Int: 10 | 0 0 0 1 1 1 1 0 1 1 1 1 0 0 1 0 1 1 1 1 0 0 1 1 0 1 1 1 1 0 
BDS: 13 | 0 1 1 1 1 1 0 1 1 0 1 0 1 1 1 1 1 1 0 1 1 1 1 0 0 1 1 1 1 0 

