18 29

14 17
10 15
9 17
8 17
8 15
7 16
7 15
7 12
6 15
6 13
6 12
5 16
5 14
5 11
4 14
4 13
4 11
3 13
3 12
3 11
2 16
2 14
2 10
1 17
1 10
1 9
0 16
0 9
0 8
----------

35292: 8 17, 7 12, 6 15, 5 11, 4 14, 3 13, 2 16, 1 10, 0 9
Frc: 9.16667 | 0.333333 0.166667 0.333333 1 0.333333 0.5 0.5 1 1 0.5 0.5 0.5 0.5 1 1 0.5 0.5 1 0.5 0.5 1 0.166667 0.833333 0.333333 1 0.666667 0.333333 1 0.666667 
Int: 10 | 1 0 0 1 1 1 0 1 1 1 0 1 0 1 1 0 1 1 1 0 1 0 1 0 1 1 1 1 0 
BDS: 13 | 1 1 1 1 0 1 0 1 1 0 1 0 1 1 1 1 0 1 1 1 1 0 1 1 1 0 1 1 1 

