18 31

10 17
10 14
9 17
8 13
8 12
7 16
7 15
7 13
6 17
6 16
6 15
6 12
5 16
5 15
5 11
4 17
4 16
4 14
4 11
3 15
3 13
3 11
2 14
2 12
2 10
1 14
1 10
1 9
0 13
0 9
0 8
----------

46363: 8 12, 7 15, 6 16, 5 11, 4 17, 3 13, 2 10, 1 14, 0 9
Frc: 9.16667 | 0.666667 0.166667 0.166667 0.166667 1 0.333333 1 0.666667 0.166667 1 0.166667 0.666667 0.5 0.5 1 1 0.166667 0.166667 0.666667 0.333333 1 0.666667 0.666667 0.333333 1 1 0.166667 0.833333 0.166667 1 0.833333 
Int: 10 | 1 0 0 0 1 0 1 1 0 1 0 1 1 1 1 1 0 0 1 0 1 1 1 0 1 1 0 1 0 1 1 
BDS: 13 | 0 0 0 1 1 0 1 1 1 1 0 1 0 1 1 1 1 1 1 0 1 1 0 1 1 1 1 1 1 1 0 

