18 29

14 17
10 16
9 15
8 12
8 11
7 17
7 16
7 15
6 17
6 15
6 14
5 16
5 14
5 13
4 16
4 13
4 12
3 14
3 13
3 12
2 17
2 11
2 10
1 15
1 10
1 9
0 11
0 9
0 8
----------

36658: 8 12, 7 17, 6 15, 5 14, 4 16, 3 13, 2 11, 1 10, 0 9
Frc: 9.16667 | 0.166667 0.166667 0.333333 1 0.5 1 0.666667 0.333333 0.666667 1 0.333333 0.5 1 0.5 1 0.5 0.5 0.5 1 0.5 0.166667 1 0.833333 0.333333 1 0.666667 0.5 1 0.5 
Int: 10 | 0 0 0 1 0 1 0 1 0 1 1 1 1 0 1 1 0 0 1 1 1 1 1 0 1 1 1 1 1 
BDS: 13 | 1 1 1 1 0 1 0 1 0 1 1 1 1 0 1 1 0 1 1 1 0 1 1 1 1 0 1 1 1 

