18 30

13 14
10 15
9 11
8 17
8 16
7 16
7 15
7 14
6 17
6 16
6 13
5 15
5 14
5 13
4 17
4 15
4 12
3 16
3 14
3 12
2 17
2 12
2 11
2 10
1 11
1 10
1 9
0 13
0 9
0 8
----------

40579: 8 17, 7 16, 6 13, 5 15, 4 12, 3 14, 2 11, 1 10, 0 9
Frc: 9.125 | 0.0625 0.5 0.5 1 0.0625 1 0.1875 0.8125 0.25 0.75 1 1 0.125 0.875 0.6875 0.3125 1 0.1875 1 0.8125 0.0625 0.4375 1 0.5 0.5 1 0.5 0.0625 1 0.9375 
Int: 10 | 0 1 0 1 0 1 0 1 0 1 1 1 0 1 1 0 1 0 1 1 1 0 1 0 1 1 1 0 1 1 
BDS: 13 | 0 1 1 1 1 1 0 1 1 0 1 1 1 1 1 0 1 0 1 1 0 1 1 1 0 1 1 0 1 1 

