18 28

10 17
9 11
8 16
8 14
7 17
7 15
7 13
6 16
6 15
6 13
5 16
5 15
5 12
4 17
4 14
4 12
3 14
3 13
3 12
2 17
2 11
2 10
1 11
1 10
1 9
0 16
0 9
0 8
----------

31300: 8 14, 7 13, 6 15, 5 16, 4 17, 3 12, 2 11, 1 10, 0 9
Frc: 9.25 | 0.5 0.5 0.25 1 0.5 0.5 1 0.5 1 0.5 1 0.5 0.5 1 0.5 0.5 0.5 0.5 1 0.5 1 0.5 0.5 1 0.5 0.25 1 0.75 
Int: 11 | 0 1 0 1 0 1 1 1 1 0 1 0 1 1 0 1 1 1 1 1 0 1 1 1 0 0 1 1 
BDS: 13 | 0 1 1 1 0 1 1 1 1 0 1 1 1 1 1 0 1 1 1 1 1 1 0 1 1 1 1 0 

31304: 8 14, 7 13, 6 16, 5 15, 4 17, 3 12, 2 11, 1 10, 0 9
Frc: 9.25 | 0.5 0.5 0.25 1 0.5 0.5 1 1 0.5 0.5 0.5 1 0.5 1 0.5 0.5 0.5 0.5 1 0.5 1 0.5 0.5 1 0.5 0.25 1 0.75 
Int: 11 | 1 1 1 1 0 1 1 1 0 1 0 1 1 1 1 0 1 0 1 1 1 0 1 1 0 1 1 0 
BDS: 13 | 1 1 1 1 1 1 1 1 0 1 1 1 1 1 1 0 1 0 1 0 1 1 0 1 1 1 1 0 

31345: 8 14, 7 15, 6 13, 5 16, 4 17, 3 12, 2 11, 1 10, 0 9
Frc: 9.25 | 0.5 0.5 0.25 1 0.5 1 0.5 0.5 0.5 1 1 0.5 0.5 1 0.5 0.5 0.5 0.5 1 0.5 1 0.5 0.5 1 0.5 0.25 1 0.75 
Int: 11 | 0 1 1 1 0 1 1 1 0 1 1 1 0 1 0 1 1 0 1 1 1 1 1 1 0 1 1 0 
BDS: 13 | 1 1 0 1 1 1 0 1 1 1 1 0 1 1 0 1 1 1 1 0 1 1 0 1 1 1 1 1 

