18 30

10 15
9 11
8 15
8 12
7 16
7 15
7 14
6 17
6 16
6 13
5 17
5 14
5 13
4 16
4 14
4 13
3 17
3 16
3 12
2 14
2 12
2 11
2 10
1 17
1 11
1 10
1 9
0 15
0 9
0 8
----------

41847: 8 12, 7 15, 6 13, 5 17, 4 14, 3 16, 2 11, 1 10, 0 9
Frc: 9.27273 | 0.454545 0.545455 0.272727 1 0.272727 1 0.727273 0.636364 0.363636 1 1 0.636364 0.363636 0.363636 1 0.636364 0.272727 1 0.727273 0.181818 0.272727 1 0.545455 0.0909091 0.454545 1 0.454545 0.272727 1 0.727273 
Int: 10 | 1 1 0 1 1 1 0 1 0 1 1 0 1 0 1 1 0 1 1 1 0 1 0 1 0 1 0 0 1 1 
BDS: 13 | 0 0 0 1 1 1 1 1 0 1 1 1 0 0 1 1 1 1 0 0 1 1 1 1 1 1 1 1 1 1 

