18 29

13 17
10 15
9 11
8 16
8 14
7 17
7 16
7 14
6 17
6 15
6 13
5 16
5 15
5 13
4 15
4 14
4 12
3 16
3 13
3 12
2 12
2 11
2 10
1 11
1 10
1 9
0 17
0 9
0 8
----------

35599: 8 14, 7 17, 6 15, 5 16, 4 12, 3 13, 2 11, 1 10, 0 9
Frc: 9.14286 | 0.0714286 0.5 0.5 0.0714286 1 1 0.714286 0.285714 0.857143 1 0.142857 1 0.214286 0.785714 0.285714 0.714286 1 0.214286 1 0.785714 0.5 1 0.5 0.5 1 0.5 0.0714286 1 0.928571 
Int: 10 | 0 1 1 0 1 1 1 0 1 1 0 1 0 1 0 1 1 0 1 1 0 1 1 0 1 1 0 1 1 
BDS: 13 | 0 1 1 1 1 1 0 1 1 1 1 1 0 1 0 1 1 0 1 1 1 1 1 0 1 1 0 1 1 

