18 30

13 17
10 17
10 16
9 11
8 17
8 15
7 17
7 15
7 14
6 16
6 15
6 13
5 16
5 14
5 12
4 16
4 13
4 12
3 14
3 13
3 12
2 14
2 11
2 10
1 11
1 10
1 9
0 15
0 9
0 8
----------

41439: 8 17, 7 15, 6 16, 5 14, 4 12, 3 13, 2 11, 1 10, 0 9
Frc: 9.27273 | 0.136364 0.136364 0.363636 0.5 1 0.136364 0.727273 1 0.272727 1 0.727273 0.272727 0.409091 1 0.590909 0.409091 0.590909 1 0.590909 1 0.409091 0.5 1 0.5 0.5 1 0.5 0.136364 1 0.863636 
Int: 11 | 0 0 0 1 1 0 1 1 0 1 1 0 0 1 1 1 1 1 1 1 0 1 0 1 1 1 0 0 1 1 
BDS: 13 | 1 0 1 1 1 0 0 1 1 1 0 1 1 1 1 0 1 1 1 1 0 0 1 1 0 1 1 1 1 1 

