18 30

9 16
8 16
8 15
8 14
7 16
7 15
7 12
6 17
6 13
6 11
5 15
5 12
5 11
4 14
4 13
4 10
3 14
3 12
3 10
2 17
2 15
2 11
2 10
1 17
1 16
1 9
0 17
0 14
0 13
0 9
----------

53428: 8 15, 7 16, 6 13, 5 12, 4 14, 3 10, 2 11, 1 17, 0 9
Frc: 9.16667 | 0.166667 0.666667 1 0.333333 1 0.333333 0.666667 0.5 1 0.5 0.5 1 0.5 1 0.5 0.5 0.333333 0.666667 1 0.333333 0.166667 1 0.5 1 0.166667 0.833333 0.166667 0.333333 0.5 1 
Int: 10 | 1 0 1 1 1 1 0 1 1 0 0 1 1 1 0 1 0 1 1 1 0 1 0 1 1 0 0 0 1 1 
BDS: 13 | 1 1 1 0 1 0 1 1 1 0 1 1 1 1 1 0 1 1 1 1 0 1 1 1 1 0 0 0 1 1 

