18 29

11 17
10 15
9 15
8 17
8 14
7 17
7 16
7 14
6 16
6 15
6 12
5 17
5 16
5 11
4 14
4 13
4 11
3 14
3 13
3 10
2 15
2 12
2 10
1 13
1 12
1 9
0 16
0 9
0 8
----------

33361: 8 14, 7 17, 6 15, 5 16, 4 11, 3 10, 2 12, 1 13, 0 9
Frc: 9.22222 | 0.444444 0.333333 0.333333 0.111111 1 1 0.555556 0.444444 0.333333 1 0.666667 0.444444 1 0.555556 0.666667 0.333333 1 0.333333 0.666667 1 0.333333 1 0.666667 1 0.333333 0.666667 0.111111 1 0.888889 
Int: 10 | 0 0 1 0 1 1 1 0 1 1 0 1 1 1 0 1 1 1 0 1 0 1 1 1 1 0 0 1 1 
BDS: 13 | 1 1 1 0 1 1 0 1 0 1 1 0 1 1 0 1 1 1 1 1 1 1 0 1 1 0 1 1 1 

