18 29

11 16
10 15
9 15
8 15
8 13
7 17
7 16
7 14
6 17
6 16
6 13
5 17
5 15
5 11
4 16
4 14
4 11
3 17
3 13
3 10
2 14
2 12
2 10
1 14
1 12
1 9
0 12
0 9
0 8
----------

43787: 9 15, 7 17, 6 16, 5 11, 4 14, 3 13, 2 10, 1 12, 0 8
Frc: 9.22222 | 0.111111 0.111111 1 0.555556 0.444444 1 0.777778 0.222222 0.222222 1 0.777778 0.666667 0.333333 1 0.111111 1 0.888889 0.111111 1 0.888889 0.333333 0.666667 1 0.444444 1 0.555556 0.555556 0.444444 1 
Int: 10 | 0 0 1 1 0 1 1 0 0 1 1 1 0 1 0 1 1 0 1 1 0 1 1 1 1 1 1 0 1 
BDS: 13 | 1 1 1 1 1 1 1 0 0 1 1 0 1 1 0 1 1 1 1 0 1 1 1 0 1 1 1 0 1 

