18 31

9 17
9 13
8 15
8 14
8 13
7 16
7 15
7 12
6 17
6 16
6 11
5 16
5 12
5 11
4 17
4 13
4 10
3 17
3 15
3 12
3 10
2 14
2 13
2 11
2 10
1 16
1 14
1 9
0 15
0 14
0 9
----------

62031: 8 15, 7 12, 6 16, 5 11, 4 17, 3 10, 2 13, 1 14, 0 9
Frc: 9.27273 | 0.181818 0.0909091 1 0.545455 0.454545 0.363636 0.636364 1 0.363636 1 0.636364 0.363636 0.636364 1 1 0.454545 0.545455 0.454545 0.181818 0.363636 1 0.181818 1 0.363636 0.454545 0.272727 1 0.727273 0.727273 0.272727 1 
Int: 10 | 0 0 1 1 1 0 1 1 1 1 0 1 0 1 1 0 1 0 0 1 1 0 1 1 0 0 1 1 1 0 1 
BDS: 13 | 1 0 1 1 1 0 1 1 1 1 0 1 1 1 1 0 1 0 0 1 1 0 1 1 1 0 1 1 1 0 1 

