18 29

11 16
10 14
9 17
8 15
8 14
7 15
7 14
7 12
6 15
6 13
6 12
5 17
5 16
5 11
4 17
4 13
4 11
3 16
3 14
3 10
2 16
2 12
2 10
1 17
1 13
1 9
0 15
0 9
0 8
----------

35130: 8 14, 7 12, 6 15, 5 17, 4 11, 3 16, 2 10, 1 13, 0 9
Frc: 9.16667 | 0.333333 0.333333 0.333333 0.166667 1 0.666667 0.333333 1 1 0.666667 0.333333 1 0.333333 0.666667 0.333333 0.666667 1 1 0.333333 0.666667 0.333333 0.666667 1 0.333333 1 0.666667 0.166667 1 0.833333 
Int: 11 | 0 1 1 0 1 1 0 1 1 1 0 1 0 1 0 1 1 1 0 1 1 1 0 1 1 0 0 1 1 
BDS: 13 | 1 1 1 0 1 0 1 1 1 1 1 1 1 0 0 1 1 1 1 0 0 1 1 1 1 0 1 1 1 

