18 29

11 16
10 15
9 17
8 16
8 12
7 17
7 15
7 14
6 17
6 15
6 12
5 17
5 16
5 11
4 14
4 13
4 11
3 15
3 13
3 10
2 14
2 13
2 10
1 14
1 12
1 9
0 16
0 9
0 8
----------

35357: 8 16, 7 17, 6 15, 5 11, 4 14, 3 13, 2 10, 1 12, 0 9
Frc: 9.25 | 0.625 0.375 0.125 1 0.125 1 0.25 0.75 0.125 1 0.875 0.75 0.25 1 1 0.625 0.375 0.375 1 0.625 0.625 0.375 1 0.125 1 0.875 0.125 1 0.875 
Int: 10 | 1 1 0 1 0 1 0 1 0 1 1 1 0 1 1 1 0 0 1 1 1 0 1 0 1 1 0 1 1 
BDS: 13 | 1 1 1 1 1 1 1 0 1 1 0 1 0 1 1 1 1 1 1 0 1 0 1 1 1 0 0 1 1 

