18 30

12 17
11 17
10 17
9 16
8 16
8 15
7 15
7 13
7 12
6 14
6 13
6 12
5 16
5 14
5 11
4 15
4 13
4 11
3 14
3 13
3 10
2 14
2 12
2 10
1 17
1 16
1 9
0 15
0 9
0 8
----------

40594: 8 16, 7 12, 6 14, 5 11, 4 15, 3 13, 2 10, 1 17, 0 9
Frc: 9.16667 | 0.166667 0.166667 0.666667 0.0833333 1 0.0833333 0.833333 0.166667 1 1 0.666667 0.333333 0.833333 0.166667 1 1 0.166667 0.833333 0.333333 1 0.666667 0.5 0.5 1 1 0.0833333 0.916667 0.0833333 1 0.916667 
Int: 10 | 0 0 1 0 1 0 1 0 1 1 1 1 1 0 1 1 0 1 0 1 1 1 0 1 1 0 1 0 1 1 
BDS: 13 | 1 1 1 1 1 1 1 0 1 1 1 0 1 0 1 1 1 0 0 1 1 1 0 1 1 1 0 1 1 0 

