18 29

11 15
10 12
9 14
8 17
8 16
7 17
7 15
7 14
6 16
6 15
6 14
5 17
5 15
5 11
4 14
4 13
4 11
3 16
3 13
3 10
2 13
2 12
2 10
1 16
1 12
1 9
0 17
0 9
0 8
----------

32785: 8 16, 7 14, 6 15, 5 17, 4 11, 3 10, 2 13, 1 12, 0 9
Frc: 9.16667 | 0.166667 0.5 0.166667 0.333333 1 0.333333 0.666667 1 0.666667 1 0.333333 1 0.166667 0.833333 0.5 0.5 1 0.5 0.5 1 1 0.5 0.5 0.166667 1 0.833333 0.333333 1 0.666667 
Int: 11 | 0 1 1 1 1 0 1 1 1 1 0 1 0 1 0 1 1 0 1 1 1 1 0 1 1 0 0 1 1 
BDS: 13 | 1 1 1 1 1 0 1 1 1 1 0 1 0 1 0 1 1 1 1 1 1 1 0 1 1 0 0 1 1 

