18 30

12 17
11 13
10 12
9 17
8 17
8 16
7 16
7 15
7 13
6 15
6 14
6 13
5 16
5 15
5 11
4 14
4 13
4 11
3 16
3 15
3 10
2 17
2 12
2 10
1 14
1 12
1 9
0 14
0 9
0 8
----------

40064: 8 17, 7 13, 6 15, 5 11, 4 14, 3 16, 2 10, 1 12, 0 9
Frc: 9.25 | 0.25 0.125 0.125 0.375 1 0.375 0.75 0.25 1 1 0.25 0.75 0.375 0.625 1 1 0.125 0.875 1 0.125 0.875 0.375 0.625 1 0.375 1 0.625 0.375 1 0.625 
Int: 10 | 0 0 0 1 1 1 1 0 1 1 0 1 0 1 1 1 0 1 1 0 1 0 1 1 1 1 0 1 1 0 
BDS: 13 | 0 1 1 0 1 1 1 0 1 1 0 1 1 0 1 1 0 1 1 1 0 1 1 1 1 1 1 0 1 1 

