18 29

11 14
10 12
9 15
8 16
8 13
7 17
7 15
7 14
6 17
6 15
6 13
5 17
5 16
5 11
4 16
4 13
4 11
3 17
3 14
3 10
2 14
2 12
2 10
1 15
1 12
1 9
0 16
0 9
0 8
----------

33550: 8 13, 7 17, 6 15, 5 16, 4 11, 3 10, 2 14, 1 12, 0 9
Frc: 9.25 | 0.166667 0.5 0.166667 0.416667 1 1 0.666667 0.333333 0.333333 1 0.666667 0.166667 1 0.833333 0.166667 0.833333 1 0.5 0.5 1 1 0.5 0.5 0.166667 1 0.833333 0.416667 1 0.583333 
Int: 10 | 1 0 0 0 1 1 1 0 0 1 1 1 1 0 1 0 1 1 0 1 1 1 1 0 1 1 0 1 1 
BDS: 13 | 1 1 1 0 1 1 1 0 0 1 1 1 1 1 0 1 1 0 1 1 1 1 0 1 1 0 1 1 1 

