18 29

11 16
10 12
9 15
8 16
8 13
7 17
7 15
7 14
6 16
6 15
6 13
5 17
5 16
5 11
4 17
4 15
4 11
3 14
3 13
3 10
2 14
2 12
2 10
1 17
1 12
1 9
0 14
0 9
0 8
----------

33597: 8 16, 7 15, 6 13, 5 17, 4 11, 3 10, 2 14, 1 12, 0 9
Frc: 9.21429 | 0.357143 0.5 0.0714286 1 0.285714 0.571429 1 0.428571 0.285714 0.714286 1 1 0.357143 0.642857 0.357143 0.642857 1 0.285714 0.714286 1 1 0.5 0.5 0.0714286 1 0.928571 0.285714 1 0.714286 
Int: 10 | 0 0 0 1 0 0 1 1 1 0 1 1 0 1 0 1 1 0 1 1 1 1 1 1 1 1 0 1 1 
BDS: 13 | 1 1 1 1 1 1 1 0 1 0 1 1 1 0 0 1 1 1 1 1 1 1 0 1 1 0 1 1 0 

