18 30

12 17
11 13
10 12
9 14
8 16
8 14
7 17
7 15
7 13
6 15
6 13
6 12
5 16
5 15
5 11
4 17
4 13
4 11
3 17
3 16
3 10
2 16
2 14
2 10
1 15
1 12
1 9
0 14
0 9
0 8
----------

37783: 8 16, 7 15, 6 13, 5 11, 4 17, 3 10, 2 14, 1 12, 0 9
Frc: 9 | 0.142857 0.142857 0.142857 0.142857 1 0.428571 0.285714 1 0.714286 0.285714 1 0.714286 0.428571 0.571429 1 1 0.142857 0.857143 0.571429 0.428571 1 0.142857 1 0.857143 0.142857 1 0.857143 0.428571 1 0.571429 
Int: 10 | 0 0 0 1 1 0 0 1 1 0 1 1 0 1 1 1 0 1 1 1 1 0 1 1 0 1 1 0 1 1 
BDS: 13 | 0 1 1 0 1 1 0 1 1 0 1 1 1 0 1 1 0 1 1 1 1 1 1 0 1 1 1 1 1 0 

