18 29

11 15
10 12
9 16
8 14
8 13
7 17
7 15
7 14
6 17
6 16
6 12
5 17
5 16
5 11
4 13
4 12
4 11
3 17
3 15
3 10
2 15
2 14
2 10
1 16
1 13
1 9
0 14
0 9
0 8
----------

35959: 8 14, 7 15, 6 12, 5 16, 4 11, 3 17, 2 10, 1 13, 0 9
Frc: 9.23077 | 0.0769231 0.692308 0.153846 1 0.153846 0.615385 1 0.384615 0.307692 0.692308 1 0.0769231 1 0.923077 0.846154 0.307692 1 1 0.384615 0.615385 0.538462 0.461538 1 0.153846 1 0.846154 0.153846 1 0.846154 
Int: 10 | 0 1 0 1 0 1 1 0 0 1 1 0 1 1 1 0 1 1 0 1 1 1 1 0 1 1 0 1 1 
BDS: 13 | 1 1 1 1 1 1 1 0 1 0 1 1 1 0 1 0 1 1 0 1 1 1 1 1 1 0 0 1 1 

