18 29

11 16
10 12
9 15
8 17
8 16
7 17
7 16
7 15
6 16
6 15
6 12
5 17
5 13
5 11
4 15
4 12
4 11
3 17
3 14
3 10
2 14
2 13
2 10
1 14
1 13
1 9
0 14
0 9
0 8
----------

35952: 8 17, 7 15, 6 16, 5 11, 4 12, 3 14, 2 10, 1 13, 0 9
Frc: 9.16667 | 0.166667 0.333333 0.5 1 0.166667 0.333333 0.666667 1 1 0.333333 0.666667 0.333333 0.666667 1 0.166667 1 0.833333 0.333333 1 0.666667 0.333333 0.666667 1 0.5 1 0.5 0.166667 1 0.833333 
Int: 10 | 1 1 0 1 0 1 0 1 1 1 0 0 1 1 1 1 0 1 1 0 1 0 1 0 1 1 0 1 1 
BDS: 13 | 0 1 0 1 1 0 1 1 1 0 1 1 1 1 1 1 1 0 1 1 0 1 1 1 1 1 0 1 1 

