18 30

13 17
12 17
10 17
9 16
8 17
8 15
7 16
7 14
7 13
6 16
6 14
6 12
5 16
5 13
5 12
4 15
4 13
4 12
3 15
3 14
3 10
2 14
2 11
2 10
1 15
1 11
1 9
0 11
0 9
0 8
----------

42557: 8 17, 7 16, 6 14, 5 12, 4 13, 3 15, 2 10, 1 11, 0 9
Frc: 9.22222 | 0.222222 0.555556 0.222222 0.111111 1 0.111111 1 0.666667 0.333333 0.333333 1 0.666667 0.555556 0.444444 1 0.777778 1 0.222222 1 0.222222 0.777778 0.111111 0.888889 1 0.111111 1 0.888889 0.111111 1 0.888889 
Int: 10 | 0 0 1 1 1 0 1 1 0 0 1 1 0 1 1 1 1 0 1 0 1 0 1 1 0 1 1 0 1 1 
BDS: 13 | 1 1 1 1 1 1 1 1 0 0 1 1 1 0 1 1 1 0 1 1 0 0 1 1 1 1 0 1 1 0 

42725: 8 17, 7 14, 6 16, 5 13, 4 12, 3 15, 2 10, 1 11, 0 9
Frc: 9.22222 | 0.555556 0.222222 0.222222 0.111111 1 0.111111 0.333333 1 0.666667 1 0.666667 0.333333 0.555556 1 0.444444 0.777778 0.222222 1 1 0.222222 0.777778 0.111111 0.888889 1 0.111111 1 0.888889 0.111111 1 0.888889 
Int: 10 | 1 0 0 0 1 0 0 1 1 1 1 0 1 1 1 1 0 1 1 0 1 0 1 1 0 1 1 0 1 1 
BDS: 13 | 1 1 1 1 1 1 0 1 1 1 1 0 1 1 0 1 0 1 1 1 0 0 1 1 1 1 0 1 1 0 

