18 31

9 14
8 16
8 13
8 12
7 15
7 13
7 12
6 16
6 14
6 11
5 17
5 15
5 14
5 11
4 16
4 13
4 10
3 15
3 13
3 10
2 17
2 16
2 11
2 10
1 17
1 14
1 9
0 17
0 15
0 12
0 9
----------

62332: 8 12, 7 15, 6 14, 5 11, 4 13, 3 10, 2 16, 1 17, 0 9
Frc: 9.27273 | 0.272727 0.636364 0.363636 1 1 0.363636 0.636364 0.454545 1 0.545455 0.454545 0.0909091 0.454545 1 0.272727 1 0.727273 0.727273 0.272727 1 0.272727 1 0.454545 0.272727 1 0.272727 0.727273 0.272727 0.363636 0.363636 1 
Int: 11 | 1 1 1 1 1 0 1 0 1 1 0 1 0 1 0 1 1 1 0 1 1 1 0 0 1 1 0 1 0 0 1 
BDS: 13 | 1 1 0 1 1 1 0 1 1 0 0 1 1 1 0 1 1 1 0 1 0 1 1 0 1 1 0 1 1 1 1 

