18 31

10 17
9 13
8 16
8 13
7 15
7 14
7 13
6 16
6 15
6 12
5 17
5 16
5 14
5 12
4 15
4 14
4 12
3 17
3 16
3 15
3 10
2 14
2 11
2 10
1 13
1 11
1 9
0 17
0 11
0 9
0 8
----------

51761: 8 13, 7 15, 6 16, 5 14, 4 12, 3 17, 2 10, 1 11, 0 9
Frc: 9 | 0.625 0.125 0.25 1 1 0.25 0.75 1 0.375 0.625 0.25 0.375 1 0.375 0.375 0.625 1 1 0.375 0.25 0.375 0.125 0.875 1 0.125 1 0.875 0.125 0.125 1 0.75 
Int: 10 | 0 0 0 1 1 0 1 1 0 1 1 0 1 0 1 0 1 1 1 0 1 1 1 1 0 1 1 0 0 1 1 
BDS: 13 | 1 0 1 1 1 1 0 1 1 1 0 1 1 0 0 1 1 1 0 1 0 1 1 1 1 1 1 1 0 1 0 

