18 31

12 17
11 17
10 14
10 13
9 13
8 17
8 15
7 17
7 16
7 15
6 16
6 14
6 12
5 16
5 13
5 12
4 14
4 13
4 12
3 16
3 15
3 10
2 14
2 11
2 10
1 15
1 11
1 9
0 11
0 9
0 8
----------

45923: 8 17, 7 15, 6 12, 5 16, 4 13, 3 10, 2 14, 1 11, 0 9
Frc: 9.18182 | 0.0909091 0.0909091 0.181818 0.636364 0.0909091 1 0.0909091 0.818182 0.181818 1 0.636364 0.363636 1 1 0.636364 0.363636 0.454545 1 0.545455 0.181818 0.818182 1 1 0.818182 0.181818 0.0909091 1 0.909091 0.0909091 1 0.909091 
Int: 10 | 0 0 0 1 0 1 0 1 0 1 1 0 1 1 1 0 1 1 1 0 1 1 1 1 0 0 1 1 0 1 1 
BDS: 13 | 1 0 1 1 1 1 0 0 1 1 1 0 1 1 1 0 0 1 1 1 0 1 1 1 0 1 1 0 1 1 1 

