18 30

10 16
9 15
8 17
8 13
8 12
7 17
7 15
7 14
6 16
6 15
6 14
5 17
5 16
5 13
4 16
4 15
4 13
3 14
3 12
3 10
2 14
2 11
2 10
1 17
1 12
1 11
1 9
0 11
0 9
0 8
----------

33168: 8 13, 7 15, 6 14, 5 17, 4 16, 3 12, 2 10, 1 9, 0 11
Frc: 9.16667 | 0.166667 0.166667 0.166667 1 0.666667 0.333333 1 0.666667 0.666667 0.333333 1 1 0.5 0.5 1 0.5 0.5 0.166667 1 0.833333 0.166667 0.833333 1 0.5 0.333333 0.166667 1 1 0.833333 0.166667 
Int: 10 | 0 0 0 1 1 0 1 1 1 0 1 1 1 0 1 1 1 0 1 1 0 1 1 1 0 0 1 1 1 0 
BDS: 13 | 1 1 0 1 1 1 1 1 1 0 1 1 1 1 1 1 0 1 1 0 0 1 1 0 0 1 1 1 0 1 

