18 30

13 17
11 17
10 14
9 14
8 17
8 16
7 16
7 15
7 14
6 16
6 15
6 13
5 15
5 14
5 13
4 15
4 12
4 11
3 17
3 13
3 10
2 16
2 12
2 10
1 12
1 11
1 9
0 11
0 9
0 8
----------

41950: 8 17, 7 16, 6 15, 5 14, 4 12, 3 13, 2 10, 1 11, 0 9
Frc: 9.25 | 0.25 0.125 0.625 0.125 1 0.125 1 0.25 0.75 0.75 1 0.25 0.5 1 0.5 0.25 1 0.75 0.625 1 0.375 0.125 0.875 1 0.125 1 0.875 0.125 1 0.875 
Int: 10 | 0 0 1 0 1 0 1 0 1 1 1 0 1 1 1 0 1 1 1 1 0 0 1 1 0 1 1 0 1 1 
BDS: 13 | 0 1 1 0 1 1 1 0 1 1 1 0 1 1 1 1 1 0 1 1 0 1 0 1 1 1 1 0 1 1 

