18 30

13 14
10 15
9 16
8 17
8 16
7 16
7 15
7 13
6 15
6 14
6 13
5 15
5 14
5 12
4 17
4 13
4 11
3 17
3 16
3 10
2 14
2 12
2 10
1 17
1 12
1 11
1 9
0 11
0 9
0 8
----------

29297: 8 16, 7 13, 6 15, 5 14, 4 17, 3 10, 2 12, 1 9, 0 11
Frc: 9.25 | 0.125 0.125 0.625 0.375 1 0.25 0.75 1 1 0.75 0.25 0.125 1 0.875 1 0.625 0.375 0.375 0.625 1 0.125 1 0.875 0.25 0.125 0.625 1 1 0.375 0.625 
Int: 10 | 0 0 1 0 1 0 1 1 1 1 0 0 1 1 1 1 1 1 0 1 0 1 1 0 1 0 1 1 0 1 
BDS: 13 | 1 1 1 1 1 1 0 1 1 1 0 0 1 1 1 0 1 1 0 1 0 1 1 0 1 1 1 1 0 1 

