18 30

11 17
10 14
9 17
8 16
8 15
7 16
7 15
7 14
6 16
6 15
6 14
5 17
5 16
5 13
5 12
4 13
4 12
4 11
3 17
3 14
3 10
2 15
2 13
2 10
1 12
1 11
1 9
0 11
0 9
0 8
----------

42426: 8 16, 7 14, 6 15, 5 12, 4 13, 3 17, 2 10, 1 11, 0 9
Frc: 9.16667 | 0.333333 0.166667 0.5 1 0.166667 0.666667 0.333333 1 0.333333 1 0.666667 0.166667 0.333333 0.5 1 1 0.5 0.5 1 0.166667 0.833333 0.5 0.5 1 0.5 1 0.5 0.166667 1 0.833333 
Int: 10 | 1 0 0 1 0 1 0 1 0 1 1 0 0 1 1 1 0 1 1 0 1 1 0 1 1 1 1 0 1 1 
BDS: 13 | 0 1 1 1 1 1 0 1 0 1 1 0 1 1 1 1 0 1 1 0 1 0 1 1 1 1 1 1 1 0 

42440: 8 16, 7 15, 6 14, 5 12, 4 13, 3 17, 2 10, 1 11, 0 9
Frc: 9.16667 | 0.333333 0.166667 0.5 1 0.166667 0.333333 1 0.666667 0.666667 0.333333 1 0.166667 0.333333 0.5 1 1 0.5 0.5 1 0.166667 0.833333 0.5 0.5 1 0.5 1 0.5 0.166667 1 0.833333 
Int: 10 | 0 0 0 1 0 0 1 1 1 0 1 1 0 0 1 1 1 1 1 0 1 1 1 1 0 1 1 0 1 1 
BDS: 13 | 0 1 1 1 1 0 1 1 1 0 1 0 1 1 1 1 0 1 1 0 1 0 1 1 1 1 1 1 1 0 

