18 28

10 16
9 17
8 17
8 15
7 16
7 15
7 14
6 16
6 14
6 13
5 14
5 13
5 12
4 13
4 12
4 11
3 17
3 16
3 10
2 17
2 15
2 10
1 12
1 11
1 9
0 11
0 9
0 8
----------

23772: 8 15, 7 16, 6 14, 5 12, 4 13, 3 17, 2 10, 1 9, 0 11
Frc: 9.25 | 0.25 0.5 0.5 1 1 0.5 0.5 0.5 1 0.5 0.5 0.5 1 1 0.5 0.5 1 0.25 0.75 0.5 0.5 1 0.5 0.5 1 1 0.5 0.5 
Int: 10 | 0 1 0 1 1 1 0 1 1 0 1 1 1 1 0 1 1 0 1 0 1 1 1 0 1 1 0 1 
BDS: 13 | 1 1 1 1 1 1 0 1 1 1 1 0 1 1 1 1 1 1 0 1 0 1 1 0 1 1 1 0 

23899: 8 15, 7 16, 6 13, 5 14, 4 12, 3 17, 2 10, 1 9, 0 11
Frc: 9.25 | 0.25 0.5 0.5 1 1 0.5 0.5 0.5 0.5 1 1 0.5 0.5 0.5 1 0.5 1 0.25 0.75 0.5 0.5 1 0.5 0.5 1 1 0.5 0.5 
Int: 10 | 1 1 0 1 1 0 1 1 0 1 1 1 0 0 1 1 1 1 0 0 1 1 1 0 1 1 0 1 
BDS: 13 | 1 1 1 1 1 1 1 1 0 1 1 1 1 0 1 1 1 1 0 1 0 1 1 0 1 1 1 0 

