18 30

10 16
9 14
8 14
8 13
7 17
7 16
7 15
6 16
6 15
6 12
5 14
5 13
5 12
4 15
4 12
4 11
3 17
3 16
3 10
2 15
2 13
2 10
1 17
1 14
1 11
1 9
0 17
0 11
0 9
0 8
----------

44471: 8 13, 7 15, 6 16, 5 14, 4 12, 3 17, 2 10, 1 11, 0 9
Frc: 9.07692 | 0.153846 0.461538 0.461538 1 0.307692 0.692308 1 1 0.307692 0.692308 1 0.538462 0.461538 0.153846 1 0.846154 1 0.153846 0.846154 0.538462 0.461538 1 0.384615 0.0769231 1 0.538462 0.307692 0.153846 1 0.538462 
Int: 10 | 0 0 1 1 0 1 1 1 0 1 1 0 1 0 1 1 1 0 1 1 1 1 0 0 1 1 1 0 1 0 
BDS: 13 | 1 0 0 1 0 1 1 1 0 1 1 1 1 1 1 0 1 0 1 0 1 1 1 1 1 1 0 1 1 1 

