18 30

10 16
9 15
8 16
8 15
7 17
7 14
7 12
6 17
6 14
6 12
5 16
5 13
5 12
4 17
4 14
4 13
4 11
3 15
3 14
3 10
2 16
2 13
2 10
1 15
1 11
1 9
0 17
0 11
0 9
0 8
----------

41936: 8 15, 7 12, 6 14, 5 16, 4 17, 3 10, 2 13, 1 11, 0 9
Frc: 9.16667 | 0.166667 0.333333 0.666667 1 0.833333 0.166667 1 0.166667 1 0.833333 1 0.833333 0.166667 1 0.166667 0.166667 0.666667 0.333333 0.666667 1 0.166667 1 0.833333 0.333333 1 0.666667 0.333333 0.333333 1 0.333333 
Int: 10 | 0 0 1 1 1 0 1 0 1 1 1 1 0 1 0 0 1 0 1 1 0 1 1 1 1 1 0 0 1 1 
BDS: 13 | 1 1 0 1 1 0 1 0 1 1 1 0 1 1 1 1 1 1 0 1 0 1 1 1 1 0 1 0 1 1 

42076: 8 15, 7 14, 6 12, 5 16, 4 17, 3 10, 2 13, 1 11, 0 9
Frc: 9.16667 | 0.166667 0.333333 0.666667 1 0.166667 1 0.833333 0.833333 0.166667 1 1 0.833333 0.166667 1 0.166667 0.166667 0.666667 0.333333 0.666667 1 0.166667 1 0.833333 0.333333 1 0.666667 0.333333 0.333333 1 0.333333 
Int: 10 | 0 0 1 1 0 1 1 1 0 1 1 1 0 1 0 0 1 0 1 1 0 1 1 1 1 1 0 0 1 1 
BDS: 13 | 1 1 0 1 0 1 1 1 0 1 1 0 1 1 1 1 1 1 0 1 0 1 1 1 1 0 1 0 1 1 

