18 30

12 17
10 16
9 15
8 15
8 14
7 16
7 15
7 12
6 17
6 14
6 12
5 16
5 13
5 12
4 16
4 13
4 11
3 17
3 14
3 10
2 17
2 15
2 13
2 10
1 14
1 11
1 9
0 11
0 9
0 8
----------

31444: 8 15, 7 16, 6 14, 5 12, 4 13, 3 17, 2 10, 1 9, 0 11
Frc: 9.23077 | 0.153846 0.0769231 0.538462 1 0.461538 1 0.384615 0.615385 0.769231 1 0.230769 0.384615 0.615385 1 0.538462 1 0.461538 1 0.0769231 0.923077 0.0769231 0.230769 0.692308 1 0.461538 0.538462 1 1 0.461538 0.538462 
Int: 10 | 1 0 0 1 1 1 1 0 1 1 0 1 0 1 0 1 1 1 0 1 0 0 1 1 1 0 1 1 1 0 
BDS: 13 | 0 1 1 1 1 1 0 1 0 1 1 0 1 1 1 1 0 1 1 0 1 1 1 1 0 1 1 1 0 1 

