18 30

13 17
10 17
10 14
9 15
8 16
8 14
7 17
7 15
7 12
6 17
6 14
6 12
5 15
5 14
5 12
4 16
4 13
4 11
3 16
3 13
3 10
2 15
2 13
2 10
1 16
1 11
1 9
0 11
0 9
0 8
----------

43297: 8 14, 7 15, 6 17, 5 12, 4 16, 3 13, 2 10, 1 11, 0 9
Frc: 9.14286 | 0.142857 0.571429 0.142857 0.142857 0.142857 1 0.571429 1 0.428571 1 0.428571 0.571429 0.571429 0.428571 1 1 0.142857 0.857143 0.714286 1 0.285714 0.285714 0.714286 1 0.142857 1 0.857143 0.142857 1 0.857143 
Int: 10 | 0 1 0 0 0 1 1 1 0 1 0 1 1 1 1 1 0 1 1 1 0 0 1 1 0 1 1 0 1 1 
BDS: 13 | 0 1 1 1 1 1 1 1 0 1 0 1 1 0 1 1 1 1 0 1 1 1 0 1 0 1 1 0 1 1 

