18 28

10 13
9 12
8 17
8 16
7 17
7 16
7 15
6 17
6 16
6 15
5 17
5 14
5 13
4 15
4 14
4 11
3 14
3 13
3 10
2 16
2 12
2 10
1 12
1 11
1 9
0 11
0 9
0 8
----------

29418: 8 16, 7 15, 6 17, 5 13, 4 14, 3 10, 2 12, 1 11, 0 9
Frc: 9.25 | 0.5 0.5 0.25 1 0.25 0.75 1 1 0.25 0.75 0.5 0.5 1 0.25 1 0.75 0.5 0.5 1 0.5 1 0.5 0.5 1 0.5 0.25 1 0.75 
Int: 10 | 0 1 0 1 0 1 1 1 0 1 1 1 1 0 1 1 0 1 1 0 1 1 0 1 1 0 1 1 
BDS: 13 | 1 0 1 1 0 1 1 1 0 1 0 1 1 1 1 0 1 0 1 1 1 1 1 1 1 1 1 1 

29425: 8 16, 7 17, 6 15, 5 13, 4 14, 3 10, 2 12, 1 11, 0 9
Frc: 9.25 | 0.5 0.5 0.25 1 1 0.25 0.75 0.25 0.75 1 0.5 0.5 1 0.25 1 0.75 0.5 0.5 1 0.5 1 0.5 0.5 1 0.5 0.25 1 0.75 
Int: 10 | 1 0 0 1 1 0 1 0 1 1 1 0 1 0 1 1 1 0 1 0 1 1 1 1 1 0 1 1 
BDS: 13 | 1 0 1 1 1 0 1 0 1 1 0 1 1 1 1 0 1 0 1 1 1 1 1 1 1 1 1 1 

