18 28

10 16
9 12
8 17
8 15
7 17
7 16
7 15
6 15
6 14
6 13
5 14
5 13
5 12
4 16
4 13
4 11
3 17
3 16
3 10
2 17
2 14
2 10
1 12
1 11
1 9
0 11
0 9
0 8
----------

31565: 8 15, 7 16, 6 14, 5 12, 4 13, 3 17, 2 10, 1 11, 0 9
Frc: 9.16667 | 0.333333 0.5 0.333333 1 0.333333 1 0.666667 0.5 1 0.5 0.5 0.5 1 0.333333 1 0.666667 1 0.333333 0.666667 0.333333 0.666667 1 0.5 1 0.5 0.333333 1 0.666667 
Int: 10 | 0 0 0 1 1 1 0 1 1 0 0 1 1 1 1 1 1 0 1 0 1 1 1 1 1 0 1 1 
BDS: 13 | 1 1 1 1 0 1 1 1 1 0 1 1 1 1 1 1 1 0 1 0 1 1 0 1 1 0 1 1 

