18 29

14 17
10 16
9 13
8 16
8 14
7 16
7 15
7 14
6 17
6 15
6 13
5 17
5 14
5 13
4 17
4 15
4 11
3 16
3 12
3 10
2 12
2 11
2 10
1 12
1 11
1 9
0 15
0 9
0 8
----------

35979: 8 16, 7 14, 6 15, 5 13, 4 17, 3 12, 2 10, 1 11, 0 9
Frc: 9.25 | 0.125 0.375 0.625 1 0.125 0.25 0.75 1 0.625 1 0.375 0.25 0.75 1 1 0.125 0.875 0.375 1 0.625 0.375 0.625 1 0.625 1 0.375 0.125 1 0.875 
Int: 10 | 0 1 1 1 0 0 1 1 1 1 0 0 1 1 1 0 1 1 1 0 0 1 1 1 1 0 0 1 1 
BDS: 13 | 0 1 1 1 0 1 0 1 1 1 0 1 1 1 1 0 1 1 1 0 0 1 1 1 1 1 1 1 1 

