18 30

10 17
9 17
9 16
8 17
8 14
7 16
7 15
7 13
6 16
6 14
6 13
5 15
5 14
5 13
4 14
4 12
4 11
3 15
3 12
3 10
2 17
2 12
2 11
2 10
1 16
1 11
1 9
0 15
0 9
0 8
----------

39611: 8 17, 7 15, 6 13, 5 14, 4 12, 3 10, 2 11, 1 16, 0 9
Frc: 9.125 | 0.625 0.125 0.25 1 0.125 0.5 1 0.5 0.5 0.5 1 0.5 1 0.5 0.375 1 0.625 0.375 0.625 1 0.25 0.375 1 0.375 1 0.375 0.625 0.125 1 0.875 
Int: 10 | 1 0 0 1 0 0 1 1 1 0 1 1 1 0 1 0 1 0 1 1 0 1 1 0 1 0 1 0 1 1 
BDS: 13 | 0 1 0 1 1 1 1 1 0 1 1 1 1 0 1 1 1 1 0 1 0 1 1 1 1 0 1 1 1 0 

