18 29

14 17
10 15
9 15
8 16
8 14
7 17
7 15
7 13
6 17
6 14
6 13
5 15
5 14
5 13
4 16
4 12
4 11
3 16
3 12
3 10
2 12
2 11
2 10
1 17
1 11
1 9
0 16
0 9
0 8
----------

34563: 8 14, 7 17, 6 13, 5 15, 4 16, 3 10, 2 12, 1 11, 0 9
Frc: 9.16667 | 0.166667 0.5 0.25 0.25 1 1 0.583333 0.416667 0.583333 0.416667 1 1 0.416667 0.583333 1 0.5 0.5 0.5 0.5 1 1 0.5 0.5 0.25 1 0.75 0.25 1 0.75 
Int: 10 | 1 1 0 0 1 1 0 1 0 1 1 1 0 1 1 1 0 1 0 1 1 1 0 0 1 1 0 1 1 
BDS: 13 | 0 1 1 1 1 1 1 0 1 0 1 1 1 1 1 0 1 1 1 1 1 1 0 1 1 0 0 1 1 

