18 30

10 16
9 16
8 16
8 14
7 17
7 15
7 13
6 17
6 14
6 13
5 15
5 14
5 13
4 17
4 15
4 12
4 11
3 16
3 12
3 10
2 15
2 11
2 10
1 12
1 11
1 9
0 17
0 14
0 9
0 8
----------

41682: 8 16, 7 13, 6 14, 5 15, 4 17, 3 10, 2 11, 1 12, 0 9
Frc: 9.09091 | 0.363636 0.363636 1 0.363636 0.454545 0.545455 1 0.454545 1 0.545455 1 0.545455 0.454545 1 0.0909091 0.272727 0.636364 0.272727 0.727273 1 0.363636 1 0.636364 1 0.363636 0.636364 0.0909091 0.272727 1 0.636364 
Int: 10 | 1 0 1 1 0 1 1 0 1 1 1 1 0 1 0 0 1 0 1 1 1 1 0 1 0 1 1 0 1 0 
BDS: 13 | 1 1 1 0 0 1 1 0 1 1 1 1 0 1 0 1 1 0 1 1 1 1 0 1 0 1 1 1 1 1 

