18 30

10 15
9 16
8 17
8 14
8 13
7 16
7 15
7 14
6 17
6 16
6 13
5 16
5 15
5 13
4 17
4 15
4 12
4 11
3 17
3 12
3 10
2 12
2 11
2 10
1 14
1 11
1 9
0 14
0 9
0 8
----------

44701: 8 17, 7 15, 6 16, 5 13, 4 11, 3 12, 2 10, 1 14, 0 9
Frc: 9.25 | 0.5 0.5 1 0.125 0.125 0.375 1 0.625 0.125 1 0.875 0.125 0.875 1 0.375 0.125 0.5 1 0.5 1 0.5 0.5 0.5 1 1 0.5 0.5 0.25 1 0.75 
Int: 10 | 1 1 1 0 0 0 1 1 0 1 1 0 1 1 0 0 1 1 1 1 0 0 1 1 1 0 1 0 1 1 
BDS: 13 | 1 0 1 0 1 1 1 1 0 1 1 0 1 1 1 0 1 1 0 1 1 0 1 1 1 1 1 0 1 1 

