18 29

10 15
9 17
8 15
8 13
7 17
7 16
7 15
6 17
6 16
6 14
5 16
5 15
5 14
4 16
4 13
4 11
3 17
3 14
3 12
3 10
2 12
2 11
2 10
1 12
1 11
1 9
0 13
0 9
0 8
----------

42740: 9 17, 7 16, 6 14, 5 15, 4 13, 3 10, 2 12, 1 11, 0 8
Frc: 9.16667 | 0.166667 1 0.166667 0.833333 0.333333 1 0.666667 0.5 0.5 1 0.333333 1 0.666667 0.166667 1 0.833333 0.166667 0.666667 0.166667 1 1 0.166667 0.833333 0.833333 1 0.166667 0.166667 0.833333 1 
Int: 10 | 1 1 1 0 1 1 0 0 1 1 0 1 1 0 1 1 0 0 1 1 1 1 0 0 1 1 1 0 1 
BDS: 13 | 1 1 1 1 0 1 1 0 1 1 0 1 1 0 1 1 1 1 1 1 1 1 0 0 1 1 0 1 1 

