18 29

10 15
9 15
8 16
8 14
7 17
7 16
7 15
6 17
6 16
6 14
5 17
5 15
5 13
4 16
4 13
4 11
3 17
3 14
3 12
3 10
2 12
2 11
2 10
1 12
1 11
1 9
0 13
0 9
0 8
----------

37551: 8 14, 7 16, 6 17, 5 15, 4 13, 3 12, 2 10, 1 11, 0 9
Frc: 9.14286 | 0.428571 0.285714 0.142857 1 0.714286 1 0.285714 1 0.285714 0.714286 0.142857 1 0.857143 0.571429 1 0.428571 0.142857 0.285714 1 0.571429 0.428571 0.571429 1 0.571429 1 0.714286 0.142857 1 0.857143 
Int: 10 | 1 1 0 1 0 1 1 1 0 1 0 1 1 1 1 0 1 0 1 0 0 1 1 1 1 0 0 1 1 
BDS: 13 | 0 1 1 1 1 1 0 1 0 1 1 1 1 0 1 1 0 1 1 1 0 1 1 1 1 1 0 1 1 

