18 30

10 15
9 17
9 16
8 17
8 14
7 16
7 15
7 13
6 16
6 14
6 13
5 15
5 14
5 13
4 17
4 12
4 11
3 17
3 14
3 12
3 10
2 12
2 11
2 10
1 16
1 11
1 9
0 15
0 9
0 8
----------

40017: 8 17, 7 15, 6 13, 5 14, 4 12, 3 10, 2 11, 1 16, 0 9
Frc: 9.21429 | 0.5 0.214286 0.285714 1 0.214286 0.428571 1 0.571429 0.428571 0.571429 1 0.571429 1 0.428571 0.5 1 0.5 0.285714 0.214286 0.5 1 0.5 1 0.5 1 0.5 0.5 0.214286 1 0.785714 
Int: 10 | 0 0 1 1 0 0 1 1 1 0 1 1 1 0 1 1 0 0 1 0 1 1 1 1 1 1 0 0 1 1 
BDS: 13 | 1 1 0 1 1 1 1 1 0 1 1 1 1 0 0 1 1 0 0 1 1 1 1 0 1 1 1 1 1 0 

