18 30

10 17
10 16
9 15
8 17
8 16
7 16
7 15
7 14
6 16
6 15
6 13
5 15
5 14
5 13
4 17
4 14
4 13
4 11
3 17
3 12
3 10
2 12
2 11
2 10
1 12
1 11
1 9
0 14
0 9
0 8
----------

42971: 8 17, 7 14, 6 16, 5 15, 4 13, 3 12, 2 10, 1 11, 0 9
Frc: 9.125 | 0.125 0.375 0.5 1 0.125 0.75 0.25 1 1 0.25 0.75 1 0.75 0.25 0.375 0.125 1 0.5 0.5 1 0.5 0.5 0.5 1 0.5 1 0.5 0.125 1 0.875 
Int: 10 | 0 1 1 1 0 1 0 1 1 0 1 1 1 0 0 0 1 1 1 1 0 1 0 1 0 1 1 0 1 1 
BDS: 13 | 0 1 0 1 0 1 0 1 1 1 1 1 1 0 1 0 1 1 0 1 1 0 1 1 1 1 1 1 1 1 

