18 29

14 17
10 16
9 16
8 15
8 13
7 17
7 16
7 14
6 16
6 15
6 14
5 15
5 14
5 13
4 17
4 15
4 11
3 13
3 12
3 10
2 12
2 11
2 10
1 12
1 11
1 9
0 17
0 9
0 8
----------

36715: 8 13, 7 16, 6 15, 5 14, 4 17, 3 12, 2 10, 1 11, 0 9
Frc: 9.21053 | 0.105263 0.421053 0.263158 0.105263 1 0.789474 1 0.210526 0.315789 1 0.684211 0.315789 1 0.684211 1 0.578947 0.421053 0.421053 1 0.578947 0.421053 0.578947 1 0.578947 1 0.736842 0.105263 1 0.894737 
Int: 10 | 0 1 0 0 1 1 1 0 0 1 1 0 1 1 1 1 0 0 1 1 0 1 1 1 1 1 0 1 1 
BDS: 13 | 0 0 1 1 1 1 1 1 0 1 1 0 1 1 1 0 1 1 1 1 0 1 1 1 1 1 0 1 1 

