18 30

10 14
9 15
8 15
8 14
7 17
7 16
7 13
6 15
6 14
6 13
5 16
5 14
5 12
4 16
4 13
4 11
3 17
3 12
3 10
2 12
2 11
2 10
1 17
1 16
1 11
1 9
0 17
0 15
0 9
0 8
----------

52086: 9 15, 7 13, 6 14, 5 16, 4 11, 3 12, 2 10, 1 17, 0 8
Frc: 9.16667 | 0.166667 1 0.333333 0.666667 0.5 0.5 1 0.333333 1 0.666667 1 0.166667 0.833333 0.333333 0.666667 1 0.166667 1 0.833333 0.166667 0.833333 1 1 0.166667 0.166667 0.666667 0.333333 0.333333 0.333333 1 
Int: 10 | 1 1 0 1 0 1 1 1 1 0 1 1 0 0 1 1 1 1 0 1 0 1 1 0 1 0 0 0 1 1 
BDS: 13 | 1 1 1 1 1 0 1 0 1 1 1 0 1 1 1 1 1 1 0 1 0 1 1 0 1 1 1 0 0 1 

