18 29

11 17
10 15
9 16
8 17
8 13
7 17
7 16
7 14
6 17
6 15
6 13
5 16
5 14
5 12
4 15
4 14
4 11
3 13
3 12
3 10
2 12
2 11
2 10
1 16
1 11
1 9
0 15
0 9
0 8
----------

34549: 8 17, 7 16, 6 13, 5 14, 4 15, 3 10, 2 12, 1 11, 0 9
Frc: 9 | 0.285714 0.142857 0.428571 1 0.142857 0.428571 1 0.571429 0.285714 0.714286 1 0.142857 1 0.857143 1 0.428571 0.571429 0.857143 0.142857 1 1 0.142857 0.857143 0.428571 1 0.571429 0.142857 1 0.857143 
Int: 10 | 0 1 1 1 0 0 1 1 1 0 1 0 1 1 1 0 1 1 0 1 1 1 0 1 1 0 0 1 1 
BDS: 13 | 0 1 1 1 0 1 1 1 1 0 1 0 1 1 1 0 1 1 1 1 1 1 0 1 1 0 1 1 1 

