18 30

10 14
9 16
8 16
8 13
7 16
7 14
7 13
6 15
6 14
6 13
5 17
5 14
5 12
4 17
4 15
4 11
3 15
3 12
3 10
2 17
2 12
2 11
2 10
1 15
1 11
1 9
0 17
0 16
0 9
0 8
----------

43892: 8 13, 7 16, 6 14, 5 17, 4 11, 3 12, 2 10, 1 15, 0 9
Frc: 9.125 | 0.25 0.375 0.5 1 1 0.5 0.5 0.5 1 0.5 1 0.25 0.75 0.5 0.5 1 0.25 1 0.75 0.125 0.25 0.625 1 1 0.375 0.625 0.375 0.125 1 0.5 
Int: 10 | 0 0 0 1 1 1 0 0 1 1 1 0 1 0 1 1 0 1 1 0 0 1 1 1 0 1 1 1 1 1 
BDS: 13 | 1 1 0 1 1 1 1 1 1 0 1 0 1 1 1 1 1 1 0 0 1 0 1 1 1 1 0 0 1 1 

