18 28

10 16
9 14
8 17
8 13
7 17
7 16
7 15
6 17
6 16
6 15
5 15
5 14
5 12
4 16
4 14
4 11
3 13
3 12
3 10
2 12
2 11
2 10
1 13
1 11
1 9
0 17
0 9
0 8
----------

29977: 8 13, 7 15, 6 17, 5 14, 4 16, 3 10, 2 12, 1 11, 0 9
Frc: 9.25 | 0.5 0.5 0.25 1 0.5 0.5 1 1 0.5 0.5 0.5 1 0.5 1 0.5 0.5 0.5 0.5 1 1 0.5 0.5 0.5 1 0.5 0.25 1 0.75 
Int: 10 | 1 0 1 1 0 1 1 1 0 1 0 1 1 1 1 0 1 0 1 1 1 0 0 1 1 0 1 1 
BDS: 13 | 1 1 1 1 1 0 1 1 1 0 1 1 1 1 0 1 0 1 1 1 1 0 1 1 1 1 1 0 

29982: 8 13, 7 17, 6 15, 5 14, 4 16, 3 10, 2 12, 1 11, 0 9
Frc: 9.25 | 0.5 0.5 0.25 1 1 0.5 0.5 0.5 0.5 1 0.5 1 0.5 1 0.5 0.5 0.5 0.5 1 1 0.5 0.5 0.5 1 0.5 0.25 1 0.75 
Int: 10 | 0 0 1 1 1 0 1 0 1 1 0 1 1 1 1 1 1 0 1 1 0 1 0 1 1 1 1 0 
BDS: 13 | 1 1 1 1 1 1 0 1 0 1 1 1 1 1 0 1 0 1 1 1 1 0 1 1 1 1 1 0 

