18 30

13 17
10 15
9 16
8 16
8 13
7 17
7 15
7 14
6 15
6 14
6 13
5 17
5 16
5 12
4 16
4 13
4 11
3 15
3 12
3 10
2 17
2 12
2 11
2 10
1 14
1 11
1 9
0 14
0 9
0 8
----------

30142: 8 16, 7 15, 6 13, 5 17, 4 11, 3 12, 2 10, 1 9, 0 14
Frc: 9.22222 | 0.111111 0.111111 0.555556 1 0.444444 0.777778 1 0.222222 0.777778 0.222222 1 1 0.111111 0.888889 0.555556 0.444444 1 0.111111 1 0.888889 0.111111 0.111111 0.777778 1 0.555556 0.444444 1 1 0.444444 0.555556 
Int: 10 | 0 0 1 1 0 1 1 1 1 0 1 1 0 1 0 1 1 0 1 1 0 0 1 1 0 1 1 1 0 1 
BDS: 13 | 1 1 1 1 1 0 1 1 0 1 1 1 0 1 0 1 1 1 1 0 0 1 1 1 1 0 1 1 0 1 

