18 30

12 17
10 15
9 15
8 17
8 12
7 16
7 15
7 14
6 16
6 15
6 13
5 16
5 14
5 13
4 14
4 13
4 11
3 17
3 12
3 10
2 17
2 16
2 11
2 10
1 12
1 11
1 9
0 14
0 9
0 8
----------

39491: 8 17, 7 15, 6 13, 5 16, 4 14, 3 10, 2 11, 1 12, 0 9
Frc: 9.25 | 0.25 0.5 0.25 1 0.25 0.5 1 0.5 0.25 0.75 1 1 0.25 0.75 1 0.25 0.75 0.5 0.5 1 0.25 0.25 1 0.5 1 0.25 0.75 0.25 1 0.75 
Int: 10 | 0 1 0 1 0 1 0 1 0 1 1 1 0 1 1 0 1 0 1 1 1 0 1 0 1 0 1 0 1 1 
BDS: 13 | 0 1 1 1 1 1 1 0 0 1 1 1 0 1 1 1 1 1 0 1 1 0 1 0 1 1 0 1 1 1 

