18 30

11 17
10 16
9 17
8 15
8 12
7 16
7 15
7 13
6 16
6 14
6 13
5 15
5 14
5 13
4 17
4 12
4 11
3 15
3 14
3 10
2 17
2 12
2 11
2 10
1 14
1 11
1 9
0 16
0 9
0 8
----------

39428: 8 12, 7 16, 6 13, 5 15, 4 11, 3 10, 2 17, 1 14, 0 9
Frc: 9.25 | 0.75 0.25 0.125 0.125 1 1 0.625 0.375 0.625 0.375 1 1 0.375 0.625 0.125 0.875 1 0.75 0.25 1 1 0.125 0.125 0.75 1 0.125 0.875 0.125 1 0.875 
Int: 10 | 1 0 0 0 1 1 1 0 1 1 1 1 0 1 0 1 1 1 0 1 1 0 0 1 1 0 1 0 1 1 
BDS: 13 | 0 1 1 1 1 1 1 0 1 0 1 1 0 1 0 1 1 1 1 1 1 1 0 0 1 1 1 1 1 0 

39844: 8 12, 7 16, 6 13, 5 15, 4 17, 3 10, 2 11, 1 14, 0 9
Frc: 9.25 | 0.75 0.25 0.125 0.125 1 1 0.625 0.375 0.625 0.375 1 1 0.375 0.625 1 0.875 0.125 0.75 0.25 1 0.125 0.125 1 0.75 1 0.125 0.875 0.125 1 0.875 
Int: 10 | 1 0 0 0 1 1 1 0 1 1 1 1 0 1 1 1 0 1 0 1 0 0 1 1 1 0 1 0 1 1 
BDS: 13 | 0 1 1 1 1 1 1 0 1 0 1 1 0 1 1 1 0 1 1 1 0 1 1 0 1 1 1 1 1 0 

