18 30

10 17
9 16
8 17
8 15
8 12
7 16
7 14
7 13
6 15
6 14
6 13
5 17
5 14
5 12
4 16
4 13
4 11
3 15
3 14
3 10
2 12
2 11
2 10
1 17
1 16
1 11
1 9
0 15
0 9
0 8
----------

43979: 8 12, 7 13, 6 15, 5 17, 4 11, 3 14, 2 10, 1 16, 0 9
Frc: 9.22222 | 0.666667 0.333333 0.111111 0.111111 1 0.444444 0.555556 1 1 0.333333 0.666667 1 0.111111 0.888889 0.222222 0.777778 1 0.666667 1 0.333333 0.111111 0.888889 1 0.222222 1 0.111111 0.666667 0.222222 1 0.777778 
Int: 10 | 1 1 0 0 1 0 1 1 1 0 1 1 1 0 0 1 1 1 1 0 1 0 1 0 1 1 0 0 1 1 
BDS: 13 | 0 0 0 1 1 0 1 1 1 0 1 1 0 1 1 1 1 1 1 1 1 0 1 1 1 1 1 1 1 0 

