18 30

10 15
9 16
8 16
8 12
7 17
7 15
7 13
6 17
6 14
6 13
5 15
5 14
5 13
4 16
4 14
4 11
3 15
3 11
3 10
2 12
2 11
2 10
1 17
1 14
1 12
1 9
0 17
0 16
0 9
0 8
----------

44233: 8 12, 7 17, 6 13, 5 15, 4 16, 3 11, 2 10, 1 14, 0 9
Frc: 9.125 | 0.25 0.375 0.5 1 1 0.5 0.5 0.5 0.5 1 1 0.5 0.5 1 0.25 0.75 0.25 1 0.75 0.75 0.25 1 0.125 1 0.25 0.625 0.375 0.125 1 0.5 
Int: 10 | 0 0 0 1 1 1 0 0 1 1 1 0 1 1 0 1 0 1 1 1 0 1 0 1 0 1 1 1 1 1 
BDS: 13 | 1 0 1 1 1 1 1 0 1 1 1 1 0 1 0 1 1 1 0 0 1 1 0 1 1 1 1 0 1 1 

