18 31

9 17
8 15
8 14
8 13
7 16
7 14
7 11
6 17
6 16
6 13
6 11
5 17
5 14
5 12
5 11
4 15
4 14
4 10
3 15
3 13
3 10
2 13
2 12
2 10
1 16
1 15
1 9
0 17
0 16
0 12
0 9
----------

59232: 8 14, 7 11, 6 17, 5 12, 4 10, 3 15, 2 13, 1 16, 0 9
Frc: 9.25 | 0.25 0.5 1 0.5 0.5 0.5 1 1 0.25 0.25 0.5 0.25 0.25 1 0.5 0.25 0.75 1 1 0.25 0.75 1 0.75 0.25 1 0.25 0.75 0.5 0.25 0.25 1 
Int: 10 | 0 0 1 1 1 0 1 1 0 0 1 0 0 1 1 0 1 1 1 0 1 1 1 0 1 1 1 1 0 0 1 
BDS: 13 | 1 1 1 0 0 1 1 1 0 1 1 1 0 1 0 0 1 1 1 0 1 1 1 1 1 1 0 1 1 0 1 

