18 30

10 16
9 17
8 15
8 14
7 17
7 14
7 13
6 16
6 14
6 13
5 16
5 13
5 11
4 17
4 15
4 12
4 11
3 15
3 14
3 10
2 15
2 12
2 10
1 12
1 11
1 9
0 17
0 16
0 9
0 8
----------

52402: 9 17, 7 13, 6 14, 5 16, 4 12, 3 15, 2 10, 1 11, 0 8
Frc: 9.125 | 0.125 1 0.625 0.375 0.5 0.5 1 0.5 1 0.5 1 0.5 0.5 0.25 0.25 1 0.5 1 0.125 0.875 0.125 0.875 1 0.375 1 0.625 0.25 0.375 0.375 1 
Int: 10 | 1 1 0 1 1 0 1 0 1 1 1 0 1 0 1 1 0 1 1 0 0 1 1 0 1 1 1 0 0 1 
BDS: 13 | 1 1 0 1 0 1 1 1 1 0 1 1 1 0 1 1 0 1 1 0 0 1 1 1 1 1 1 1 0 1 

