18 29

10 17
9 17
9 14
8 17
8 15
7 16
7 15
7 13
6 16
6 14
6 13
5 16
5 15
5 11
4 16
4 12
4 11
3 17
3 14
3 10
2 13
2 12
2 10
1 12
1 11
1 9
0 15
0 9
0 8
----------

35400: 8 17, 7 15, 6 13, 5 16, 4 11, 3 14, 2 10, 1 12, 0 9
Frc: 9.05882 | 0.352941 0.294118 0.117647 1 0.294118 0.470588 1 0.529412 0.117647 0.882353 1 1 0.411765 0.588235 0.411765 0.588235 1 0.352941 1 0.647059 0.470588 0.529412 1 1 0.411765 0.588235 0.294118 1 0.705882 
Int: 10 | 1 0 1 1 0 0 1 1 0 1 1 1 1 0 1 0 1 1 1 0 0 1 1 1 1 0 0 1 1 
BDS: 13 | 1 0 1 1 1 1 1 1 0 1 1 1 1 0 1 0 1 1 1 0 0 1 1 1 1 1 1 1 0 

