18 30

10 15
9 14
8 16
8 15
7 17
7 16
7 15
6 17
6 16
6 13
5 16
5 13
5 11
4 17
4 13
4 12
4 11
3 15
3 14
3 10
2 14
2 12
2 10
1 17
1 12
1 11
1 9
0 14
0 9
0 8
----------

41212: 8 15, 7 17, 6 13, 5 16, 4 11, 3 14, 2 10, 1 12, 0 9
Frc: 9.11111 | 0.111111 0.722222 0.277778 1 1 0.222222 0.777778 0.5 0.5 1 1 0.5 0.5 0.277778 0.5 0.222222 1 0.111111 1 0.888889 0.111111 0.888889 1 0.222222 1 0.5 0.277778 0.166667 1 0.833333 
Int: 10 | 0 1 0 1 1 1 1 1 0 1 1 0 1 0 1 0 1 0 1 1 0 1 1 0 1 1 0 0 1 1 
BDS: 13 | 1 1 1 1 1 0 1 0 1 1 1 0 1 0 1 1 1 1 1 0 1 0 1 1 1 1 0 0 1 1 

