18 30

11 17
10 15
9 17
8 17
8 15
7 16
7 14
7 13
6 16
6 14
6 13
5 15
5 14
5 11
4 16
4 12
4 11
3 16
3 13
3 10
2 17
2 14
2 12
2 10
1 12
1 11
1 9
0 15
0 9
0 8
----------

42221: 8 17, 7 13, 6 14, 5 15, 4 11, 3 16, 2 10, 1 12, 0 9
Frc: 9.2 | 0.2 0.2 0.4 1 0.4 0.8 0.2 1 0.2 1 0.8 1 0.6 0.4 0.4 0.6 1 1 0.2 0.8 0.4 0.2 0.4 1 1 0.4 0.6 0.4 1 0.6 
Int: 10 | 1 0 0 1 1 1 0 1 0 1 1 1 1 0 0 1 1 1 0 1 1 0 0 1 1 0 1 1 1 0 
BDS: 13 | 0 0 1 1 1 0 1 1 1 1 0 1 1 1 1 1 1 1 1 1 0 1 0 1 1 0 1 1 1 0 

42255: 8 17, 7 14, 6 13, 5 15, 4 11, 3 16, 2 10, 1 12, 0 9
Frc: 9.2 | 0.2 0.2 0.4 1 0.4 0.2 1 0.8 0.8 0.2 1 1 0.6 0.4 0.4 0.6 1 1 0.2 0.8 0.4 0.2 0.4 1 1 0.4 0.6 0.4 1 0.6 
Int: 10 | 0 0 0 1 1 0 1 1 1 0 1 1 1 1 0 1 1 1 0 1 1 0 0 1 1 0 1 0 1 1 
BDS: 13 | 0 0 1 1 1 1 1 0 0 1 1 1 1 1 1 1 1 1 1 1 0 1 0 1 1 0 1 1 1 0 

