18 30

12 17
11 14
10 15
9 14
8 16
8 14
7 17
7 16
7 13
6 17
6 15
6 13
5 17
5 15
5 11
4 15
4 12
4 11
3 16
3 13
3 10
2 14
2 12
2 10
1 12
1 11
1 9
0 16
0 9
0 8
----------

41972: 8 14, 7 17, 6 13, 5 15, 4 12, 3 16, 2 10, 1 11, 0 9
Frc: 9.27273 | 0.181818 0.0909091 0.272727 0.363636 0.363636 1 1 0.272727 0.727273 0.272727 0.727273 1 0.545455 1 0.454545 0.545455 1 0.454545 1 0.272727 0.727273 0.545455 0.454545 1 0.363636 1 0.636364 0.363636 1 0.636364 
Int: 10 | 1 0 0 0 0 1 1 1 1 0 1 1 1 1 0 0 1 1 1 0 1 1 0 1 0 1 1 0 1 1 
BDS: 13 | 1 0 1 1 1 1 1 0 1 0 1 1 1 1 0 1 1 1 1 1 0 1 0 1 0 1 1 1 1 0 

