18 30

11 17
10 15
9 17
8 15
8 13
7 16
7 14
7 13
6 15
6 14
6 13
5 16
5 14
5 11
4 16
4 12
4 11
3 17
3 15
3 10
2 17
2 14
2 12
2 10
1 12
1 11
1 9
0 16
0 9
0 8
----------

42620: 8 15, 7 13, 6 14, 5 16, 4 12, 3 17, 2 10, 1 11, 0 9
Frc: 9.27273 | 0.0909091 0.363636 0.545455 1 0.272727 0.727273 0.272727 1 0.272727 1 0.727273 1 0.545455 0.454545 0.545455 1 0.454545 1 0.363636 0.636364 0.363636 0.181818 0.454545 1 0.545455 1 0.454545 0.272727 1 0.727273 
Int: 10 | 1 0 0 1 0 0 1 1 1 1 1 1 1 0 1 1 0 1 0 1 0 0 1 1 0 1 1 0 1 1 
BDS: 13 | 0 1 1 1 1 1 0 1 0 1 1 1 1 0 1 1 1 1 1 0 1 0 1 1 0 1 1 1 1 0 

