18 29

13 17
10 16
9 17
8 17
8 15
7 16
7 15
7 14
6 15
6 13
6 12
5 16
5 14
5 11
4 15
4 14
4 11
3 17
3 13
3 10
2 13
2 12
2 10
1 12
1 11
1 9
0 16
0 9
0 8
----------

34618: 8 17, 7 15, 6 13, 5 16, 4 14, 3 10, 2 12, 1 11, 0 9
Frc: 9.125 | 0.25 0.375 0.125 1 0.125 0.5 1 0.5 0.375 1 0.625 1 0.5 0.5 0.5 1 0.5 0.625 0.375 1 0.375 1 0.625 0.375 1 0.875 0.125 1 0.875 
Int: 10 | 0 0 1 1 1 0 1 1 1 1 0 1 0 1 0 1 1 0 1 1 0 1 1 1 1 0 1 1 0 
BDS: 13 | 0 1 1 1 1 1 1 0 0 1 1 1 1 1 1 1 0 0 1 1 1 1 0 1 1 1 1 1 0 

