18 30

10 17
10 16
9 16
8 16
8 14
7 17
7 14
7 13
6 16
6 15
6 12
5 17
5 13
5 11
4 14
4 13
4 11
3 15
3 14
3 10
2 15
2 12
2 10
1 12
1 11
1 9
0 17
0 15
0 9
0 8
----------

42660: 8 16, 7 17, 6 15, 5 13, 4 14, 3 10, 2 12, 1 11, 0 9
Frc: 9.25 | 0.25 0.166667 0.416667 1 0.416667 1 0.5 0.5 0.416667 1 0.583333 0.5 1 0.5 1 0.5 0.5 0.416667 0.583333 1 0.416667 1 0.583333 0.416667 1 0.583333 0.25 0.166667 1 0.583333 
Int: 10 | 0 0 0 1 0 1 1 0 1 1 0 0 1 1 1 1 0 1 0 1 0 1 1 1 1 1 1 0 1 1 
BDS: 13 | 0 0 1 1 1 1 1 0 1 1 0 1 1 0 1 1 1 0 1 1 1 1 1 1 1 1 1 0 1 0 

