18 30

13 17
10 15
9 16
8 17
8 15
7 16
7 14
7 13
6 15
6 14
6 12
5 16
5 14
5 11
4 14
4 13
4 11
3 17
3 15
3 10
2 17
2 13
2 12
2 10
1 12
1 11
1 9
0 16
0 9
0 8
----------

30150: 8 15, 7 13, 6 12, 5 14, 4 11, 3 17, 2 10, 1 9, 0 16
Frc: 9.25 | 0.125 0.125 0.25 0.75 1 0.5 0.5 1 0.75 0.25 1 0.25 1 0.75 0.25 0.75 1 1 0.125 0.875 0.125 0.625 0.25 1 0.75 0.25 1 1 0.75 0.25 
Int: 10 | 0 0 0 1 1 1 1 1 1 0 1 0 1 1 0 1 1 1 0 1 0 1 0 1 1 0 1 1 1 0 
BDS: 13 | 0 1 0 0 1 1 1 1 1 0 1 0 1 1 0 1 1 1 1 0 1 1 1 1 0 1 1 1 1 1 

