18 30

11 17
10 17
10 16
9 15
8 17
8 14
7 16
7 15
7 13
6 17
6 14
6 12
5 16
5 13
5 11
4 15
4 13
4 11
3 15
3 14
3 10
2 16
2 12
2 10
1 12
1 11
1 9
0 14
0 9
0 8
----------

41218: 8 17, 7 16, 6 14, 5 11, 4 13, 3 15, 2 10, 1 12, 0 9
Frc: 9.16667 | 0.166667 0.166667 0.166667 0.333333 1 0.333333 1 0.5 0.5 0.666667 1 0.333333 0.5 0.5 1 0.5 1 0.5 1 0.333333 0.666667 0.333333 0.666667 1 1 0.333333 0.666667 0.333333 1 0.666667 
Int: 10 | 1 0 0 0 1 1 1 0 1 0 1 1 1 0 1 1 1 0 1 0 1 0 1 1 1 0 1 0 1 1 
BDS: 13 | 1 1 0 1 1 1 1 1 1 1 1 0 1 0 1 0 1 1 1 1 0 0 1 1 1 0 1 1 1 0 

