18 30

10 14
9 14
8 15
8 13
7 16
7 15
7 14
6 17
6 15
6 12
5 16
5 15
5 11
4 16
4 14
4 11
3 17
3 16
3 13
3 10
2 17
2 13
2 12
2 10
1 12
1 11
1 9
0 17
0 9
0 8
----------

40744: 8 15, 7 14, 6 17, 5 16, 4 11, 3 10, 2 13, 1 12, 0 9
Frc: 9.25 | 0.5 0.25 1 0.5 0.5 0.5 1 1 0.25 0.75 1 0.25 0.75 0.25 0.75 1 0.25 0.25 0.5 1 0.25 1 0.25 0.5 1 0.25 0.75 0.5 1 0.5 
Int: 10 | 0 1 1 1 0 1 1 1 0 1 1 0 1 0 1 1 0 1 0 1 0 1 0 1 1 1 0 1 1 0 
BDS: 13 | 1 1 1 1 1 1 1 1 0 1 1 0 1 0 1 1 0 1 0 1 0 1 0 1 1 1 0 1 1 1 

42928: 8 15, 7 14, 6 17, 5 16, 4 11, 3 13, 2 10, 1 12, 0 9
Frc: 9.25 | 0.5 0.25 1 0.5 0.5 0.5 1 1 0.25 0.75 1 0.25 0.75 0.25 0.75 1 0.25 0.25 1 0.5 0.25 0.5 0.25 1 1 0.25 0.75 0.5 1 0.5 
Int: 10 | 0 0 1 0 0 1 1 1 0 1 1 0 1 0 1 1 0 1 1 1 1 1 0 1 1 0 1 0 1 1 
BDS: 13 | 1 1 1 1 1 1 1 1 0 1 1 0 1 0 1 1 0 0 1 1 0 0 1 1 1 1 0 1 1 1 

