18 30

11 17
10 15
9 14
8 14
8 13
7 16
7 15
7 13
6 17
6 14
6 12
5 16
5 15
5 11
4 16
4 13
4 11
3 17
3 14
3 10
2 17
2 16
2 12
2 10
1 12
1 11
1 9
0 15
0 9
0 8
----------

40817: 8 14, 7 13, 6 17, 5 15, 4 16, 3 10, 2 12, 1 11, 0 9
Frc: 9.25 | 0.25 0.5 0.25 1 0.25 0.25 0.75 1 1 0.25 0.75 0.5 1 0.5 1 0.75 0.25 0.5 0.5 1 0.25 0.25 1 0.5 0.25 1 0.75 0.25 1 0.75 
Int: 10 | 1 1 0 1 0 0 1 1 1 0 1 0 1 1 1 1 0 0 1 1 0 1 1 0 0 1 1 0 1 1 
BDS: 13 | 1 1 1 1 1 0 1 1 1 1 0 1 1 0 1 1 0 1 0 1 1 0 1 0 1 1 1 1 1 0 

