18 30

11 17
9 15
8 17
8 13
8 12
7 16
7 15
7 11
6 17
6 14
6 11
5 15
5 14
5 11
4 16
4 14
4 10
3 16
3 13
3 10
2 17
2 15
2 12
2 10
1 16
1 13
1 9
0 14
0 12
0 9
----------

37226: 8 13, 7 11, 6 14, 5 15, 4 10, 3 16, 2 17, 1 9, 0 12
Frc: 9.25 | 0.0833333 0.166667 0.5 1 0.5 0.333333 0.666667 1 0.416667 1 0.583333 1 0.666667 0.333333 0.333333 0.666667 1 1 0.333333 0.666667 1 0.166667 0.5 0.333333 0.333333 0.666667 1 0.166667 1 0.833333 
Int: 10 | 0 1 0 1 1 1 0 1 1 1 0 1 0 1 1 0 1 1 1 0 1 0 0 1 1 0 1 1 1 0 
BDS: 13 | 0 1 0 1 1 0 1 1 1 1 1 1 1 0 1 1 1 1 1 0 1 0 1 1 0 1 1 1 1 0 

