18 30

13 17
10 13
9 14
8 16
8 13
7 17
7 16
7 15
6 15
6 14
6 12
5 17
5 16
5 11
4 16
4 15
4 11
3 14
3 13
3 10
2 14
2 12
2 10
1 17
1 12
1 11
1 9
0 15
0 9
0 8
----------

41370: 8 13, 7 15, 6 12, 5 16, 4 11, 3 14, 2 10, 1 17, 0 9
Frc: 9.27273 | 0.272727 0.363636 0.454545 0.181818 1 0.454545 0.545455 1 0.636364 0.363636 1 0.272727 1 0.727273 0.272727 0.727273 1 1 0.363636 0.636364 0.181818 0.818182 1 1 0.181818 0.272727 0.545455 0.181818 1 0.818182 
Int: 10 | 1 0 1 0 1 0 1 1 1 0 1 1 1 0 0 1 1 1 0 1 0 1 1 1 0 1 0 0 1 1 
BDS: 13 | 1 1 1 0 1 0 1 1 0 1 1 0 1 1 0 1 1 1 1 0 0 1 1 1 1 1 0 1 1 1 

