18 31

9 17
8 17
8 15
8 14
8 12
7 16
7 15
7 11
6 16
6 13
6 11
5 15
5 13
5 11
4 16
4 14
4 10
3 17
3 14
3 13
3 10
2 17
2 16
2 12
2 10
1 14
1 13
1 9
0 15
0 12
0 9
----------

65823: 8 12, 7 15, 6 16, 5 11, 4 14, 3 17, 2 10, 1 13, 0 9
Frc: 9.11111 | 0.111111 0.333333 0.222222 0.444444 1 0.555556 1 0.444444 1 0.444444 0.555556 0.555556 0.444444 1 0.444444 1 0.555556 1 0.444444 0.111111 0.444444 0.555556 0.222222 0.222222 1 0.111111 1 0.888889 0.222222 0.777778 1 
Int: 10 | 0 1 1 0 1 0 1 1 1 0 1 0 1 1 0 1 1 1 1 0 0 0 1 0 1 0 1 1 0 1 1 
BDS: 13 | 0 0 0 1 1 1 1 0 1 0 1 1 0 1 0 1 1 1 0 1 1 1 1 1 1 1 1 1 1 0 1 

