18 31

10 13
9 17
9 14
8 17
8 16
7 16
7 15
7 14
6 17
6 15
6 14
6 12
5 16
5 15
5 11
4 17
4 16
4 13
4 11
3 14
3 12
3 10
2 13
2 12
2 10
1 15
1 11
1 9
0 13
0 9
0 8
----------

47915: 8 17, 7 15, 6 14, 5 16, 4 13, 3 10, 2 12, 1 11, 0 9
Frc: 9.125 | 0.5 0.25 0.125 1 0.25 0.625 1 0.375 0.25 0.25 1 0.5 1 0.375 0.625 0.5 0.125 1 0.375 0.5 0.5 1 0.5 1 0.5 0.375 1 0.625 0.25 1 0.75 
Int: 10 | 1 0 0 1 0 1 1 0 0 1 1 0 1 0 1 1 0 1 0 1 1 1 1 1 0 0 1 1 0 1 1 
BDS: 13 | 1 0 1 1 1 1 1 0 0 1 1 0 1 1 1 1 0 1 0 1 1 1 1 1 0 0 1 1 0 1 1 

