18 31

10 15
9 13
8 15
8 14
7 17
7 16
7 13
6 17
6 16
6 14
6 12
5 16
5 15
5 11
4 16
4 13
4 11
3 17
3 15
3 12
3 10
2 17
2 13
2 12
2 10
1 14
1 11
1 9
0 14
0 9
0 8
----------

49513: 8 15, 7 13, 6 17, 5 16, 4 11, 3 12, 2 10, 1 14, 0 9
Frc: 9.16667 | 0.5 0.333333 1 0.333333 0.5 0.5 1 1 0.166667 0.333333 0.5 1 0.333333 0.666667 0.333333 0.666667 1 0.333333 0.166667 1 0.5 0.166667 0.333333 0.5 1 1 0.333333 0.666667 0.333333 1 0.666667 
Int: 10 | 1 0 1 0 1 0 1 1 1 1 0 1 0 1 0 1 1 1 0 1 0 0 0 1 1 1 0 1 0 1 1 
BDS: 13 | 0 1 1 1 0 1 1 1 0 1 0 1 0 1 0 1 1 1 1 1 1 0 1 1 1 1 1 0 0 1 1 

