18 31

10 13
9 15
8 16
8 15
7 16
7 14
7 13
6 16
6 13
6 12
5 17
5 16
5 15
5 11
4 17
4 14
4 11
3 17
3 14
3 12
3 10
2 13
2 12
2 10
1 14
1 11
1 9
0 17
0 15
0 9
0 8
----------

58559: 9 15, 7 14, 6 13, 5 16, 4 17, 3 10, 2 12, 1 11, 0 8
Frc: 9.25 | 0.0833333 1 0.583333 0.416667 0.166667 1 0.833333 0.25 1 0.916667 0.166667 1 0.416667 0.416667 1 0.416667 0.583333 0.75 0.166667 0.0833333 1 0.0833333 1 0.916667 0.416667 1 0.583333 0.416667 0.166667 0.416667 1 
Int: 10 | 0 1 1 0 0 1 1 0 1 1 0 1 1 0 1 1 1 1 0 0 1 0 1 1 0 1 1 1 0 0 1 
BDS: 13 | 1 1 1 1 0 1 1 1 1 0 1 1 0 0 1 0 1 1 1 1 1 1 1 0 0 1 1 1 0 0 1 

