18 31

11 13
10 17
9 17
9 16
8 17
8 13
7 15
7 14
7 13
6 16
6 15
6 12
5 15
5 14
5 11
4 14
4 13
4 11
3 16
3 12
3 10
2 17
2 14
2 12
2 10
1 16
1 11
1 9
0 15
0 9
0 8
----------

47530: 8 17, 7 13, 6 12, 5 15, 4 14, 3 16, 2 10, 1 11, 0 9
Frc: 9.16667 | 0.166667 0.5 0.166667 0.166667 1 0.166667 0.666667 0.333333 1 0.5 0.5 1 1 0.5 0.5 1 0.666667 0.333333 1 0.5 0.5 0.333333 0.166667 0.5 1 0.333333 1 0.666667 0.166667 1 0.833333 
Int: 10 | 0 1 0 1 1 0 1 0 1 1 0 1 1 0 1 1 1 0 1 1 0 0 1 0 1 1 1 0 0 1 1 
BDS: 13 | 0 0 1 0 1 1 1 0 1 1 1 1 1 1 1 1 1 0 1 0 1 0 1 1 1 0 1 1 1 1 0 

