18 29

13 17
10 17
9 15
8 16
8 15
7 16
7 14
7 13
6 17
6 15
6 12
5 15
5 13
5 11
4 16
4 12
4 11
3 16
3 14
3 10
2 14
2 13
2 10
1 12
1 11
1 9
0 17
0 9
0 8
----------

36922: 8 15, 7 14, 6 17, 5 13, 4 12, 3 16, 2 10, 1 11, 0 9
Frc: 9.09091 | 0.0909091 0.636364 0.0909091 0.272727 1 0.545455 1 0.454545 1 0.0909091 0.909091 0.818182 1 0.181818 0.181818 1 0.818182 1 0.454545 0.545455 0.545455 0.454545 1 0.0909091 1 0.909091 0.272727 1 0.727273 
Int: 10 | 0 0 0 1 1 0 1 1 1 0 1 1 1 1 1 1 0 1 0 1 1 0 1 0 1 1 1 1 0 
BDS: 13 | 1 1 0 1 1 1 1 0 1 1 0 1 1 1 1 1 0 1 0 1 1 0 1 1 1 1 1 1 0 

