18 30

13 17
10 16
9 15
8 16
8 14
7 15
7 14
7 13
6 17
6 14
6 12
5 16
5 14
5 11
4 16
4 12
4 11
3 17
3 15
3 10
2 15
2 13
2 10
1 12
1 11
1 9
0 17
0 13
0 9
0 8
----------

40722: 8 14, 7 15, 6 17, 5 11, 4 16, 3 10, 2 13, 1 12, 0 9
Frc: 9.11111 | 0.111111 0.222222 0.555556 0.222222 1 1 0.222222 0.777778 1 0.333333 0.666667 0.555556 0.444444 1 1 0.555556 0.444444 0.777778 0.222222 1 0.222222 1 0.777778 1 0.555556 0.444444 0.111111 0.111111 1 0.777778 
Int: 10 | 0 0 1 0 1 1 0 1 1 0 1 1 1 1 1 1 0 1 0 1 0 1 1 1 1 0 0 0 1 1 
BDS: 13 | 0 1 0 0 1 1 0 1 1 1 1 1 0 1 1 1 0 1 1 1 0 1 1 1 1 1 0 1 1 1 

