18 29

10 17
9 15
8 16
8 15
7 16
7 14
7 13
6 16
6 15
6 12
5 15
5 14
5 11
4 13
4 12
4 11
3 16
3 14
3 10
2 17
2 13
2 10
1 17
1 12
1 11
1 9
0 17
0 9
0 8
----------

26221: 8 15, 7 13, 6 12, 5 14, 4 11, 3 16, 2 10, 1 9, 0 17
Frc: 9.14286 | 0.142857 0.571429 0.428571 1 0.142857 0.857143 1 0.428571 0.571429 1 0.142857 1 0.857143 0.285714 0.714286 1 1 0.142857 0.857143 0.285714 0.714286 1 0.571429 0.285714 0.142857 1 1 0.428571 0.571429 
Int: 10 | 0 1 0 1 0 1 1 1 0 1 1 1 0 1 0 1 1 0 1 1 0 1 0 1 1 1 1 0 1 
BDS: 13 | 0 1 0 1 0 1 1 1 1 1 1 1 0 1 0 1 1 1 1 1 0 1 1 1 1 1 1 0 1 

