18 28

10 16
9 14
8 16
8 15
7 17
7 16
7 14
6 17
6 13
6 12
5 15
5 13
5 11
4 13
4 12
4 11
3 17
3 15
3 10
2 16
2 14
2 10
1 12
1 11
1 9
0 17
0 9
0 8
----------

21859: 8 15, 7 16, 6 13, 5 11, 4 12, 3 10, 2 14, 1 9, 0 17
Frc: 9.16667 | 0.166667 0.333333 0.666667 1 0.333333 1 0.666667 0.5 1 0.5 0.5 0.5 1 0.5 1 0.5 0.5 0.5 1 0.166667 1 0.833333 0.5 0.5 1 1 0.666667 0.333333 
Int: 10 | 0 0 1 1 0 1 1 1 1 0 1 1 1 0 1 1 1 0 1 0 1 1 1 0 1 1 1 0 
BDS: 13 | 1 1 0 1 1 1 0 1 1 1 1 1 1 0 1 1 0 1 1 0 1 1 0 1 1 1 1 1 

