18 29

10 16
9 14
8 17
8 15
7 15
7 14
7 13
6 17
6 15
6 12
5 16
5 15
5 11
4 16
4 12
4 11
3 17
3 14
3 10
2 16
2 13
2 10
1 12
1 11
1 9
0 17
0 13
0 9
0 8
----------

35408: 8 15, 7 14, 6 17, 5 11, 4 16, 3 10, 2 13, 1 12, 0 9
Frc: 9.11111 | 0.222222 0.555556 0.333333 1 0.222222 1 0.777778 1 0.333333 0.666667 0.555556 0.444444 1 1 0.555556 0.444444 0.555556 0.444444 1 0.222222 1 0.777778 1 0.555556 0.444444 0.111111 0.222222 1 0.666667 
Int: 10 | 0 1 0 1 0 1 1 1 0 1 1 1 1 1 1 0 1 0 1 0 1 1 1 1 0 0 0 1 1 
BDS: 13 | 1 0 0 1 0 1 1 1 1 1 1 0 1 1 1 0 1 1 1 1 1 0 1 1 1 0 1 1 1 

