18 29

11 17
10 17
9 15
8 17
8 13
7 17
7 15
7 13
6 16
6 15
6 12
5 15
5 14
5 11
4 16
4 12
4 11
3 16
3 14
3 10
2 16
2 14
2 10
1 12
1 11
1 9
0 13
0 9
0 8
----------

34511: 8 17, 7 13, 6 15, 5 11, 4 16, 3 10, 2 14, 1 12, 0 9
Frc: 9.25 | 0.25 0.25 0.25 1 0.5 0.5 0.5 1 0.5 1 0.5 0.25 0.75 1 1 0.5 0.5 0.75 0.25 1 0.25 1 0.75 1 0.25 0.75 0.5 1 0.5 
Int: 10 | 1 0 0 1 1 0 1 1 1 1 0 0 1 1 1 1 0 1 0 1 0 1 1 1 0 1 1 1 0 
BDS: 13 | 1 1 1 1 1 1 0 1 1 1 0 1 1 1 1 1 0 1 0 1 0 1 1 1 0 1 1 1 0 

36713: 8 17, 7 13, 6 15, 5 11, 4 16, 3 14, 2 10, 1 12, 0 9
Frc: 9.25 | 0.25 0.25 0.25 1 0.5 0.5 0.5 1 0.5 1 0.5 0.25 0.75 1 1 0.5 0.5 0.25 1 0.75 0.75 0.25 1 1 0.25 0.75 0.5 1 0.5 
Int: 10 | 0 1 0 1 1 1 0 1 0 1 1 1 0 1 1 0 1 1 1 0 0 1 1 1 0 1 1 1 0 
BDS: 13 | 1 1 1 1 1 1 0 1 1 1 0 1 1 1 1 1 0 0 1 1 1 0 1 1 0 1 1 1 0 

