18 30

12 17
11 14
10 16
9 14
8 15
8 13
7 17
7 16
7 13
6 16
6 14
6 12
5 17
5 16
5 11
4 14
4 12
4 11
3 17
3 15
3 10
2 15
2 13
2 10
1 12
1 11
1 9
0 15
0 9
0 8
----------

41926: 8 13, 7 17, 6 14, 5 16, 4 12, 3 15, 2 10, 1 11, 0 9
Frc: 9.25 | 0.166667 0.166667 0.166667 0.333333 0.416667 1 1 0.333333 0.666667 0.5 1 0.5 0.666667 1 0.333333 0.5 1 0.5 0.166667 1 0.833333 0.166667 0.833333 1 0.333333 1 0.666667 0.416667 1 0.583333 
Int: 10 | 1 0 0 0 1 1 1 0 1 1 1 0 0 1 1 1 1 0 0 1 1 0 1 1 0 1 1 1 1 0 
BDS: 13 | 1 0 1 1 1 1 1 0 1 1 1 0 1 1 1 1 1 0 0 1 1 0 1 1 0 1 1 1 1 0 

