18 29

13 17
10 17
9 15
8 16
8 13
7 16
7 15
7 14
6 17
6 13
6 12
5 14
5 13
5 11
4 17
4 12
4 11
3 16
3 15
3 10
2 15
2 14
2 10
1 12
1 11
1 9
0 16
0 9
0 8
----------

36279: 8 13, 7 15, 6 12, 5 14, 4 17, 3 16, 2 10, 1 11, 0 9
Frc: 9.11111 | 0.222222 0.222222 0.555556 0.111111 1 0.777778 1 0.222222 0.555556 0.444444 1 1 0.333333 0.666667 1 0.444444 0.555556 1 0.222222 0.777778 0.222222 0.777778 1 0.555556 1 0.444444 0.111111 1 0.888889 
Int: 10 | 0 1 1 0 1 1 1 0 0 1 1 1 0 1 1 1 0 1 0 1 0 1 1 0 1 1 0 1 1 
BDS: 13 | 0 1 0 1 1 1 1 0 1 0 1 1 1 1 1 0 1 1 0 1 1 1 1 1 1 1 0 1 1 

