18 28

10 14
9 17
8 17
8 13
7 16
7 15
7 12
6 16
6 15
6 12
5 17
5 14
5 11
4 16
4 13
4 11
3 17
3 15
3 10
2 16
2 14
2 10
1 12
1 11
1 9
0 13
0 9
0 8
----------

29889: 8 17, 7 12, 6 15, 5 14, 4 13, 3 10, 2 16, 1 11, 0 9
Frc: 9.25 | 0.5 0.25 1 0.5 0.75 0.25 1 0.25 1 0.75 0.5 1 0.5 0.5 1 0.5 0.25 0.75 1 1 0.5 0.5 0.25 1 0.75 0.5 1 0.5 
Int: 11 | 0 1 1 0 1 0 1 0 1 1 1 1 0 0 1 1 0 1 1 1 1 1 1 1 0 1 1 1 
BDS: 13 | 0 1 1 0 1 0 1 0 1 1 1 1 0 1 1 1 1 1 1 1 1 1 1 1 0 1 1 1 

30004: 8 17, 7 15, 6 12, 5 14, 4 13, 3 10, 2 16, 1 11, 0 9
Frc: 9.25 | 0.5 0.25 1 0.5 0.25 1 0.75 0.75 0.25 1 0.5 1 0.5 0.5 1 0.5 0.25 0.75 1 1 0.5 0.5 0.25 1 0.75 0.5 1 0.5 
Int: 11 | 0 1 1 0 1 1 0 0 1 1 1 1 0 0 1 1 0 1 1 1 1 1 1 1 0 1 1 1 
BDS: 13 | 0 1 1 0 0 1 1 1 0 1 1 1 0 1 1 1 1 1 1 1 1 1 1 1 0 1 1 1 

