18 29

11 17
10 13
9 15
8 16
8 15
7 17
7 15
7 12
6 17
6 14
6 12
5 17
5 14
5 11
4 16
4 13
4 11
3 15
3 14
3 10
2 16
2 13
2 10
1 12
1 11
1 9
0 16
0 9
0 8
----------

33540: 8 15, 7 17, 6 12, 5 14, 4 13, 3 10, 2 16, 1 11, 0 9
Frc: 9.20833 | 0.0416667 0.5 0.25 0.25 1 1 0.416667 0.583333 0.416667 0.583333 1 0.541667 1 0.458333 0.5 1 0.5 0.333333 0.666667 1 1 0.5 0.5 0.416667 1 0.75 0.25 1 0.75 
Int: 11 | 0 0 1 1 1 1 1 0 0 1 1 1 1 0 0 1 1 0 1 1 1 1 1 1 1 0 1 1 0 
BDS: 13 | 1 1 1 1 1 1 1 0 1 0 1 1 1 0 1 1 0 0 1 1 1 0 1 1 1 1 1 1 0 

