18 30

10 14
9 17
8 13
8 12
7 16
7 15
7 14
6 16
6 15
6 13
5 15
5 14
5 11
4 14
4 12
4 11
3 17
3 16
3 10
2 17
2 15
2 13
2 10
1 12
1 11
1 9
0 17
0 16
0 9
0 8
----------

45042: 8 13, 7 16, 6 15, 5 14, 4 12, 3 17, 2 10, 1 11, 0 9
Frc: 9.16667 | 0.166667 0.5 1 0.5 1 0.333333 0.666667 0.666667 1 0.333333 0.5 1 0.5 0.5 1 0.5 1 0.166667 0.833333 0.166667 0.166667 0.666667 1 0.5 1 0.5 0.333333 0.166667 1 0.5 
Int: 10 | 0 0 1 1 1 0 1 1 1 0 1 0 1 1 1 0 1 0 1 0 0 1 1 0 1 1 1 0 1 0 
BDS: 13 | 1 1 1 1 1 0 1 1 1 1 1 1 0 1 1 1 1 1 0 1 0 0 1 0 1 1 0 0 1 1 

