18 30

11 17
9 16
8 15
8 14
8 12
7 16
7 15
7 11
6 17
6 14
6 11
5 16
5 13
5 11
4 16
4 13
4 10
3 15
3 12
3 10
2 14
2 12
2 10
1 17
1 14
1 9
0 17
0 15
0 13
0 9
----------

52496: 8 15, 7 16, 6 14, 5 11, 4 13, 3 10, 2 12, 1 17, 0 9
Frc: 9.23077 | 0.153846 0.0769231 1 0.461538 0.538462 1 0.384615 0.615385 0.769231 1 0.230769 0.384615 0.615385 1 0.538462 1 0.461538 0.538462 0.461538 1 0.461538 1 0.538462 1 0.0769231 0.923077 0.0769231 0.230769 0.692308 1 
Int: 10 | 0 0 1 1 0 1 1 0 1 1 1 1 0 1 0 1 1 0 1 1 1 1 0 1 0 1 0 0 1 1 
BDS: 13 | 0 1 1 1 1 1 0 1 0 1 1 0 1 1 1 1 0 1 0 1 0 1 1 1 1 0 1 1 1 1 

