18 30

11 17
9 15
8 17
8 15
8 12
7 15
7 14
7 11
6 16
6 13
6 11
5 15
5 13
5 11
4 16
4 14
4 10
3 16
3 12
3 10
2 14
2 12
2 10
1 17
1 14
1 9
0 17
0 16
0 13
0 9
----------

52170: 8 12, 7 11, 6 13, 5 15, 4 16, 3 10, 2 14, 1 17, 0 9
Frc: 9.21429 | 0.0714286 0.142857 0.785714 0.214286 1 0.642857 0.357143 1 0.428571 1 0.571429 1 0.642857 0.357143 1 0.5 0.5 0.5 0.5 1 1 0.5 0.5 1 0.142857 0.857143 0.142857 0.0714286 0.785714 1 
Int: 10 | 0 0 1 0 1 1 0 1 1 1 1 1 1 0 1 1 0 0 1 1 1 0 1 1 0 1 0 0 1 1 
BDS: 13 | 0 1 0 1 1 1 0 1 0 1 1 1 1 0 1 1 1 0 1 1 1 1 0 1 1 0 1 1 1 1 

