18 31

9 17
8 16
8 15
8 12
7 15
7 14
7 11
6 15
6 13
6 11
5 14
5 13
5 11
4 14
4 13
4 10
3 17
3 16
3 12
3 10
2 17
2 15
2 12
2 10
1 16
1 14
1 9
0 17
0 16
0 13
0 9
----------

64878: 8 12, 7 14, 6 15, 5 11, 4 13, 3 17, 2 10, 1 16, 0 9
Frc: 9.21429 | 0.214286 0.5 0.5 1 0.571429 1 0.428571 1 0.428571 0.571429 0.571429 0.428571 1 0.214286 1 0.785714 1 0.285714 0.5 0.214286 0.285714 0.214286 0.5 1 1 0.214286 0.785714 0.5 0.214286 0.285714 1 
Int: 10 | 0 1 0 1 1 1 0 1 0 1 0 1 1 0 1 1 1 0 1 0 0 0 1 1 1 1 1 1 0 0 1 
BDS: 13 | 1 0 1 1 1 1 0 1 0 1 1 0 1 1 1 1 1 0 1 0 1 0 0 1 1 1 0 1 1 1 1 

