18 31

9 16
8 17
8 16
8 14
8 12
7 17
7 16
7 15
7 11
6 15
6 13
6 11
5 14
5 13
5 11
4 17
4 14
4 13
4 10
3 17
3 12
3 10
2 16
2 12
2 10
1 15
1 14
1 9
0 15
0 13
0 9
----------

48094: 8 12, 7 17, 6 11, 5 13, 4 14, 3 10, 2 16, 1 9, 0 15
Frc: 9.25 | 0.25 0.25 0.5 0.25 1 1 0.25 0.25 0.5 0.5 0.5 1 0.5 1 0.5 0.25 1 0.25 0.5 0.5 0.5 1 1 0.5 0.5 0.25 0.75 1 1 0.25 0.75 
Int: 10 | 1 1 0 0 1 1 0 0 1 1 0 1 1 1 0 0 1 0 1 0 1 1 1 1 0 1 0 1 1 1 0 
BDS: 13 | 1 0 1 0 1 1 1 0 1 0 1 1 1 1 0 1 1 0 1 0 1 1 1 0 1 1 1 1 1 1 0 

