18 31

9 15
8 17
8 16
8 13
8 12
7 15
7 14
7 11
6 15
6 13
6 11
5 17
5 14
5 13
5 11
4 17
4 14
4 13
4 10
3 17
3 12
3 10
2 16
2 12
2 10
1 16
1 15
1 9
0 16
0 14
0 9
----------

59336: 8 13, 7 15, 6 11, 5 14, 4 10, 3 17, 2 12, 1 16, 0 9
Frc: 9.25 | 0.25 0.25 0.25 1 0.5 1 0.5 0.5 0.5 0.5 1 0.25 1 0.25 0.5 0.5 0.25 0.25 1 1 0.5 0.5 0.5 1 0.5 1 0.25 0.75 0.25 0.75 1 
Int: 10 | 1 0 0 1 1 1 0 1 0 1 1 1 1 0 0 0 0 1 1 1 0 1 1 1 0 1 0 1 0 1 1 
BDS: 13 | 1 0 1 1 0 1 1 0 1 1 1 0 1 0 1 1 1 0 1 1 1 0 1 1 1 1 1 0 1 0 1 

