18 29

12 17
10 15
9 15
8 16
8 12
7 17
7 14
7 13
6 17
6 14
6 12
5 16
5 15
5 11
4 17
4 13
4 11
3 16
3 15
3 10
2 16
2 14
2 10
1 12
1 11
1 9
0 13
0 9
0 8
----------

36118: 8 12, 7 13, 6 14, 5 15, 4 17, 3 16, 2 10, 1 11, 0 9
Frc: 9.16667 | 0.166667 0.333333 0.333333 0.333333 1 0.333333 0.666667 1 0.5 1 0.5 0.333333 1 0.666667 1 0.666667 0.333333 1 0.333333 0.666667 0.333333 0.666667 1 0.333333 1 0.666667 0.333333 1 0.666667 
Int: 10 | 0 0 1 1 1 0 1 1 1 1 0 0 1 1 1 0 1 1 0 1 0 1 1 1 1 0 1 1 0 
BDS: 13 | 1 1 1 1 1 0 1 1 0 1 1 1 1 0 1 1 1 1 1 0 1 0 1 0 1 1 0 1 1 

