18 30

11 17
10 16
9 14
8 15
8 12
7 16
7 14
7 13
6 15
6 14
6 12
5 16
5 14
5 11
4 16
4 13
4 11
3 17
3 15
3 10
2 17
2 13
2 10
1 17
1 12
1 11
1 9
0 15
0 9
0 8
----------

40075: 8 12, 7 13, 6 15, 5 14, 4 16, 3 10, 2 17, 1 11, 0 9
Frc: 9.25 | 0.25 0.25 0.625 0.125 1 0.25 0.75 1 1 0.125 0.875 0.5 1 0.5 1 0.75 0.25 0.25 0.75 1 1 0.25 0.75 0.5 0.125 1 0.375 0.125 1 0.875 
Int: 10 | 0 1 0 0 1 0 1 1 1 0 1 0 1 1 1 1 0 0 1 1 1 0 1 1 0 1 1 0 1 1 
BDS: 13 | 0 1 1 1 1 0 1 1 1 1 0 1 1 1 1 1 0 0 1 1 1 1 0 1 1 1 0 0 1 1 

