18 29

13 17
10 16
9 16
8 16
8 12
7 17
7 14
7 13
6 15
6 13
6 12
5 17
5 14
5 11
4 17
4 13
4 11
3 16
3 15
3 10
2 15
2 14
2 10
1 12
1 11
1 9
0 15
0 9
0 8
----------

35176: 8 16, 7 14, 6 13, 5 11, 4 17, 3 15, 2 10, 1 12, 0 9
Frc: 9.16667 | 0.166667 0.333333 0.333333 1 0.333333 0.5 1 0.5 0.333333 1 0.666667 0.333333 0.666667 1 1 0.333333 0.666667 0.333333 1 0.666667 0.333333 0.666667 1 1 0.333333 0.666667 0.333333 1 0.666667 
Int: 10 | 0 0 1 1 1 0 1 1 1 1 0 1 0 1 1 1 0 0 1 1 0 1 1 1 1 0 1 1 0 
BDS: 13 | 0 1 1 1 1 1 1 1 1 1 1 0 1 1 1 0 1 1 1 0 0 1 1 1 1 0 1 1 0 

