18 30

11 17
10 15
9 16
8 17
8 13
8 12
7 16
7 15
7 14
6 14
6 13
6 12
5 17
5 16
5 11
4 16
4 15
4 11
3 15
3 14
3 10
2 14
2 13
2 10
1 12
1 11
1 9
0 17
0 9
0 8
----------

43388: 8 17, 7 15, 6 13, 5 16, 4 11, 3 14, 2 10, 1 12, 0 9
Frc: 9 | 0.142857 0.142857 0.428571 1 0.142857 0.142857 0.285714 1 0.714286 0.142857 1 0.857143 0.571429 1 0.428571 0.285714 0.714286 1 0.142857 1 0.857143 0.142857 0.857143 1 1 0.428571 0.571429 0.285714 1 0.714286 
Int: 10 | 1 0 1 1 0 0 0 1 1 0 1 1 0 1 1 0 1 1 0 1 1 0 1 1 1 0 1 0 1 1 
BDS: 13 | 1 1 1 1 1 0 1 1 0 1 1 1 0 1 1 1 0 1 0 1 1 0 1 1 1 1 0 0 1 1 

