18 31

10 14
9 14
8 17
8 12
7 16
7 15
7 13
6 16
6 14
6 12
5 16
5 15
5 11
4 15
4 13
4 11
3 17
3 16
3 10
2 17
2 13
2 12
2 10
1 14
1 13
1 11
1 9
0 17
0 15
0 9
0 8
----------

51336: 8 12, 7 16, 6 14, 5 11, 4 15, 3 17, 2 10, 1 13, 0 9
Frc: 9.25 | 0.25 0.5 0.5 1 1 0.5 0.5 0.5 1 0.5 0.75 0.25 1 1 0.25 0.75 1 0.25 0.75 0.25 0.25 0.5 1 0.25 1 0.25 0.5 0.25 0.25 1 0.5 
Int: 10 | 1 0 0 1 1 0 1 0 1 1 0 1 1 1 1 0 1 1 0 1 0 0 1 0 1 1 1 0 0 1 1 
BDS: 13 | 0 1 1 1 1 1 0 0 1 1 1 0 1 1 0 1 1 1 1 0 1 1 1 0 1 1 1 0 0 1 1 

