18 31

11 17
10 13
9 13
8 17
8 12
7 16
7 15
7 14
6 16
6 13
6 12
5 16
5 14
5 11
4 15
4 14
4 11
3 17
3 16
3 15
3 10
2 13
2 12
2 10
1 15
1 11
1 9
0 17
0 14
0 9
0 8
----------

48273: 8 17, 7 16, 6 13, 5 11, 4 14, 3 10, 2 12, 1 15, 0 9
Frc: 9.16667 | 0.166667 0.416667 0.166667 1 0.416667 1 0.5 0.5 0.416667 1 0.583333 0.666667 0.333333 1 0.333333 1 0.666667 0.583333 0.25 0.166667 1 0.416667 1 0.583333 1 0.166667 0.833333 0.25 0.166667 1 0.583333 
Int: 10 | 1 0 1 1 0 1 0 1 0 1 1 1 0 1 0 1 1 0 0 1 1 0 1 1 1 1 0 0 0 1 1 
BDS: 13 | 0 1 0 1 1 1 0 1 0 1 1 1 0 1 0 1 1 1 1 1 1 1 1 0 1 1 1 0 0 1 1 

