18 30

10 15
9 17
8 16
8 12
7 16
7 14
7 13
6 16
6 15
6 12
5 15
5 14
5 11
4 17
4 14
4 12
4 11
3 16
3 13
3 10
2 14
2 13
2 10
1 17
1 15
1 11
1 9
0 17
0 9
0 8
----------

40629: 8 12, 7 16, 6 15, 5 14, 4 17, 3 10, 2 13, 1 11, 0 9
Frc: 9.16667 | 0.5 0.583333 0.0833333 1 1 0.5 0.5 0.416667 1 0.583333 0.25 1 0.75 1 0.333333 0.416667 0.25 0.5 0.5 1 0.5 1 0.5 0.333333 0.25 1 0.416667 0.0833333 1 0.916667 
Int: 10 | 1 1 0 1 1 0 1 0 1 1 0 1 1 1 1 0 0 1 0 1 1 1 0 1 0 1 0 0 1 1 
BDS: 13 | 1 1 1 1 1 0 1 0 1 1 1 1 1 1 1 1 0 1 0 1 0 1 1 0 0 1 1 1 1 0 

