18 31

10 15
9 13
8 16
8 12
7 15
7 14
7 13
6 16
6 15
6 12
5 17
5 16
5 13
5 11
4 14
4 12
4 11
3 17
3 15
3 10
2 17
2 16
2 14
2 10
1 17
1 14
1 11
1 9
0 13
0 9
0 8
----------

49653: 8 12, 7 15, 6 16, 5 13, 4 14, 3 17, 2 10, 1 11, 0 9
Frc: 9 | 0.428571 0.428571 0.142857 1 1 0.571429 0.428571 1 0.142857 0.857143 0.285714 0.571429 1 0.142857 1 0.142857 0.857143 1 0.428571 0.571429 0.428571 0.285714 0.285714 1 0.285714 0.142857 1 0.571429 0.142857 1 0.857143 
Int: 9 | 0 1 0 1 1 1 0 1 1 0 0 0 1 1 1 1 0 1 0 1 0 1 0 1 1 0 1 0 0 1 1 
BDS: 13 | 1 1 1 1 1 1 1 1 1 0 1 0 1 0 1 1 1 1 1 0 1 0 0 1 1 0 1 0 0 1 1 

