18 31

9 17
9 14
8 15
8 14
8 12
7 17
7 14
7 11
6 16
6 13
6 11
5 17
5 16
5 12
5 11
4 15
4 13
4 10
3 17
3 14
3 13
3 10
2 15
2 12
2 10
1 16
1 15
1 9
0 16
0 13
0 9
----------

60423: 8 15, 7 14, 6 13, 5 11, 4 10, 3 17, 2 12, 1 16, 0 9
Frc: 9.25 | 0.125 0.125 1 0.375 0.625 0.5 1 0.5 0.5 1 0.5 0.375 0.25 0.375 1 0.375 0.625 1 1 0.5 0.125 0.375 0.375 1 0.625 1 0.25 0.75 0.25 0.75 1 
Int: 10 | 0 0 1 1 0 1 1 0 1 1 1 0 0 1 1 0 1 1 1 0 0 1 1 1 0 1 0 1 0 1 1 
BDS: 13 | 0 1 1 1 0 1 1 0 1 1 1 1 0 1 1 0 1 1 1 0 0 1 1 1 1 1 0 1 0 1 1 

