18 31

10 15
9 17
9 15
8 17
8 14
8 12
7 17
7 15
7 12
6 14
6 13
6 12
5 16
5 13
5 11
4 17
4 15
4 13
4 11
3 16
3 14
3 10
2 14
2 13
2 10
1 16
1 11
1 9
0 16
0 9
0 8
----------

39591: 8 12, 7 15, 6 13, 5 11, 4 17, 3 14, 2 10, 1 9, 0 16
Frc: 9.25 | 0.25 0.125 0.25 0.375 0.25 1 0.5 1 0.5 0.5 1 0.5 0.375 0.625 1 1 0.5 0.125 0.375 0.25 1 0.75 0.25 0.75 1 0.375 0.625 1 1 0.625 0.375 
Int: 10 | 0 0 1 0 0 1 1 1 0 1 1 1 0 1 1 1 0 0 1 0 1 1 0 1 1 1 0 1 1 0 1 
BDS: 13 | 1 0 1 1 0 1 1 1 0 1 1 1 0 1 1 1 0 0 1 0 1 1 0 1 1 1 1 1 1 0 1 

