18 31

10 14
9 17
9 16
8 16
8 12
7 16
7 14
7 12
6 14
6 13
6 12
5 15
5 13
5 11
4 17
4 14
4 13
4 11
3 16
3 15
3 10
2 15
2 13
2 10
1 17
1 15
1 11
1 9
0 17
0 9
0 8
----------

50247: 8 12, 7 16, 6 14, 5 13, 4 17, 3 15, 2 10, 1 11, 0 9
Frc: 9.22222 | 0.333333 0.222222 0.333333 0.333333 1 1 0.333333 0.666667 1 0.666667 0.333333 0.555556 1 0.444444 1 0.333333 0.111111 0.555556 0.333333 1 0.666667 0.333333 0.666667 1 0.444444 0.111111 1 0.444444 0.333333 1 0.666667 
Int: 10 | 1 1 0 0 1 1 0 1 1 1 0 0 1 1 1 0 0 1 1 1 0 1 0 1 0 0 1 1 0 1 1 
BDS: 13 | 1 0 0 1 1 1 1 0 1 1 1 1 1 0 1 0 0 1 1 1 0 1 0 1 0 1 1 1 1 1 1 

