18 31

10 14
9 15
8 16
8 12
7 16
7 15
7 12
6 17
6 15
6 14
6 12
5 17
5 16
5 13
5 11
4 14
4 13
4 11
3 17
3 15
3 13
3 10
2 14
2 13
2 10
1 17
1 11
1 9
0 16
0 9
0 8
----------

46659: 8 12, 7 16, 6 15, 5 11, 4 14, 3 10, 2 13, 1 17, 0 9
Frc: 9 | 0.333333 0.333333 0.333333 1 1 0.333333 0.666667 0.333333 1 0.333333 0.333333 0.333333 0.333333 0.333333 1 1 0.333333 0.666667 0.333333 0.333333 0.333333 1 0.333333 1 0.666667 1 0.333333 0.666667 0.333333 1 0.666667 
Int: 9 | 0 1 0 1 1 0 1 0 1 1 0 0 1 0 1 1 1 0 1 0 0 1 0 1 1 1 1 0 0 1 1 
BDS: 13 | 1 0 1 1 1 1 0 1 1 1 1 0 0 1 1 1 1 0 0 0 1 1 1 1 0 1 1 1 0 1 1 

