18 32

10 13
9 17
9 15
8 15
8 12
7 15
7 14
7 13
6 16
6 14
6 12
5 17
5 16
5 14
5 11
4 17
4 15
4 13
4 11
3 17
3 16
3 14
3 10
2 16
2 13
2 10
1 12
1 11
1 9
0 12
0 9
0 8
----------

53447: 8 15, 7 13, 6 14, 5 17, 4 11, 3 10, 2 16, 1 12, 0 9
Frc: 9 | 0.4 0.2 0.2 1 0.2 0.4 0.6 1 0.4 1 0.6 1 0.2 0.2 0.6 0.4 0.4 0.2 1 0.4 0.4 0.2 1 1 0.4 0.6 1 0.4 0.6 0.2 1 0.8 
Int: 9 | 0 1 0 1 0 1 0 1 0 1 1 1 1 0 0 0 0 1 1 0 0 1 1 1 0 1 1 1 0 0 1 1 
BDS: 13 | 1 0 1 1 1 1 1 1 1 1 1 1 0 0 1 0 1 0 1 1 0 0 1 1 1 0 1 1 0 1 1 0 

