18 30

10 15
9 17
9 16
8 17
8 14
7 15
7 14
7 13
6 15
6 14
6 13
5 16
5 15
5 11
4 16
4 13
4 11
3 17
3 12
3 10
2 17
2 12
2 11
2 10
1 16
1 12
1 9
0 14
0 9
0 8
----------

39570: 8 17, 7 13, 6 14, 5 15, 4 11, 3 10, 2 12, 1 16, 0 9
Frc: 9.25 | 0.5 0.25 0.25 1 0.25 0.5 0.5 1 0.5 1 0.5 0.25 1 0.75 0.5 0.5 1 0.5 0.5 1 0.25 1 0.25 0.5 1 0.5 0.5 0.25 1 0.75 
Int: 10 | 1 0 0 1 0 0 1 1 1 1 0 1 1 0 0 1 1 0 1 1 1 1 1 0 1 0 1 0 1 1 
BDS: 13 | 1 1 0 1 1 0 1 1 1 1 0 1 1 1 0 1 1 1 0 1 0 1 0 1 1 1 1 1 1 0 

39604: 8 17, 7 14, 6 13, 5 15, 4 11, 3 10, 2 12, 1 16, 0 9
Frc: 9.25 | 0.5 0.25 0.25 1 0.25 0.5 1 0.5 0.5 0.5 1 0.25 1 0.75 0.5 0.5 1 0.5 0.5 1 0.25 1 0.25 0.5 1 0.5 0.5 0.25 1 0.75 
Int: 10 | 1 0 0 1 0 1 1 0 0 1 1 1 1 0 0 1 1 0 1 1 1 1 1 0 1 0 1 0 1 1 
BDS: 13 | 1 1 0 1 1 1 1 0 0 1 1 1 1 1 0 1 1 1 0 1 0 1 0 1 1 1 1 1 1 0 

