18 29

10 16
9 13
8 15
8 13
7 17
7 15
7 14
6 16
6 15
6 13
5 17
5 14
5 11
4 15
4 14
4 11
3 16
3 12
3 10
2 17
2 12
2 11
2 10
1 17
1 12
1 9
0 16
0 9
0 8
----------

36455: 8 13, 7 14, 6 16, 5 11, 4 15, 3 12, 2 10, 1 17, 0 9
Frc: 9.2381 | 0.380952 0.238095 0.238095 1 0.47619 0.52381 1 1 0.238095 0.761905 0.47619 0.52381 1 1 0.47619 0.52381 0.380952 1 0.619048 0.047619 0.380952 0.571429 1 1 0.619048 0.761905 0.238095 1 0.761905 
Int: 10 | 0 0 1 1 1 0 1 1 0 1 1 0 1 1 1 0 0 1 1 0 0 1 1 0 1 1 1 1 0 
BDS: 13 | 1 1 1 1 0 1 1 1 1 0 0 1 1 1 0 1 1 1 0 1 0 1 1 1 1 1 1 1 0 

