18 28

10 13
9 17
8 16
8 15
7 17
7 16
7 13
6 17
6 14
6 13
5 16
5 14
5 11
4 14
4 12
4 11
3 15
3 12
3 10
2 12
2 11
2 10
1 17
1 15
1 9
0 16
0 9
0 8
----------

29578: 8 15, 7 13, 6 14, 5 16, 4 11, 3 10, 2 12, 1 17, 0 9
Frc: 9.16667 | 0.5 0.166667 0.166667 1 0.333333 0.666667 1 0.5 1 0.5 1 0.5 0.5 0.5 0.5 1 0.833333 0.5 1 1 0.5 0.5 1 0.166667 0.833333 0.166667 1 0.833333 
Int: 10 | 0 0 1 1 1 0 1 0 1 1 1 1 1 0 1 1 1 0 1 1 0 1 1 0 1 0 1 1 
BDS: 13 | 0 0 1 1 0 1 1 1 1 1 1 0 1 1 1 1 1 0 1 1 1 1 1 1 1 1 1 0 

