18 30

12 17
10 15
9 16
8 15
8 14
7 16
7 15
7 14
6 17
6 16
6 13
5 17
5 16
5 11
4 13
4 12
4 11
3 14
3 12
3 10
2 17
2 12
2 11
2 10
1 15
1 13
1 9
0 14
0 9
0 8
----------

41914: 8 15, 7 14, 6 17, 5 16, 4 11, 3 12, 2 10, 1 13, 0 9
Frc: 9 | 0.25 0.25 0.125 1 0.375 0.375 0.625 1 1 0.5 0.5 0.5 1 0.5 0.5 0.5 1 0.25 1 0.75 0.25 0.25 0.5 1 0.125 1 0.875 0.375 1 0.625 
Int: 9 | 0 1 0 1 0 1 0 1 1 0 1 1 1 0 0 1 1 1 1 0 0 0 1 1 0 1 1 0 1 1 
BDS: 13 | 1 1 1 1 1 0 1 1 1 1 0 0 1 1 1 1 1 1 1 0 0 0 1 1 0 1 1 1 1 0 

