18 30

10 15
9 17
9 16
8 17
8 15
7 16
7 14
7 13
6 15
6 14
6 13
5 17
5 14
5 11
4 14
4 12
4 11
3 15
3 12
3 10
2 17
2 12
2 11
2 10
1 16
1 13
1 9
0 16
0 9
0 8
----------

41736: 8 15, 7 16, 6 14, 5 17, 4 11, 3 12, 2 10, 1 13, 0 9
Frc: 9.16667 | 0.333333 0.333333 0.166667 0.333333 1 1 0.333333 0.666667 0.333333 1 0.666667 1 0.333333 0.666667 0.333333 0.666667 1 0.333333 1 0.666667 0.333333 0.333333 0.333333 1 0.5 1 0.5 0.333333 1 0.666667 
Int: 11 | 0 1 0 0 1 1 1 0 1 0 1 1 1 1 0 1 1 0 1 1 1 0 0 1 1 1 0 0 1 1 
BDS: 13 | 0 0 0 0 1 1 1 1 1 1 0 1 1 1 0 1 1 1 1 1 1 1 0 1 0 1 1 1 1 1 

