18 30

10 17
10 14
9 17
9 14
8 17
8 15
7 16
7 15
7 14
6 17
6 16
6 13
5 16
5 15
5 11
4 16
4 12
4 11
3 13
3 12
3 10
2 12
2 11
2 10
1 14
1 13
1 9
0 15
0 9
0 8
----------

39965: 8 17, 7 16, 6 13, 5 15, 4 12, 3 10, 2 11, 1 14, 0 9
Frc: 9.16667 | 0.166667 0.333333 0.166667 0.333333 1 0.166667 1 0.666667 0.333333 0.666667 0.333333 1 0.5 1 0.5 0.5 1 0.5 0.5 0.5 1 0.5 1 0.5 1 0.5 0.5 0.166667 1 0.833333 
Int: 10 | 0 1 0 0 1 0 1 1 0 1 0 1 0 1 1 1 1 0 1 1 0 0 1 1 1 0 1 0 1 1 
BDS: 13 | 0 1 1 0 1 1 1 1 0 0 1 1 0 1 1 1 1 1 1 1 1 0 1 1 1 0 1 1 1 0 

