18 29

11 17
10 17
9 16
8 17
8 14
7 17
7 15
7 13
6 15
6 14
6 13
5 16
5 13
5 11
4 16
4 12
4 11
3 16
3 12
3 10
2 12
2 11
2 10
1 15
1 14
1 9
0 15
0 9
0 8
----------

37079: 8 17, 7 13, 6 15, 5 11, 4 12, 3 16, 2 10, 1 14, 0 9
Frc: 9.22222 | 0.111111 0.666667 0.333333 1 0.111111 0.222222 0.777778 1 1 0.888889 0.111111 0.111111 0.888889 1 0.555556 1 0.444444 1 0.444444 0.555556 0.555556 0.444444 1 0.111111 1 0.888889 0.111111 1 0.888889 
Int: 10 | 0 1 0 1 0 0 1 1 1 1 0 0 1 1 1 1 1 1 0 1 1 0 1 0 1 1 0 1 1 
BDS: 13 | 1 1 1 1 0 1 0 1 1 1 1 0 1 1 1 1 0 1 0 1 1 0 1 0 1 1 1 1 1 

