18 29

10 17
10 13
9 16
8 17
8 14
7 16
7 15
7 14
6 16
6 15
6 13
5 15
5 14
5 11
4 15
4 12
4 11
3 17
3 12
3 10
2 12
2 11
2 10
1 17
1 13
1 9
0 16
0 9
0 8
----------

34660: 8 17, 7 14, 6 16, 5 15, 4 12, 3 10, 2 11, 1 13, 0 9
Frc: 9.16667 | 0.333333 0.166667 0.166667 1 0.5 0.666667 0.333333 1 1 0.166667 0.833333 1 0.5 0.5 0.5 1 0.5 0.5 0.5 1 0.5 1 0.5 0.166667 1 0.833333 0.166667 1 0.833333 
Int: 10 | 0 0 0 1 0 1 0 1 1 0 1 1 1 1 1 1 0 1 1 1 0 1 1 0 1 1 0 1 1 
BDS: 13 | 0 1 1 1 1 0 1 1 1 1 0 1 1 0 1 1 1 1 1 1 0 1 1 0 1 1 0 1 1 

