18 30

13 17
10 15
9 16
8 16
8 15
7 16
7 15
7 14
6 17
6 14
6 13
5 14
5 13
5 11
4 17
4 13
4 12
4 11
3 15
3 12
3 10
2 12
2 11
2 10
1 17
1 16
1 9
0 14
0 9
0 8
----------

41262: 8 16, 7 15, 6 13, 5 14, 4 11, 3 12, 2 10, 1 17, 0 9
Frc: 9.08333 | 0.25 0.5 0.166667 1 0.166667 0.666667 1 0.333333 0.5 0.5 1 1 0.5 0.5 0.25 0.25 0.5 1 0.5 1 0.5 0.5 0.5 1 1 0.166667 0.833333 0.166667 1 0.833333 
Int: 10 | 1 1 0 1 0 1 1 0 0 1 1 1 0 1 0 0 1 1 1 1 0 1 0 1 1 0 1 0 1 1 
BDS: 13 | 0 1 0 1 1 0 1 1 0 1 1 1 0 1 1 1 1 1 1 1 0 0 1 1 1 1 1 1 1 0 

