18 31

10 13
9 16
8 16
8 15
7 16
7 15
7 13
6 15
6 14
6 13
5 17
5 15
5 12
5 11
4 17
4 14
4 12
4 11
3 17
3 16
3 10
2 17
2 14
2 11
2 10
1 13
1 12
1 9
0 14
0 9
0 8
----------

36054: 8 16, 7 13, 6 15, 5 11, 4 12, 3 17, 2 10, 1 9, 0 14
Frc: 9.16667 | 0.166667 0.5 1 0.5 0.666667 0.333333 1 1 0.333333 0.666667 0.666667 0.166667 0.166667 1 0.166667 0.166667 1 0.666667 1 0.166667 0.833333 0.166667 0.5 0.333333 1 0.166667 0.833333 1 1 0.5 0.5 
Int: 10 | 0 1 1 1 1 0 1 1 0 1 1 0 0 1 0 0 1 1 1 0 1 0 1 0 1 0 1 1 1 0 1 
BDS: 13 | 1 1 1 1 1 0 1 1 0 1 1 0 1 1 0 1 1 0 1 1 0 0 1 1 1 1 0 1 1 1 0 

