18 28

10 13
9 16
8 17
8 16
7 16
7 15
7 14
6 17
6 14
6 13
5 15
5 12
5 11
4 14
4 12
4 11
3 16
3 13
3 10
2 12
2 11
2 10
1 17
1 15
1 9
0 17
0 9
0 8
----------

29028: 8 16, 7 14, 6 13, 5 15, 4 11, 3 10, 2 12, 1 17, 0 9
Frc: 9.25 | 0.5 0.5 0.25 1 0.5 0.5 1 0.5 0.5 1 1 0.5 0.5 0.5 0.5 1 0.5 0.5 1 1 0.5 0.5 1 0.5 0.5 0.25 1 0.75 
Int: 10 | 1 0 0 1 1 0 1 1 0 1 1 1 0 1 0 1 1 0 1 1 1 0 1 1 1 0 1 1 
BDS: 13 | 0 1 1 1 1 0 1 1 1 1 1 1 0 1 0 1 1 1 1 1 1 1 1 1 0 1 1 0 

29459: 8 16, 7 14, 6 13, 5 15, 4 12, 3 10, 2 11, 1 17, 0 9
Frc: 9.25 | 0.5 0.5 0.25 1 0.5 0.5 1 0.5 0.5 1 1 0.5 0.5 0.5 1 0.5 0.5 0.5 1 0.5 1 0.5 1 0.5 0.5 0.25 1 0.75 
Int: 10 | 1 0 0 1 1 0 1 1 0 1 1 0 1 1 1 0 1 0 1 1 1 0 1 1 1 0 1 1 
BDS: 13 | 0 1 1 1 1 0 1 1 1 1 1 0 1 1 1 0 1 1 1 1 1 1 1 1 0 1 1 0 

