18 30

10 15
9 14
8 16
8 13
7 16
7 15
7 14
6 17
6 14
6 13
5 16
5 12
5 11
4 17
4 15
4 12
4 11
3 17
3 12
3 10
2 16
2 11
2 10
1 17
1 15
1 13
1 9
0 14
0 9
0 8
----------

40251: 8 13, 7 15, 6 14, 5 16, 4 12, 3 10, 2 11, 1 17, 0 9
Frc: 9.16667 | 0.5 0.166667 0.166667 1 0.333333 1 0.666667 0.166667 1 0.833333 1 0.5 0.5 0.333333 0.166667 1 0.5 0.5 0.5 1 0.5 1 0.5 1 0.333333 0.166667 0.833333 0.166667 1 0.833333 
Int: 10 | 1 0 1 1 0 1 1 0 1 1 1 0 1 1 0 1 0 0 1 1 0 1 1 1 0 0 1 0 1 1 
BDS: 13 | 0 0 0 1 1 1 0 1 1 0 1 1 0 0 0 1 1 1 1 1 1 1 1 1 1 1 1 1 1 1 

