18 30

10 14
9 14
8 15
8 14
7 17
7 16
7 15
6 17
6 16
6 13
6 12
5 17
5 16
5 11
4 16
4 15
4 11
3 14
3 13
3 10
2 12
2 11
2 10
1 13
1 12
1 9
0 17
0 15
0 9
0 8
----------

41428: 8 14, 7 15, 6 17, 5 16, 4 11, 3 10, 2 12, 1 13, 0 9
Frc: 9.125 | 0.375 0.375 0.375 1 0.5 0.5 1 1 0.125 0.25 0.625 0.375 1 0.625 0.375 0.625 1 0.25 0.75 1 1 0.375 0.625 1 0.375 0.625 0.125 0.25 1 0.625 
Int: 10 | 1 0 1 1 0 1 1 1 0 0 1 0 1 1 0 1 1 0 1 1 1 1 0 1 0 1 1 0 1 0 
BDS: 13 | 1 1 0 1 0 1 1 1 0 1 1 0 1 1 0 1 1 0 1 1 1 1 0 1 0 1 1 1 1 1 

