18 29

14 17
10 16
9 17
8 17
8 15
7 16
7 15
7 14
6 14
6 13
6 12
5 16
5 15
5 11
4 16
4 14
4 11
3 17
3 13
3 10
2 12
2 11
2 10
1 13
1 12
1 9
0 15
0 9
0 8
----------

33109: 8 17, 7 15, 6 14, 5 11, 4 16, 3 10, 2 12, 1 13, 0 9
Frc: 9.25 | 0.25 0.25 0.375 1 0.375 0.5 1 0.5 1 0.375 0.625 0.25 0.75 1 1 0.25 0.75 0.375 0.625 1 1 0.25 0.75 1 0.375 0.625 0.375 1 0.625 
Int: 10 | 1 1 0 1 0 1 1 0 1 0 1 0 1 1 1 0 1 0 1 1 1 1 0 1 0 1 0 1 1 
BDS: 13 | 1 1 1 1 0 1 1 0 1 1 1 0 1 1 1 0 1 0 1 1 1 1 0 1 0 1 1 1 1 

