18 30

13 17
11 17
10 15
9 14
8 17
8 14
7 15
7 14
7 13
6 16
6 13
6 12
5 15
5 14
5 11
4 15
4 13
4 11
3 17
3 16
3 10
2 12
2 11
2 10
1 16
1 12
1 9
0 16
0 9
0 8
----------

39622: 8 17, 7 14, 6 16, 5 15, 4 13, 3 10, 2 11, 1 12, 0 9
Frc: 9.16667 | 0.5 0.166667 0.166667 0.166667 1 0.166667 0.333333 1 0.666667 1 0.166667 0.833333 1 0.666667 0.333333 0.5 1 0.5 0.333333 0.666667 1 0.166667 1 0.833333 0.166667 1 0.833333 0.166667 1 0.833333 
Int: 10 | 1 0 0 1 1 0 1 1 0 1 0 1 1 0 1 0 1 1 0 1 1 0 1 1 0 1 1 0 1 1 
BDS: 13 | 1 1 0 1 1 1 0 1 1 1 0 1 1 1 0 1 1 0 1 0 1 1 1 1 0 1 1 1 1 0 

