18 30

13 17
10 16
9 16
8 16
8 14
7 15
7 14
7 13
6 15
6 14
6 12
5 17
5 13
5 11
4 14
4 13
4 11
3 17
3 16
3 10
2 17
2 12
2 11
2 10
1 15
1 12
1 9
0 15
0 9
0 8
----------

41130: 8 16, 7 13, 6 15, 5 11, 4 14, 3 17, 2 10, 1 12, 0 9
Frc: 9 | 0.125 0.375 0.25 1 0.25 0.5 0.5 1 1 0.25 0.75 0.5 0.5 1 1 0.375 0.625 1 0.375 0.625 0.375 0.25 0.375 1 0.25 1 0.75 0.25 1 0.75 
Int: 11 | 0 1 0 1 1 0 1 1 1 1 0 0 1 1 1 0 1 1 1 0 1 1 0 1 0 1 1 1 1 0 
BDS: 13 | 0 1 1 1 1 0 1 1 1 1 0 0 1 1 1 0 1 1 1 0 1 1 1 1 0 1 1 1 1 0 

