18 30

10 14
9 17
9 14
8 15
8 13
7 16
7 15
7 14
6 16
6 15
6 12
5 17
5 16
5 11
4 17
4 13
4 11
3 16
3 14
3 10
2 17
2 12
2 11
2 10
1 13
1 12
1 9
0 15
0 9
0 8
----------

41310: 8 13, 7 14, 6 15, 5 11, 4 17, 3 16, 2 10, 1 12, 0 9
Frc: 9 | 0.333333 0.166667 0.333333 0.166667 1 0.333333 0.666667 1 0.166667 1 0.833333 0.5 0.5 1 1 0.5 0.5 1 0.333333 0.666667 0.333333 0.166667 0.5 1 0.5 1 0.5 0.166667 1 0.833333 
Int: 10 | 0 0 1 1 1 1 0 1 0 1 1 1 0 1 1 1 0 1 0 1 0 0 1 1 0 1 1 0 1 1 
BDS: 13 | 1 1 0 1 1 1 0 1 1 1 0 0 1 1 1 0 1 1 1 0 0 1 1 1 1 1 1 1 1 0 

