18 29

12 17
10 16
9 15
8 16
8 14
7 17
7 15
7 13
6 17
6 14
6 12
5 17
5 13
5 11
4 15
4 13
4 11
3 15
3 14
3 10
2 12
2 11
2 10
1 16
1 12
1 9
0 16
0 9
0 8
----------

34515: 8 14, 7 17, 6 12, 5 13, 4 15, 3 10, 2 11, 1 16, 0 9
Frc: 9.16667 | 0.166667 0.666667 0.166667 0.166667 1 1 0.5 0.5 0.333333 0.666667 1 0.5 1 0.5 1 0.5 0.5 0.666667 0.333333 1 0.666667 1 0.333333 1 0.166667 0.833333 0.166667 1 0.833333 
Int: 10 | 0 1 0 0 1 1 0 1 0 1 1 1 1 1 1 1 0 1 0 1 1 1 0 1 0 1 0 1 1 
BDS: 13 | 0 0 1 1 1 1 1 0 1 0 1 1 1 0 1 1 1 1 1 1 1 1 1 1 1 0 0 1 1 

