18 29

10 16
9 17
8 17
8 13
7 16
7 15
7 14
6 15
6 13
6 12
5 16
5 15
5 11
4 14
4 13
4 11
3 16
3 14
3 10
2 17
2 12
2 11
2 10
1 17
1 12
1 9
0 15
0 9
0 8
----------

36335: 8 17, 7 15, 6 13, 5 16, 4 11, 3 14, 2 10, 1 12, 0 9
Frc: 9 | 0.333333 0.333333 1 0.333333 0.333333 1 0.666667 0.333333 1 0.666667 1 0.333333 0.666667 0.333333 0.666667 1 0.333333 1 0.666667 0.333333 0.333333 0.333333 1 0.333333 1 0.666667 0.333333 1 0.666667 
Int: 9 | 0 0 1 1 1 1 0 0 1 1 1 0 1 1 0 1 0 1 1 1 0 0 1 0 1 1 1 1 0 
BDS: 13 | 1 0 1 1 1 1 0 1 1 0 1 1 1 1 1 1 1 1 0 1 1 0 1 0 1 1 0 1 1 

