18 30

11 17
10 14
9 15
8 16
8 13
7 15
7 14
7 13
6 16
6 14
6 12
5 16
5 15
5 11
4 15
4 13
4 11
3 17
3 14
3 10
2 17
2 12
2 11
2 10
1 17
1 12
1 9
0 16
0 9
0 8
----------

41452: 8 16, 7 15, 6 14, 5 11, 4 13, 3 17, 2 10, 1 12, 0 9
Frc: 9.25 | 0.375 0.375 0.25 1 0.25 1 0.25 0.75 0.25 1 0.75 0.5 0.5 1 0.25 1 0.75 1 0.375 0.625 0.375 0.25 0.375 1 0.25 1 0.75 0.25 1 0.75 
Int: 10 | 0 0 0 1 1 1 1 0 0 1 1 1 0 1 1 1 0 1 0 1 0 0 1 1 1 1 1 1 1 0 
BDS: 13 | 0 1 0 1 1 1 0 1 1 1 1 0 1 1 0 1 1 1 1 0 1 0 1 1 1 1 1 0 1 1 

