18 30

10 15
9 17
9 14
8 14
8 13
7 16
7 15
7 14
6 16
6 13
6 12
5 17
5 16
5 11
4 16
4 13
4 11
3 17
3 15
3 10
2 17
2 12
2 11
2 10
1 14
1 12
1 9
0 15
0 9
0 8
----------

41898: 8 14, 7 15, 6 13, 5 16, 4 11, 3 17, 2 10, 1 12, 0 9
Frc: 9 | 0.428571 0.285714 0.142857 1 0.142857 0.571429 1 0.428571 0.285714 1 0.714286 0.285714 1 0.714286 0.142857 0.857143 1 1 0.428571 0.571429 0.428571 0.285714 0.285714 1 0.428571 1 0.571429 0.142857 1 0.857143 
Int: 10 | 0 0 1 1 0 1 1 0 0 1 1 1 1 0 0 1 1 1 0 1 0 0 1 1 0 1 1 1 1 1 
BDS: 13 | 1 0 0 1 1 1 1 0 1 1 0 1 1 0 0 1 1 1 1 0 1 1 1 1 1 1 1 1 1 0 

