18 30

9 10
8 16
8 15
8 14
7 17
7 13
7 12
6 16
6 15
6 11
5 15
5 14
5 11
4 17
4 16
4 12
4 11
3 17
3 15
3 13
3 10
2 14
2 13
2 10
1 17
1 16
1 9
0 14
0 12
0 9
----------

51778: 8 15, 7 12, 6 11, 5 14, 4 17, 3 10, 2 13, 1 16, 0 9
Frc: 9.125 | 0.125 0.375 1 0.625 0.125 0.875 1 0.5 0.5 1 0.375 1 0.625 1 0.125 0.25 0.625 0.75 0.125 0.125 1 0.125 1 0.875 0.125 1 0.875 0.25 0.75 1 
Int: 10 | 1 1 1 0 0 1 1 0 1 1 0 1 1 1 0 1 0 1 0 0 1 1 1 0 1 1 0 1 0 1 
BDS: 13 | 1 0 1 1 0 1 1 0 1 1 0 1 1 1 1 1 1 0 0 1 1 1 1 0 1 1 1 1 0 1 

