18 31

9 10
8 15
8 14
8 13
7 17
7 16
7 15
7 12
6 17
6 15
6 13
6 11
5 16
5 12
5 11
4 17
4 13
4 12
4 11
3 16
3 14
3 10
2 15
2 14
2 10
1 16
1 14
1 9
0 17
0 13
0 9
----------

51674: 8 15, 7 12, 6 13, 5 16, 4 11, 3 14, 2 10, 1 9, 0 17
Frc: 9.125 | 0.125 1 0.25 0.75 0.375 0.5 0.125 1 0.25 0.25 1 0.5 1 0.5 0.5 0.375 0.125 0.5 1 0.125 1 0.875 0.875 0.125 1 0.375 0.625 1 1 0.125 0.875 
Int: 10 | 0 1 1 1 0 0 1 1 0 0 1 1 1 1 0 1 0 0 1 0 1 1 1 0 1 1 0 1 1 0 1 
BDS: 13 | 1 1 1 1 0 1 1 1 1 0 1 0 1 0 1 1 0 1 1 0 1 1 1 0 1 1 0 1 1 1 0 

