18 31

10 17
9 10
8 17
8 16
8 15
8 12
7 16
7 13
7 12
6 17
6 15
6 11
5 15
5 14
5 11
4 17
4 14
4 13
4 11
3 16
3 14
3 10
2 16
2 13
2 10
1 15
1 14
1 9
0 13
0 12
0 9
----------

64381: 8 12, 7 13, 6 17, 5 11, 4 14, 3 16, 2 10, 1 15, 0 9
Frc: 9.23529 | 0.0588235 0.176471 0.529412 0.294118 0.176471 1 0.470588 1 0.529412 1 0.411765 0.588235 0.411765 0.588235 1 0.411765 1 0.176471 0.411765 1 0.235294 0.764706 0.235294 0.764706 1 1 0.176471 0.823529 0.529412 0.470588 1 
Int: 10 | 1 0 0 1 0 1 0 1 1 1 1 0 1 0 1 0 1 0 1 1 1 0 0 1 1 1 0 1 1 0 1 
BDS: 13 | 1 0 1 0 1 1 0 1 1 1 0 1 0 1 1 0 1 1 0 1 1 0 1 1 1 1 1 1 1 0 1 

