18 31

11 17
8 16
8 15
8 14
7 17
7 15
7 13
6 17
6 16
6 15
6 12
5 16
5 13
5 12
4 17
4 14
4 13
4 12
3 16
3 11
3 10
2 14
2 11
2 9
1 15
1 14
1 10
1 9
0 11
0 10
0 9
----------

62768: 8 15, 7 17, 6 16, 5 13, 4 12, 3 10, 2 11, 1 14, 0 9
Frc: 9.27273 | 0.272727 0.272727 1 0.727273 1 0.454545 0.545455 0.272727 1 0.272727 0.454545 0.454545 1 0.545455 0.454545 0.0909091 0.454545 1 0.636364 0.363636 1 0.363636 1 0.636364 0.272727 1 0.363636 0.363636 0.363636 0.636364 1 
Int: 10 | 1 1 1 0 1 1 0 0 1 0 1 1 1 0 0 0 1 1 1 0 1 1 1 0 0 1 0 1 0 1 1 
BDS: 13 | 1 1 1 0 1 1 1 0 1 1 0 1 1 1 1 0 0 1 1 0 1 1 1 1 1 1 0 0 0 1 1 

