18 29

10 17
8 17
8 16
8 15
7 17
7 16
7 14
6 16
6 15
6 13
5 16
5 14
5 13
4 15
4 14
4 11
3 13
3 12
3 10
2 17
2 12
2 11
2 9
1 12
1 10
1 9
0 11
0 10
0 9
----------

37987: 8 16, 7 17, 6 13, 5 14, 4 15, 3 12, 2 11, 1 9, 0 10
Frc: 9.23077 | 0.230769 0.538462 1 0.461538 1 0.0769231 0.923077 0.461538 0.538462 1 0.461538 1 0.538462 1 0.0769231 0.923077 0.615385 1 0.384615 0.230769 0.384615 1 0.384615 0.615385 0.384615 1 0.384615 1 0.615385 
Int: 10 | 1 0 1 1 1 0 1 0 1 1 1 1 0 1 0 1 1 1 0 1 0 1 0 1 0 1 0 1 1 
BDS: 13 | 1 1 1 1 1 1 0 1 0 1 1 1 0 1 1 1 1 1 0 1 0 1 0 1 0 1 1 1 1 

38073: 8 17, 7 16, 6 15, 5 13, 4 14, 3 12, 2 11, 1 9, 0 10
Frc: 9.23077 | 0.230769 1 0.0769231 0.923077 0.538462 1 0.461538 0.461538 1 0.538462 0.461538 0.538462 1 0.0769231 1 0.923077 0.615385 1 0.384615 0.230769 0.384615 1 0.384615 0.615385 0.384615 1 0.384615 1 0.615385 
Int: 10 | 1 1 0 1 0 1 1 1 1 0 0 1 1 0 1 1 1 1 0 1 0 1 0 1 0 1 0 1 1 
BDS: 13 | 1 1 1 0 1 1 1 1 1 0 1 0 1 1 1 1 1 1 0 1 0 1 0 1 0 1 1 1 1 

