18 31

9 17
8 16
8 15
8 14
7 17
7 16
7 13
6 16
6 15
6 13
5 17
5 15
5 14
5 13
4 14
4 12
4 11
3 17
3 16
3 12
3 10
2 15
2 14
2 11
2 9
1 12
1 10
1 9
0 11
0 10
0 9
----------

65697: 8 15, 7 16, 6 13, 5 17, 4 11, 3 12, 2 14, 1 10, 0 9
Frc: 9.25 | 0.25 0.416667 1 0.583333 0.416667 1 0.583333 0.416667 0.583333 1 1 0.166667 0.416667 0.416667 0.5 0.5 1 0.333333 0.166667 1 0.5 0.25 1 0.5 0.25 0.5 1 0.5 0.5 0.5 1 
Int: 10 | 1 0 1 1 1 1 0 0 1 1 1 0 0 1 0 1 1 0 1 1 0 0 1 1 0 1 1 0 0 1 1 
BDS: 13 | 0 1 1 0 0 1 1 0 1 1 1 0 1 0 0 1 1 1 1 1 1 1 1 1 0 1 1 1 1 0 1 

