18 30

10 17
8 16
8 15
8 14
7 16
7 15
7 13
6 16
6 14
6 13
5 17
5 15
5 14
5 12
4 15
4 13
4 11
3 17
3 12
3 10
2 17
2 16
2 11
2 9
1 12
1 10
1 9
0 11
0 10
0 9
----------

52504: 8 16, 7 13, 6 14, 5 15, 4 11, 3 10, 2 17, 1 12, 0 9
Frc: 9.25 | 0.25 1 0.25 0.75 0.5 0.5 1 0.25 1 0.75 0.375 1 0.25 0.375 0.25 0.75 1 0.375 0.625 1 1 0.25 0.375 0.375 1 0.375 0.625 0.625 0.375 1 
Int: 10 | 1 1 0 1 0 1 1 0 1 1 1 1 0 0 0 1 1 0 1 1 1 1 0 0 1 0 1 1 0 1 
BDS: 13 | 0 1 0 1 1 0 1 0 1 1 1 1 1 1 1 1 1 1 0 1 1 0 0 1 1 1 1 1 0 1 

