18 31

9 17
8 16
8 15
8 14
7 16
7 15
7 13
6 16
6 14
6 13
5 15
5 14
5 12
4 17
4 14
4 13
4 11
3 15
3 12
3 10
2 17
2 16
2 11
2 9
1 17
1 12
1 10
1 9
0 11
0 10
0 9
----------

52408: 8 16, 7 15, 6 13, 5 14, 4 11, 3 12, 2 17, 1 9, 0 10
Frc: 9.16667 | 0.166667 1 0.666667 0.333333 0.333333 1 0.666667 0.5 0.5 1 0.166667 1 0.833333 0.166667 0.166667 0.666667 1 0.166667 1 0.833333 1 0.166667 0.666667 0.166667 0.666667 0.166667 0.166667 1 0.333333 1 0.666667 
Int: 10 | 0 1 1 0 0 1 1 1 1 1 0 1 1 0 0 1 1 0 1 1 1 0 1 0 1 0 0 1 0 1 1 
BDS: 13 | 0 1 1 0 0 1 1 1 0 1 0 1 1 1 1 1 1 1 1 1 1 0 0 1 0 1 0 1 1 1 1 

