18 30

12 17
10 17
8 17
8 16
8 15
8 13
7 16
7 14
7 13
6 15
6 14
6 13
5 16
5 15
5 12
4 16
4 14
4 11
3 15
3 12
3 10
2 17
2 11
2 9
1 12
1 10
1 9
0 11
0 10
0 9
----------

56192: 8 17, 7 16, 6 13, 5 15, 4 14, 3 12, 2 11, 1 10, 0 9
Frc: 9.16667 | 0.0833333 0.0833333 1 0.25 0.25 0.5 1 0.5 0.5 0.5 0.5 1 0.25 1 0.75 0.5 1 0.5 0.25 1 0.75 0.833333 1 0.166667 0.166667 1 0.833333 0.833333 0.166667 1 
Int: 10 | 0 0 1 1 0 1 1 1 0 1 0 1 0 1 1 0 1 1 0 1 1 1 1 0 0 1 1 1 0 1 
BDS: 13 | 0 1 1 0 1 0 1 0 1 1 1 1 1 1 0 1 1 1 1 1 0 1 1 0 1 1 1 1 0 1 

