18 31

9 17
8 16
8 15
8 13
7 16
7 14
7 13
6 15
6 14
6 13
5 17
5 16
5 12
4 17
4 16
4 14
4 11
3 15
3 14
3 12
3 10
2 15
2 11
2 9
1 12
1 10
1 9
0 17
0 11
0 10
0 9
----------

39365: 8 16, 7 13, 6 15, 5 17, 4 14, 3 10, 2 9, 1 12, 0 11
Frc: 9.14286 | 0.142857 1 0.571429 0.428571 0.571429 0.428571 1 1 0.428571 0.571429 1 0.285714 0.714286 0.714286 0.142857 1 0.142857 0.571429 0.142857 0.285714 1 0.142857 0.857143 1 1 0.285714 0.714286 0.142857 1 0.714286 0.142857 
Int: 10 | 0 1 1 0 1 1 1 1 0 1 1 0 1 1 0 1 0 1 0 0 1 0 1 1 1 0 1 0 1 1 0 
BDS: 13 | 0 1 1 0 1 0 1 1 0 1 1 1 0 1 0 1 1 1 1 1 1 1 0 1 1 0 1 0 1 1 1 

