18 30

10 17
8 16
8 15
8 14
7 16
7 14
7 13
6 15
6 14
6 13
5 17
5 16
5 15
5 12
4 17
4 12
4 11
3 13
3 12
3 10
2 16
2 11
2 9
1 15
1 10
1 9
0 17
0 11
0 10
0 9
----------

53850: 8 16, 7 13, 6 14, 5 17, 4 12, 3 10, 2 11, 1 15, 0 9
Frc: 9.14286 | 0.142857 1 0.428571 0.571429 0.571429 0.428571 1 0.428571 1 0.571429 1 0.428571 0.142857 0.428571 0.285714 1 0.714286 0.428571 0.571429 1 0.285714 1 0.714286 1 0.714286 0.285714 0.571429 0.285714 0.142857 1 
Int: 10 | 1 1 0 1 1 0 1 1 1 0 1 0 0 1 0 1 1 1 0 1 1 1 0 1 0 1 1 0 0 1 
BDS: 13 | 1 1 0 1 1 0 1 0 1 1 1 1 1 1 0 1 1 1 0 1 1 1 0 1 1 1 0 1 0 1 

