18 31

9 17
8 16
8 15
8 14
7 16
7 15
7 13
6 16
6 14
6 13
5 17
5 15
5 12
4 17
4 14
4 12
4 11
3 14
3 13
3 12
3 10
2 15
2 11
2 9
1 17
1 16
1 10
1 9
0 11
0 10
0 9
----------

40793: 8 15, 7 13, 6 16, 5 17, 4 12, 3 14, 2 9, 1 10, 0 11
Frc: 9.25 | 0.25 0.5 1 0.5 0.25 0.75 1 1 0.25 0.75 1 0.375 0.625 0.375 0.25 1 0.375 1 0.25 0.375 0.375 0.375 0.625 1 0.375 0.25 1 0.375 1 0.625 0.375 
Int: 10 | 0 1 1 0 0 1 1 1 1 1 1 0 1 0 0 1 1 1 0 0 1 1 0 1 1 0 1 0 1 0 1 
BDS: 13 | 0 1 1 0 0 1 1 1 0 1 1 1 1 1 1 1 1 1 1 0 1 0 1 1 0 0 1 1 1 1 0 

