18 32

9 17
8 16
8 15
8 14
7 16
7 15
7 13
6 16
6 14
6 13
5 17
5 15
5 12
4 17
4 16
4 12
4 11
3 14
3 13
3 12
3 10
2 17
2 13
2 11
2 9
1 15
1 14
1 10
1 9
0 11
0 10
0 9
----------

62117: 8 15, 7 13, 6 16, 5 17, 4 12, 3 14, 2 11, 1 9, 0 10
Frc: 9.16667 | 0.166667 0.5 1 0.5 0.333333 0.666667 1 1 0.333333 0.666667 1 0.416667 0.583333 0.416667 0.166667 1 0.416667 1 0.166667 0.416667 0.416667 0.416667 0.166667 1 0.416667 0.25 0.166667 0.583333 1 0.583333 1 0.416667 
Int: 10 | 1 1 1 0 0 1 1 1 1 0 1 1 0 1 0 1 0 1 0 1 0 0 1 1 0 0 0 1 1 1 1 0 
BDS: 13 | 1 1 1 0 0 1 1 1 0 1 1 1 0 1 0 1 0 1 1 1 0 1 0 1 0 1 1 1 1 1 1 0 

