18 31

13 17
8 17
8 14
8 13
7 16
7 14
7 13
6 17
6 15
6 14
6 12
5 16
5 15
5 14
5 12
4 16
4 15
4 11
3 17
3 13
3 12
3 10
2 15
2 11
2 9
1 16
1 10
1 9
0 11
0 10
0 9
----------

64109: 8 13, 7 14, 6 17, 5 16, 4 11, 3 12, 2 15, 1 10, 0 9
Frc: 9.25 | 0.25 0.5 0.5 1 0.5 1 0.5 1 0.25 0.25 0.5 1 0.25 0.25 0.5 0.5 0.5 1 0.25 0.25 1 0.5 1 0.5 0.5 0.5 1 0.5 0.5 0.5 1 
Int: 10 | 0 1 0 1 0 1 1 1 0 0 1 1 0 1 0 1 1 1 0 0 1 1 1 0 1 0 1 1 1 0 1 
BDS: 13 | 0 0 1 1 1 1 0 1 1 1 0 1 0 0 1 1 0 1 1 1 1 1 1 1 0 1 1 1 1 0 1 

