18 32

10 17
8 16
8 14
8 13
7 15
7 14
7 13
6 16
6 15
6 12
5 15
5 14
5 13
5 12
4 16
4 15
4 11
3 17
3 13
3 12
3 10
2 17
2 14
2 11
2 9
1 16
1 10
1 9
0 17
0 11
0 10
0 9
----------

75670: 8 14, 7 13, 6 15, 5 12, 4 16, 3 17, 2 11, 1 10, 0 9
Frc: 9.2 | 0.2 0.6 1 0.4 0.4 0.6 1 0.4 1 0.6 0.4 0.2 0.4 1 1 0.2 0.8 1 0.2 0.4 0.4 0.4 0.2 1 0.4 0.4 1 0.6 0.4 0.2 0.4 1 
Int: 10 | 0 1 1 0 1 0 1 0 1 1 0 1 0 1 1 0 1 1 1 0 1 1 0 1 0 0 1 1 1 0 0 1 
BDS: 13 | 0 1 1 1 1 0 1 1 1 0 1 0 0 1 1 0 1 1 0 1 1 1 1 1 1 1 1 0 0 0 1 1 

