18 31

10 17
8 16
8 15
8 14
7 17
7 16
7 14
7 12
6 17
6 13
6 12
5 14
5 13
5 12
4 16
4 15
4 11
3 17
3 15
3 13
3 10
2 16
2 11
2 9
1 15
1 14
1 10
1 9
0 11
0 10
0 9
----------

52251: 8 15, 7 14, 6 12, 5 13, 4 16, 3 17, 2 11, 1 9, 0 10
Frc: 9.25 | 0.25 0.25 1 0.75 0.25 0.25 1 0.5 0.5 0.5 1 0.5 1 0.5 1 0.5 0.5 1 0.25 0.5 0.25 0.5 1 0.5 0.25 0.25 0.5 1 0.5 1 0.5 
Int: 11 | 0 0 1 1 0 0 1 1 1 0 1 1 1 0 1 1 0 1 0 1 1 1 1 1 0 1 0 1 1 1 0 
BDS: 13 | 1 1 1 0 0 0 1 1 0 1 1 1 1 0 1 0 1 1 1 1 0 1 1 1 0 1 1 1 1 1 0 

