18 31

13 17
8 16
8 15
8 14
7 15
7 14
7 12
6 17
6 13
6 12
5 14
5 13
5 12
4 16
4 15
4 11
3 17
3 16
3 13
3 10
2 15
2 14
2 11
2 9
1 17
1 16
1 10
1 9
0 11
0 10
0 9
----------

36470: 8 16, 7 14, 6 12, 5 13, 4 15, 3 17, 2 9, 1 10, 0 11
Frc: 9.25 | 0.25 1 0.75 0.25 0.5 1 0.5 0.5 0.5 1 0.5 1 0.5 0.5 1 0.5 1 0.25 0.25 0.5 0.25 0.25 0.5 1 0.25 0.25 1 0.5 1 0.5 0.5 
Int: 10 | 0 1 1 0 0 1 1 1 0 1 1 1 0 0 1 1 1 0 1 1 0 1 0 1 0 1 1 0 1 0 1 
BDS: 13 | 0 1 0 1 1 1 0 1 0 1 1 1 1 1 1 0 1 1 1 0 0 1 1 1 1 0 1 1 1 1 0 

