18 31

9 17
8 15
8 14
8 13
7 16
7 15
7 12
6 16
6 14
6 12
5 15
5 14
5 12
4 17
4 16
4 13
4 11
3 17
3 14
3 13
3 10
2 17
2 15
2 11
2 9
1 16
1 10
1 9
0 11
0 10
0 9
----------

53960: 8 15, 7 16, 6 14, 5 12, 4 17, 3 13, 2 11, 1 9, 0 10
Frc: 9.2 | 0.2 1 0.2 0.8 1 0.4 0.6 0.6 1 0.4 0.4 0.6 1 1 0.3 0.2 0.5 0.3 0.2 1 0.5 0.5 0.2 1 0.3 0.5 0.5 1 0.5 1 0.5 
Int: 10 | 1 1 1 0 1 0 1 1 1 0 0 1 1 1 0 1 0 0 0 1 1 0 1 1 0 1 0 1 1 1 0 
BDS: 13 | 1 1 1 1 1 0 1 1 1 0 0 1 1 1 0 0 1 1 0 1 0 1 1 1 0 1 1 1 1 1 0 

64442: 8 15, 7 16, 6 14, 5 12, 4 11, 3 13, 2 17, 1 10, 0 9
Frc: 9.2 | 0.2 1 0.2 0.8 1 0.4 0.6 0.6 1 0.4 0.4 0.6 1 0.5 0.3 0.2 1 0.3 0.2 1 0.5 1 0.2 0.5 0.3 0.5 1 0.5 0.5 0.5 1 
Int: 10 | 1 1 1 0 1 1 0 0 1 1 0 1 1 0 0 1 1 0 1 1 0 1 0 1 0 1 1 0 0 1 1 
BDS: 13 | 0 1 1 1 1 0 1 1 1 0 0 1 1 1 1 0 1 0 0 1 1 1 1 0 1 0 1 1 1 1 1 

