18 30

12 17
8 15
8 14
8 13
7 16
7 15
7 12
6 16
6 14
6 12
5 15
5 13
5 12
4 16
4 14
4 11
3 17
3 15
3 13
3 10
2 17
2 16
2 11
2 9
1 17
1 10
1 9
0 11
0 10
0 9
----------

40804: 8 13, 7 12, 6 14, 5 15, 4 16, 3 10, 2 17, 1 9, 0 11
Frc: 9.16667 | 0.166667 0.166667 0.833333 1 0.416667 0.583333 1 0.583333 1 0.416667 1 0.583333 0.416667 1 0.166667 0.833333 0.333333 0.25 0.416667 1 1 0.333333 0.166667 0.5 0.5 0.5 1 1 0.5 0.5 
Int: 10 | 1 0 1 1 0 1 1 0 1 1 1 1 0 1 0 1 0 1 0 1 1 1 0 0 0 1 1 1 0 1 
BDS: 13 | 1 0 1 1 0 1 1 0 1 1 1 1 1 1 1 1 0 1 0 1 1 1 0 1 0 1 1 1 1 0 

