18 30

11 17
8 17
8 14
8 13
7 17
7 16
7 15
7 12
6 15
6 14
6 12
5 17
5 15
5 13
5 12
4 16
4 14
4 11
3 15
3 13
3 10
2 16
2 11
2 9
1 16
1 10
1 9
0 11
0 10
0 9
----------

30266: 8 14, 7 12, 6 15, 5 17, 4 16, 3 13, 2 9, 1 10, 0 11
Frc: 9.23077 | 0.230769 0.384615 1 0.615385 0.384615 0.384615 0.230769 1 1 0.230769 0.769231 1 0.384615 0.384615 0.230769 1 0.769231 0.230769 0.384615 1 0.615385 0.461538 0.538462 1 0.461538 1 0.538462 1 0.538462 0.461538 
Int: 10 | 1 0 1 1 0 1 0 1 1 0 1 1 1 0 0 1 1 0 0 1 1 0 1 1 0 1 1 1 1 0 
BDS: 13 | 0 1 1 0 1 1 1 1 1 1 0 1 0 1 1 1 1 1 0 1 1 0 1 1 0 1 1 1 1 0 

