18 31

9 17
8 15
8 14
8 13
7 17
7 16
7 15
7 12
6 15
6 14
6 12
5 14
5 13
5 12
4 17
4 16
4 14
4 11
3 15
3 13
3 10
2 16
2 11
2 9
1 17
1 16
1 10
1 9
0 11
0 10
0 9
----------

62538: 8 13, 7 15, 6 14, 5 12, 4 11, 3 10, 2 16, 1 17, 0 9
Frc: 9.25 | 0.25 0.5 0.5 1 0.5 0.25 1 0.25 0.25 1 0.75 0.25 0.75 1 0.25 0.5 0.25 1 0.25 0.75 1 1 0.5 0.5 1 0.25 0.5 0.25 0.5 0.5 1 
Int: 10 | 0 1 1 0 0 1 1 0 0 1 1 0 1 1 1 0 0 1 0 1 1 1 0 1 1 0 1 0 1 0 1 
BDS: 13 | 1 0 1 1 1 0 1 1 0 1 1 0 1 1 0 0 1 1 1 1 1 1 1 0 1 1 1 0 1 0 1 

