18 31

9 17
8 17
8 16
8 13
7 16
7 15
7 12
6 16
6 13
6 12
5 17
5 15
5 13
5 12
4 17
4 16
4 14
4 11
3 15
3 14
3 10
2 15
2 14
2 11
2 9
1 14
1 10
1 9
0 11
0 10
0 9
----------

63129: 8 13, 7 15, 6 12, 5 17, 4 16, 3 10, 2 11, 1 14, 0 9
Frc: 9.16667 | 0.166667 0.666667 0.333333 1 0.333333 1 0.666667 0.333333 0.666667 1 1 0.333333 0.333333 0.333333 0.166667 1 0.416667 0.416667 0.583333 0.416667 1 0.416667 0.166667 1 0.416667 1 0.583333 0.416667 0.583333 0.416667 1 
Int: 10 | 1 0 1 1 0 1 1 0 1 1 1 1 0 0 0 1 1 0 1 0 1 1 0 1 0 1 1 0 1 0 1 
BDS: 13 | 0 1 0 1 1 1 1 0 1 1 1 1 0 0 1 1 1 1 1 0 1 1 0 1 1 1 1 0 0 1 1 

