18 31

9 17
8 15
8 14
8 13
7 17
7 15
7 14
7 12
6 17
6 16
6 13
6 12
5 15
5 13
5 12
4 16
4 14
4 11
3 15
3 14
3 10
2 17
2 16
2 11
2 9
1 16
1 10
1 9
0 11
0 10
0 9
----------

65238: 8 15, 7 17, 6 13, 5 12, 4 11, 3 14, 2 16, 1 10, 0 9
Frc: 9.08333 | 0.0833333 1 0.5 0.5 1 0.333333 0.166667 0.5 0.166667 0.333333 1 0.5 0.5 0.5 1 0.666667 0.333333 1 0.166667 1 0.833333 0.75 1 0.166667 0.0833333 0.166667 1 0.833333 0.833333 0.166667 1 
Int: 10 | 0 1 1 1 1 0 0 1 1 0 1 0 1 0 1 1 0 1 0 1 1 1 1 0 0 0 1 1 1 0 1 
BDS: 13 | 1 1 1 1 1 0 1 0 0 1 1 1 1 0 1 0 1 1 1 1 0 1 1 0 0 1 1 0 1 1 1 

