18 31

12 14
8 17
8 16
8 13
7 16
7 15
7 12
6 16
6 13
6 12
5 17
5 15
5 13
5 12
4 15
4 14
4 11
3 17
3 16
3 14
3 10
2 17
2 15
2 11
2 9
1 14
1 10
1 9
0 11
0 10
0 9
----------

35852: 8 13, 7 16, 6 12, 5 15, 4 14, 3 17, 2 9, 1 10, 0 11
Frc: 9.14286 | 0.142857 0.571429 0.428571 1 1 0.428571 0.571429 0.428571 0.571429 1 0.285714 1 0.428571 0.285714 0.5 1 0.5 1 0.142857 0.357143 0.5 0.142857 0.357143 0.5 1 0.5 1 0.5 1 0.5 0.5 
Int: 10 | 1 0 1 1 1 1 0 0 1 1 1 1 0 0 0 1 1 1 1 0 0 1 0 0 1 0 1 1 1 1 0 
BDS: 13 | 0 1 0 1 1 1 1 0 1 1 1 1 0 0 1 1 1 1 1 0 1 1 0 0 1 1 1 1 1 0 1 

66508: 8 13, 7 16, 6 12, 5 15, 4 14, 3 17, 2 11, 1 10, 0 9
Frc: 9.14286 | 0.142857 0.571429 0.428571 1 1 0.428571 0.571429 0.428571 0.571429 1 0.285714 1 0.428571 0.285714 0.5 1 0.5 1 0.142857 0.357143 0.5 0.142857 0.357143 1 0.5 0.5 1 0.5 0.5 0.5 1 
Int: 10 | 1 0 1 1 1 1 0 0 1 1 1 1 0 0 0 1 1 1 0 0 1 0 1 1 0 0 1 1 1 0 1 
BDS: 13 | 0 1 0 1 1 1 1 0 1 1 1 1 0 0 1 1 1 1 1 0 1 0 0 1 1 1 1 1 0 1 1 

