18 31

10 14
8 16
8 14
8 13
7 17
7 15
7 14
7 12
6 17
6 16
6 13
6 12
5 14
5 13
5 12
4 16
4 15
4 11
3 16
3 15
3 10
2 17
2 15
2 11
2 9
1 17
1 10
1 9
0 11
0 10
0 9
----------

52355: 8 14, 7 17, 6 13, 5 12, 4 15, 3 16, 2 11, 1 9, 0 10
Frc: 9.125 | 0.125 0.5 1 0.5 1 0.125 0.375 0.5 0.125 0.375 1 0.5 0.5 0.5 1 0.375 1 0.625 1 0.5 0.5 0.25 0.375 1 0.375 0.625 0.375 1 0.375 1 0.625 
Int: 10 | 0 0 1 1 1 0 0 1 0 1 1 0 1 0 1 0 1 1 1 1 1 1 0 1 0 1 0 1 0 1 1 
BDS: 13 | 0 1 1 1 1 1 0 0 1 0 1 1 1 0 1 1 1 0 1 1 1 0 1 1 0 1 0 1 1 1 1 

