18 31

10 14
8 16
8 14
8 13
7 17
7 16
7 14
7 12
6 17
6 15
6 13
6 12
5 14
5 13
5 12
4 17
4 16
4 11
3 16
3 15
3 10
2 17
2 15
2 11
2 9
1 15
1 10
1 9
0 11
0 10
0 9
----------

52173: 8 13, 7 16, 6 12, 5 14, 4 17, 3 15, 2 11, 1 9, 0 10
Frc: 9.25 | 0.25 0.5 0.5 1 0.25 1 0.25 0.5 0.375 0.125 0.5 1 1 0.5 0.5 1 0.375 0.625 0.625 1 0.375 0.375 0.25 1 0.375 0.625 0.375 1 0.375 1 0.625 
Int: 10 | 1 1 0 1 0 1 0 1 1 0 0 1 1 1 0 1 0 1 0 1 1 0 1 1 0 0 1 1 0 1 1 
BDS: 13 | 1 1 1 1 1 1 0 0 1 0 1 1 1 0 1 1 1 0 1 1 0 1 0 1 0 1 0 1 1 1 1 

