18 31

12 14
9 17
8 15
8 14
8 13
7 17
7 15
7 12
6 17
6 16
6 13
6 12
5 15
5 13
5 12
4 17
4 16
4 15
4 11
3 16
3 14
3 10
2 14
2 11
2 9
1 16
1 10
1 9
0 11
0 10
0 9
----------

40046: 8 15, 7 17, 6 13, 5 12, 4 16, 3 14, 2 9, 1 10, 0 11
Frc: 9.27273 | 0.0454545 0.227273 1 0.681818 0.318182 1 0.363636 0.636364 0.363636 0.318182 1 0.318182 0.318182 0.681818 1 0.409091 1 0.318182 0.272727 0.272727 1 0.727273 0.272727 0.727273 1 0.5 1 0.5 1 0.727273 0.272727 
Int: 10 | 0 0 1 0 1 1 0 1 0 1 1 0 1 0 1 1 1 0 1 0 1 1 1 0 1 1 1 0 1 0 1 
BDS: 13 | 0 0 1 1 1 1 0 1 0 1 1 0 0 1 1 1 1 1 1 0 1 1 1 0 1 1 1 0 1 1 1 

