18 32

9 17
8 16
8 14
8 13
7 16
7 15
7 12
6 16
6 13
6 12
5 15
5 14
5 13
5 12
4 17
4 16
4 14
4 11
3 17
3 15
3 14
3 10
2 15
2 11
2 9
1 17
1 13
1 10
1 9
0 11
0 10
0 9
----------

48848: 8 13, 7 16, 6 12, 5 15, 4 14, 3 17, 2 9, 1 10, 0 11
Frc: 9.14286 | 0.142857 0.428571 0.571429 1 1 0.428571 0.571429 0.428571 0.571429 1 1 0.285714 0.285714 0.428571 0.428571 0.142857 1 0.428571 1 0.428571 0.142857 0.428571 0.428571 0.571429 1 0.428571 0.142857 1 0.428571 1 0.571429 0.428571 
Int: 10 | 1 0 1 1 1 0 1 0 1 1 1 1 0 0 0 1 1 0 1 1 0 0 0 1 1 0 1 1 0 1 1 0 
BDS: 13 | 0 0 1 1 1 1 1 0 1 1 1 1 0 0 1 1 1 1 1 0 1 0 1 0 1 1 0 1 0 1 1 1 

