18 32

10 13
8 16
8 15
8 14
7 16
7 15
7 12
6 16
6 13
6 12
5 15
5 13
5 12
4 17
4 15
4 14
4 11
3 17
3 14
3 13
3 10
2 17
2 14
2 11
2 9
1 17
1 16
1 10
1 9
0 11
0 10
0 9
----------

60350: 8 16, 7 12, 6 13, 5 15, 4 14, 3 17, 2 11, 1 9, 0 10
Frc: 9.2 | 0.2 1 0.2 0.8 0.4 0.6 1 0.4 1 0.6 1 0.6 0.4 0.3 0.2 1 0.5 1 0.1 0.6 0.3 0.4 0.1 1 0.5 0.3 0.2 0.5 1 0.5 1 0.5 
Int: 10 | 1 1 1 0 1 0 1 0 1 1 1 1 0 0 1 1 0 1 1 0 0 0 0 1 1 1 0 0 1 1 1 0 
BDS: 13 | 0 1 1 0 0 1 1 0 1 1 1 1 0 1 0 1 1 1 0 1 1 0 1 1 1 0 1 1 1 1 1 0 

