18 30

9 17
8 16
8 15
8 14
7 17
7 16
7 15
7 13
6 15
6 14
6 13
5 17
5 14
5 11
4 15
4 13
4 11
3 17
3 16
3 12
3 10
2 16
2 12
2 9
1 12
1 10
1 9
0 11
0 10
0 9
----------

36695: 8 15, 7 17, 6 14, 5 11, 4 13, 3 16, 2 9, 1 12, 0 10
Frc: 9.23077 | 0.230769 0.461538 1 0.538462 1 0.461538 0.0769231 0.461538 0.461538 1 0.538462 0.538462 0.461538 1 0.461538 1 0.538462 0.230769 1 0.384615 0.384615 0.384615 0.615385 1 1 0.615385 0.384615 0.615385 1 0.384615 
Int: 10 | 1 1 1 0 1 0 0 1 0 1 1 0 1 1 1 1 0 0 1 1 0 0 1 1 1 1 0 1 1 0 
BDS: 13 | 1 1 1 0 1 1 0 0 1 1 1 1 1 1 0 1 1 1 1 0 0 1 1 1 1 1 0 1 1 0 

