18 29

8 17
8 16
8 15
7 17
7 15
7 14
6 16
6 15
6 14
5 16
5 13
5 11
4 13
4 12
4 11
3 17
3 14
3 13
3 10
2 16
2 12
2 9
1 12
1 10
1 9
0 17
0 11
0 10
0 9
----------

36728: 8 15, 7 14, 6 16, 5 11, 4 13, 3 10, 2 12, 1 9, 0 17
Frc: 9.13333 | 0.466667 0.533333 1 0.466667 0.533333 1 1 0.466667 0.533333 0.333333 0.666667 1 1 0.866667 0.266667 0.0666667 0.6 0.333333 1 0.133333 1 0.866667 0.133333 0.866667 1 1 0.733333 0.133333 0.133333 
Int: 10 | 1 1 1 0 1 1 1 0 1 0 1 1 1 1 0 0 1 0 1 0 1 1 0 1 1 1 1 0 0 
BDS: 13 | 0 1 1 0 1 1 1 0 1 1 0 1 1 1 0 1 1 1 1 1 1 0 1 0 1 1 1 1 1 

