18 30

13 17
8 17
8 15
8 14
7 16
7 15
7 13
6 15
6 14
6 13
5 16
5 13
5 11
4 17
4 15
4 12
4 11
3 16
3 14
3 10
2 16
2 12
2 9
1 17
1 12
1 10
1 9
0 11
0 10
0 9
----------

41264: 8 14, 7 15, 6 13, 5 16, 4 17, 3 10, 2 12, 1 9, 0 11
Frc: 9.16667 | 0.166667 0.5 0.5 1 0.333333 1 0.666667 0.333333 0.666667 1 1 0.166667 0.833333 1 0.166667 0.666667 0.166667 0.333333 0.666667 1 0.333333 1 0.666667 0.333333 0.333333 0.333333 1 1 0.666667 0.333333 
Int: 10 | 1 1 0 1 1 1 0 1 0 1 1 0 1 1 0 1 0 0 1 1 0 1 1 1 0 0 1 1 1 0 
BDS: 13 | 0 0 1 1 0 1 1 0 1 1 1 1 1 1 0 0 1 0 1 1 1 1 1 1 1 1 1 1 0 1 

