18 29

9 17
8 17
8 15
8 14
7 16
7 15
7 13
6 16
6 14
6 13
5 16
5 15
5 11
4 17
4 13
4 12
4 11
3 17
3 14
3 10
2 16
2 12
2 9
1 12
1 10
1 9
0 11
0 10
0 9
----------

31402: 8 17, 7 13, 6 16, 5 15, 4 11, 3 14, 2 9, 1 12, 0 10
Frc: 9.27273 | 0.272727 1 0.363636 0.636364 0.363636 0.636364 1 1 0.363636 0.636364 0.363636 1 0.636364 0.363636 0.363636 0.272727 1 0.363636 1 0.636364 0.272727 0.727273 1 1 0.727273 0.272727 0.545455 1 0.454545 
Int: 10 | 1 1 1 0 1 0 1 1 1 0 0 1 1 0 1 0 1 1 1 0 0 1 1 1 1 0 1 1 0 
BDS: 13 | 0 1 0 1 1 1 1 1 1 0 0 1 1 1 1 1 1 0 1 1 1 0 1 1 1 1 1 1 0 

