18 31

10 14
8 16
8 15
8 13
7 16
7 14
7 13
6 15
6 14
6 13
5 16
5 14
5 11
4 17
4 15
4 12
4 11
3 17
3 15
3 10
2 16
2 12
2 9
1 17
1 12
1 10
1 9
0 17
0 11
0 10
0 9
----------

41919: 8 15, 7 13, 6 14, 5 16, 4 11, 3 17, 2 9, 1 12, 0 10
Frc: 9.21429 | 0.214286 0.428571 1 0.571429 0.428571 0.571429 1 0.571429 1 0.428571 1 0.214286 0.785714 0.5 0.214286 0.285714 1 1 0.5 0.5 0.285714 0.714286 1 0.428571 1 0.285714 0.285714 0.0714286 0.214286 1 0.714286 
Int: 10 | 0 0 1 1 1 0 1 1 1 0 0 1 1 0 0 1 1 1 0 1 1 0 1 1 1 0 0 0 0 1 1 
BDS: 13 | 0 0 1 1 0 1 1 1 1 0 1 1 1 0 0 1 1 1 1 0 1 1 1 1 1 1 1 0 1 1 0 

