18 31

11 14
9 17
8 17
8 15
8 13
7 17
7 16
7 14
7 13
6 15
6 14
6 13
5 15
5 14
5 11
4 16
4 12
4 11
3 17
3 16
3 15
3 10
2 16
2 12
2 9
1 12
1 10
1 9
0 11
0 10
0 9
----------

65213: 8 17, 7 14, 6 13, 5 15, 4 11, 3 16, 2 12, 1 10, 0 9
Frc: 9.26923 | 0.0384615 0.230769 1 0.346154 0.653846 0.346154 0.307692 1 0.346154 0.346154 0.653846 1 1 0.307692 0.692308 0.269231 0.730769 1 0.423077 1 0.307692 0.269231 0.5 1 0.5 0.730769 1 0.269231 0.269231 0.730769 1 
Int: 10 | 1 0 1 0 1 1 0 1 0 1 0 1 1 0 1 1 0 1 0 1 0 1 0 1 1 1 1 0 1 0 1 
BDS: 13 | 0 0 1 0 1 0 1 1 0 0 1 1 1 1 1 0 1 1 1 1 1 1 1 1 0 1 1 1 1 0 1 

