18 30

12 15
8 17
8 16
8 14
7 17
7 14
7 13
6 16
6 14
6 13
5 16
5 12
5 11
4 17
4 13
4 12
4 11
3 16
3 15
3 10
2 15
2 12
2 9
1 15
1 10
1 9
0 17
0 11
0 10
0 9
----------

32319: 8 17, 7 14, 6 16, 5 12, 4 13, 3 15, 2 9, 1 10, 0 11
Frc: 9.25 | 0.25 1 0.5 0.5 0.5 1 0.5 1 0.5 0.5 0.625 1 0.375 0.25 1 0.125 0.625 0.375 1 0.625 0.375 0.625 1 0.375 1 0.625 0.25 1 0.375 0.375 
Int: 10 | 0 1 1 0 0 1 1 1 1 0 0 1 1 0 1 1 0 1 1 0 1 0 1 0 1 1 1 1 1 0 
BDS: 13 | 1 1 1 0 1 1 0 1 1 1 1 1 0 1 1 0 1 1 1 1 0 1 1 0 1 1 0 1 0 1 

