18 31

9 17
8 16
8 15
8 14
7 16
7 15
7 14
6 16
6 15
6 13
5 15
5 12
5 11
4 14
4 13
4 12
4 11
3 17
3 14
3 13
3 10
2 17
2 16
2 12
2 9
1 17
1 10
1 9
0 11
0 10
0 9
----------

64414: 8 16, 7 14, 6 15, 5 12, 4 11, 3 13, 2 17, 1 10, 0 9
Frc: 9.25 | 0.25 1 0.5 0.5 0.5 0.5 1 0.25 1 0.75 0.5 1 0.5 0.25 0.25 0.5 1 0.25 0.25 1 0.5 1 0.25 0.5 0.25 0.5 1 0.5 0.5 0.5 1 
Int: 10 | 1 1 1 0 1 0 1 0 1 1 0 1 1 1 0 0 1 1 0 1 0 1 0 1 0 1 1 0 0 1 1 
BDS: 13 | 0 1 1 0 0 1 1 0 1 1 0 1 1 1 1 1 1 1 0 1 1 1 1 0 1 0 1 1 1 0 1 

