18 31

11 17
8 16
8 15
8 14
7 16
7 15
7 13
6 16
6 14
6 13
5 17
5 12
5 11
4 14
4 13
4 12
4 11
3 16
3 14
3 10
2 17
2 15
2 12
2 9
1 15
1 10
1 9
0 17
0 11
0 10
0 9
----------

35338: 8 16, 7 15, 6 13, 5 11, 4 12, 3 14, 2 9, 1 10, 0 17
Frc: 9.16667 | 0.166667 1 0.666667 0.333333 0.333333 1 0.666667 0.5 0.5 1 0.166667 0.833333 1 0.166667 0.666667 1 0.166667 0.166667 1 0.833333 0.666667 0.166667 0.166667 1 0.166667 1 0.833333 1 0.666667 0.166667 0.166667 
Int: 10 | 0 1 1 0 0 1 1 1 1 1 0 1 1 0 1 1 0 0 1 1 1 0 0 1 0 1 1 1 1 0 0 
BDS: 13 | 0 1 1 0 0 1 1 1 0 1 1 0 1 1 1 1 1 0 1 1 1 0 1 1 1 1 1 1 0 1 0 

