18 29

9 17
8 17
8 16
8 15
7 17
7 16
7 14
6 17
6 14
6 13
6 12
5 15
5 13
5 11
4 14
4 13
4 11
3 16
3 15
3 10
2 16
2 12
2 9
1 12
1 10
1 9
0 11
0 10
0 9
----------

30820: 8 17, 7 16, 6 13, 5 11, 4 14, 3 15, 2 9, 1 12, 0 10
Frc: 9.25 | 0.25 1 0.5 0.5 0.5 1 0.5 0.25 0.5 1 0.25 0.5 0.5 1 1 0.5 0.5 0.25 1 0.75 0.25 0.75 1 1 0.75 0.25 0.5 1 0.5 
Int: 10 | 1 1 0 1 0 1 1 0 0 1 1 0 1 1 1 1 0 0 1 1 1 0 1 1 1 0 1 1 0 
BDS: 13 | 0 1 1 0 0 1 1 1 1 1 0 1 1 1 1 0 1 1 1 1 0 1 1 1 1 0 1 1 1 

31412: 8 17, 7 16, 6 14, 5 13, 4 11, 3 15, 2 9, 1 12, 0 10
Frc: 9.25 | 0.25 1 0.5 0.5 0.5 1 0.5 0.25 1 0.5 0.25 0.5 1 0.5 0.5 0.5 1 0.25 1 0.75 0.25 0.75 1 1 0.75 0.25 0.5 1 0.5 
Int: 10 | 1 1 1 0 0 1 1 0 1 1 0 1 1 0 1 0 1 0 1 1 0 1 1 1 1 0 1 1 0 
BDS: 13 | 0 1 1 0 0 1 1 1 1 0 0 1 1 1 1 1 1 1 1 1 0 1 1 1 1 0 1 1 1 

