18 31

12 17
8 16
8 15
8 14
7 17
7 15
7 13
6 15
6 13
6 12
5 16
5 15
5 11
4 16
4 14
4 11
3 16
3 14
3 10
2 14
2 13
2 12
2 9
1 17
1 12
1 10
1 9
0 17
0 11
0 10
0 9
----------

51736: 8 15, 7 17, 6 13, 5 11, 4 16, 3 14, 2 12, 1 9, 0 10
Frc: 9.25 | 0.25 0.5 1 0.5 1 0.375 0.625 0.375 1 0.625 0.25 0.75 1 1 0.25 0.75 0.25 1 0.75 0.25 0.375 1 0.375 0.625 0.125 0.25 1 0.125 0.25 1 0.625 
Int: 10 | 1 0 1 1 1 0 1 1 1 0 1 0 1 1 0 1 1 1 0 0 0 1 1 0 0 1 1 0 1 1 0 
BDS: 13 | 0 1 1 0 1 0 1 1 1 1 0 1 1 1 0 1 0 1 1 1 1 1 1 1 0 1 1 0 1 1 0 

