18 31

9 14
8 16
8 15
8 14
7 17
7 15
7 13
6 17
6 16
6 13
6 12
5 16
5 14
5 11
4 15
4 14
4 11
3 17
3 16
3 13
3 10
2 17
2 12
2 9
1 12
1 10
1 9
0 15
0 11
0 10
0 9
----------

51782: 8 16, 7 17, 6 13, 5 11, 4 14, 3 10, 2 12, 1 9, 0 15
Frc: 9.25 | 0.25 1 0.5 0.5 1 0.25 0.75 0.25 0.25 1 0.5 0.75 0.25 1 0.25 1 0.75 0.25 0.5 0.25 1 0.5 1 0.5 0.5 0.5 1 1 0.25 0.5 0.25 
Int: 10 | 1 1 1 0 1 0 1 0 1 1 0 1 0 1 0 1 1 0 1 0 1 1 1 0 1 0 1 1 0 1 0 
BDS: 13 | 0 1 0 1 1 1 1 0 1 1 1 1 0 1 0 1 1 1 0 0 1 1 1 1 0 1 1 1 1 1 0 

