18 29

13 17
8 16
8 15
8 13
7 16
7 14
7 13
6 17
6 15
6 12
5 16
5 15
5 11
4 14
4 13
4 11
3 17
3 14
3 10
2 16
2 12
2 9
1 17
1 12
1 10
1 9
0 11
0 10
0 9
----------

35614: 8 16, 7 14, 6 17, 5 15, 4 13, 3 10, 2 12, 1 9, 0 11
Frc: 9.16667 | 0.166667 1 0.666667 0.333333 0.5 1 0.5 1 0.333333 0.666667 0.5 1 0.5 0.5 1 0.5 0.5 0.5 1 0.333333 1 0.666667 0.333333 0.333333 0.333333 1 1 0.666667 0.333333 
Int: 10 | 1 1 1 0 1 1 0 1 0 1 0 1 1 1 1 0 1 0 1 0 1 1 1 0 0 1 1 1 0 
BDS: 13 | 1 1 1 1 1 1 0 1 0 1 1 1 1 1 1 0 0 1 1 1 1 0 0 1 0 1 1 1 1 

