18 29

15 17
8 17
8 15
8 13
7 16
7 14
7 13
6 17
6 15
6 12
5 16
5 14
5 11
4 14
4 13
4 11
3 16
3 15
3 10
2 16
2 12
2 9
1 12
1 10
1 9
0 17
0 11
0 10
0 9
----------

36930: 8 17, 7 13, 6 15, 5 16, 4 14, 3 10, 2 12, 1 9, 0 11
Frc: 9.16667 | 0.166667 1 0.5 0.5 0.5 0.5 1 0.166667 1 0.833333 1 0.5 0.5 1 0.5 0.5 0.666667 0.333333 1 0.166667 1 0.833333 0.166667 0.833333 1 0.666667 1 0.166667 0.166667 
Int: 10 | 1 1 0 1 0 1 1 0 1 1 1 0 1 1 0 1 1 0 1 0 1 1 0 1 1 1 1 0 0 
BDS: 13 | 0 1 0 1 1 0 1 0 1 1 1 1 1 1 1 0 1 1 1 1 1 0 1 0 1 1 1 1 1 

