18 30

14 15
11 17
8 17
8 16
8 13
7 16
7 14
7 13
6 17
6 13
6 12
5 16
5 15
5 11
4 15
4 14
4 11
3 15
3 14
3 10
2 16
2 12
2 9
1 17
1 12
1 10
1 9
0 11
0 10
0 9
----------

33535: 8 17, 7 16, 6 13, 5 15, 4 11, 3 14, 2 9, 1 12, 0 10
Frc: 9.25 | 0.125 0.125 1 0.625 0.375 1 0.375 0.625 0.625 1 0.375 0.5 1 0.5 0.5 0.5 1 0.375 1 0.625 0.375 0.625 1 0.25 1 0.375 0.375 0.375 1 0.625 
Int: 10 | 0 1 1 0 1 1 0 1 0 1 1 1 1 0 0 1 1 1 1 0 1 0 1 0 1 1 0 0 1 1 
BDS: 13 | 0 1 1 1 0 1 1 1 1 1 0 1 1 0 1 0 1 1 1 1 1 1 1 0 1 0 1 0 1 1 

