18 29

10 17
9 14
8 15
8 14
8 13
7 17
7 16
7 12
6 16
6 14
6 11
5 17
5 12
5 11
4 16
4 12
4 11
3 15
3 14
3 10
2 15
2 13
2 10
1 17
1 15
1 9
0 16
0 13
0 9
----------

34669: 8 15, 7 12, 6 14, 5 17, 4 11, 3 10, 2 13, 1 9, 0 16
Frc: 9.26667 | 0.2 0.0666667 1 0.0666667 0.933333 0.6 0.4 1 0.2 1 0.8 1 0.4 0.6 0.4 0.6 1 0.133333 0.866667 1 0.0666667 1 0.933333 0.2 0.8 1 1 0.0666667 0.933333 
Int: 10 | 0 0 1 0 1 1 0 1 0 1 1 1 0 1 1 1 0 0 1 1 0 1 1 0 1 1 1 0 1 
BDS: 13 | 1 0 1 0 1 1 0 1 1 1 1 1 0 1 0 1 1 1 1 1 0 1 1 1 0 1 1 1 1 

