14 21

6 12
6 11
6 10
5 13
5 12
5 9
4 13
4 11
4 9
3 13
3 12
3 8
2 11
2 10
2 7
1 10
1 8
1 7
0 9
0 8
0 7
----------

3459: 6 12, 5 9, 4 11, 3 13, 2 10, 1 8, 0 7
Frc: 7 | 1 0.5 0.5 0.5 0.5 1 0.5 1 0.5 1 0.5 0.5 0.5 1 0.5 0.5 1 0.5 0.5 0.5 1 
Int: 7 | 1 1 0 0 1 1 1 1 0 1 0 1 0 1 1 1 1 0 1 0 1 
BDS: 10 | 1 0 1 0 1 1 1 1 1 1 1 1 1 1 1 0 1 1 1 0 1 

3499: 6 10, 5 12, 4 9, 3 13, 2 11, 1 8, 0 7
Frc: 7 | 0.5 0.5 1 0.5 1 0.5 0.5 0.5 1 1 0.5 0.5 1 0.5 0.5 0.5 1 0.5 0.5 0.5 1 
Int: 7 | 1 0 1 1 1 0 0 1 1 1 0 1 1 1 0 0 1 1 1 0 1 
BDS: 10 | 0 1 1 0 1 1 1 1 1 1 1 1 1 1 0 1 1 1 1 0 1 

