18 30

11 17
8 16
8 15
8 12
7 16
7 13
7 12
6 15
6 13
6 12
5 17
5 14
5 11
4 15
4 14
4 11
3 16
3 14
3 10
2 17
2 16
2 13
2 9
1 15
1 10
1 9
0 17
0 11
0 10
0 9
----------

55480: 8 12, 7 13, 6 15, 5 14, 4 11, 3 16, 2 17, 1 10, 0 9
Frc: 9.09091 | 0.0909091 0.454545 0.545455 1 0.454545 1 0.545455 1 0.545455 0.454545 0.818182 1 0.181818 0.181818 0.818182 1 1 0.181818 0.818182 1 0.0909091 0.636364 0.272727 0.272727 1 0.727273 0.0909091 0.727273 0.181818 1 
Int: 10 | 0 1 1 1 0 1 1 1 1 0 1 1 0 0 1 1 1 0 1 1 0 1 0 0 1 1 0 1 0 1 
BDS: 13 | 0 0 1 1 0 1 1 1 1 0 1 1 1 1 0 1 1 1 1 1 1 1 1 1 1 0 0 1 0 1 

