22 37

21 13
21 9
21 8
20 17
20 21
19 16
19 14
18 20
18 19
17 18
16 17
15 12
15 6
14 16
14 15
13 14
12 13
11 5
11 3
11 1
10 12
10 11
9 10
8 9
7 4
7 2
6 8
6 7
5 6
4 5
3 4
2 3
1 21
1 2
0 20
0 18
0 1
----------

0: 20 21, 18 19, 16 17, 14 15, 12 13, 10 11, 8 9, 6 7, 4 5, 2 3, 0 1
Frc: 11.55 | 0.9 0.1 0.7 1 1 0.55 0.45 0 1 0 1 0.9 0.1 0.45 1 0.1 1 0.4 0.4 0.2 0.1 1 0.9 1 0.4 0.6 0.3 1 0.6 1 0.6 1 0 0.8 0 1 1 
Int: 12 | 0 1 0 1 1 1 0 0 1 0 1 0 1 0 1 1 1 0 0 1 1 1 0 1 0 1 1 1 1 1 1 1 0 0 0 1 1 
BDS: 14 | 1 0 0 1 1 1 1 0 1 0 1 0 1 0 1 0 1 0 0 1 1 1 1 1 0 1 1 1 1 1 1 1 0 1 0 1 1 

