9 14

5 8
4 8
4 7
3 8
3 7
2 7
2 6
2 5
1 8
1 6
1 4
0 6
0 5
0 3
----------

110: 4 7, 3 8, 2 6, 0 5
Frc: 5 | 0.5 0 1 1 0.5 0.5 1 0.5 0.5 0.5 1 0.5 1 0.5 
Int: 6 | 1 0 1 1 1 1 1 0 0 1 1 1 1 0 
BDS: 6 | 1 0 1 1 1 1 1 0 0 1 1 1 1 0 

119: 4 7, 3 8, 1 6, 0 5
Frc: 5 | 0 0.5 1 1 0.5 0.5 0.5 1 0.5 1 0.5 0.5 1 0.5 
Int: 6 | 0 1 1 0 1 0 1 1 1 1 0 0 1 1 
BDS: 6 | 0 1 1 1 1 1 0 1 1 1 0 1 1 0 

158: 3 8, 2 6, 1 4, 0 5
Frc: 5 | 0.5 0 1 1 0.5 0.5 1 0.5 0.5 0.5 1 0.5 1 0.5 
Int: 6 | 1 1 0 0 1 1 1 0 0 1 1 0 1 1 
BDS: 6 | 1 0 1 1 1 1 1 0 0 1 1 1 1 0 

Number of matchings : 200
