9 15

5 8
4 8
4 7
3 8
3 7
3 6
2 8
2 6
2 5
1 8
1 7
1 4
0 6
0 5
0 3
----------

139: 4 7, 2 6, 1 8, 0 5
Frc: 5 | 0.5 0 1 0 1 0.5 0.5 1 0.5 1 0 1 0.5 1 0.5 
Int: 6 | 1 0 1 1 1 0 1 1 0 1 0 1 1 1 0 
BDS: 6 | 1 0 1 0 1 1 1 1 0 1 0 1 1 1 0 

141: 4 8, 3 7, 2 6, 0 5
Frc: 5 | 0.5 1 0 0 1 0.5 0.5 1 0.5 0 1 1 0.5 1 0.5 
Int: 6 | 1 1 0 0 1 1 1 1 0 0 1 1 1 1 0 
BDS: 6 | 1 1 0 0 1 1 1 1 0 0 1 1 1 1 0 

142: 3 7, 2 6, 1 8, 0 5
Frc: 5 | 0.5 0 1 0 1 0.5 0.5 1 0.5 1 0 1 0.5 1 0.5 
Int: 6 | 1 0 1 0 1 1 1 1 0 1 0 1 1 1 0 
BDS: 6 | 1 0 1 0 1 1 1 1 0 1 0 1 1 1 0 

144: 4 8, 2 6, 1 7, 0 5
Frc: 5 | 0.5 1 0 0 1 0.5 0.5 1 0.5 0 1 1 0.5 1 0.5 
Int: 6 | 1 1 0 0 1 1 1 1 0 0 1 1 1 1 0 
BDS: 6 | 1 1 0 0 1 1 1 1 0 0 1 1 1 1 0 

184: 3 7, 2 6, 1 4, 0 5
Frc: 5 | 0.5 1 0 0 1 0.5 0.5 1 0.5 0 1 1 0.5 1 0.5 
Int: 6 | 0 1 0 1 1 1 0 1 1 0 1 1 0 1 1 
BDS: 6 | 1 1 0 0 1 1 1 1 0 0 1 1 1 1 0 

Number of matchings : 220
