9 15

5 8
4 8
4 7
3 6
3 5
2 8
2 7
2 5
1 7
1 6
1 4
0 8
0 6
0 5
0 3
----------

86: 4 8, 3 5, 2 7, 1 6
Frc: 5 | 0 1 0.5 0.5 1 0 1 1 0.5 1 0.5 1 0.5 0 0.5 
Int: 6 | 0 1 1 0 1 1 0 1 1 1 0 0 1 0 1 
BDS: 6 | 0 1 1 1 1 0 1 1 1 1 0 1 1 0 0 

140: 4 8, 3 6, 2 7, 0 5
Frc: 5 | 0 1 0.5 1 0.5 0.5 1 0.5 0.5 1 0.5 0.5 0 1 0.5 
Int: 6 | 1 1 1 1 0 1 1 0 1 1 0 0 0 1 1 
BDS: 6 | 0 1 1 1 1 1 1 0 1 1 0 1 0 1 0 

150: 4 8, 2 7, 1 6, 0 5
Frc: 5 | 0 1 0.5 1 0.5 0.5 1 0.5 0.5 1 0.5 0.5 0 1 0.5 
Int: 6 | 1 1 1 1 0 1 1 0 1 1 0 0 0 1 1 
BDS: 6 | 0 1 1 1 1 1 1 0 1 1 0 1 0 1 0 

212: 4 8, 2 7, 1 6, 0 3
Frc: 5 | 0.5 1 0.5 1 0 0.5 1 0.5 0.5 1 0.5 0 0 1 1 
Int: 6 | 0 1 1 1 0 1 0 1 1 1 0 0 0 1 1 
BDS: 6 | 1 1 1 1 0 1 1 0 1 1 0 0 0 1 1 

Number of matchings : 226
