9 19

7 8
6 8
6 7
4 8
4 7
4 6
3 8
3 5
2 8
2 7
2 5
1 8
1 7
1 6
1 4
0 7
0 6
0 5
0 3
----------

192: 4 7, 3 8, 2 5, 0 6
Frc: 5 | 0 0 0 0 1 0.333333 1 0.666667 0.333333 0.666667 1 0.666667 0 0.666667 0.666667 0.333333 1 0.333333 0.333333 
Int: 6 | 0 0 0 1 1 0 0 1 0 1 1 1 0 1 0 0 1 0 1 
BDS: 6 | 0 0 0 1 1 0 1 1 0 1 1 1 0 1 0 1 1 0 0 

196: 3 8, 2 5, 1 7, 0 6
Frc: 5 | 0 0 0 1 0 0.5 1 0.5 0 1 1 0 1 0.5 0.5 0 1 0.5 0.5 
Int: 6 | 1 0 0 0 0 1 1 1 1 0 1 0 1 0 1 0 1 1 0 
BDS: 6 | 0 0 0 1 0 1 1 1 0 1 1 1 1 0 0 1 1 0 0 

Number of matchings : 376
