9 16

5 8
4 8
4 7
3 7
3 6
2 8
2 7
2 6
2 5
1 7
1 5
1 4
0 8
0 6
0 4
0 3
----------

131: 4 8, 3 7, 2 6, 1 5
Frc: 5 | 0 1 0.5 1 0.5 0 0 1 1 0.5 1 0.5 1 0.5 0 0.5 
Int: 6 | 1 0 1 1 0 1 0 1 0 0 1 1 0 1 0 1 
BDS: 6 | 0 1 1 1 1 0 0 1 1 1 1 0 1 1 0 0 

132: 3 7, 2 6, 1 5, 0 8
Frc: 5 | 0 1 0.5 1 0.5 0 0 1 1 0.5 1 0.5 1 0.5 0 0.5 
Int: 6 | 1 0 1 1 0 1 0 1 0 0 1 1 0 1 0 1 
BDS: 6 | 0 1 1 1 1 0 0 1 1 1 1 0 1 1 0 0 

222: 3 7, 2 6, 1 5, 0 4
Frc: 5 | 1 0 0.5 1 0.5 1 0 1 0 0.5 1 0.5 0 0.5 1 0.5 
Int: 6 | 1 0 0 1 1 0 0 1 1 1 0 1 1 0 1 0 
BDS: 6 | 1 0 1 1 1 1 0 1 0 1 1 0 1 0 1 0 

Number of matchings : 267
