9 19

5 8
5 7
4 8
4 7
3 8
3 7
3 6
2 8
2 7
2 6
2 5
1 8
1 7
1 6
1 5
1 4
0 8
0 4
0 3
----------

215: 5 8, 3 6, 2 7, 1 4
Frc: 5 | 1 0.666667 0 0 0.333333 0 1 0.333333 1 0.666667 0 0 0.333333 0.333333 0.333333 1 0.333333 1 0.666667 
Int: 6 | 1 1 0 0 1 0 1 0 1 1 0 0 1 0 0 1 1 1 0 
BDS: 6 | 1 1 0 0 1 0 1 0 1 1 0 0 1 0 0 1 1 1 0 

276: 5 8, 3 7, 2 6, 0 4
Frc: 5 | 1 0.5 0.5 0 0 1 0 0 0.5 1 0.5 0.5 0 1 0 0.5 0 1 1 
Int: 5 | 1 1 0 0 0 1 0 1 0 1 0 0 0 1 0 1 0 1 1 
BDS: 7 | 1 1 1 0 0 1 1 1 0 1 0 1 0 1 0 0 1 1 0 

286: 5 7, 3 8, 1 6, 0 4
Frc: 5 | 0.5 1 0 0.5 1 0 0 0.5 0 1 0.5 0 0.5 1 0 0.5 0 1 1 
Int: 5 | 1 1 0 0 1 0 0 0 1 1 0 0 0 1 0 1 0 1 1 
BDS: 7 | 1 1 0 1 1 0 1 1 0 1 0 1 0 1 0 0 1 1 0 

Number of matchings : 397
