9 17

6 7
5 8
4 7
4 6
3 8
3 7
2 8
2 6
2 5
1 8
1 7
1 6
1 5
1 4
0 8
0 4
0 3
----------

205: 5 8, 3 7, 1 6, 0 4
Frc: 5 | 0 1 0.5 0 0.5 1 0 1 1 0 0.5 1 0 0.5 0.5 1 0.5 
Int: 6 | 0 1 1 0 1 1 0 1 1 0 1 1 0 0 1 1 0 
BDS: 6 | 0 1 1 0 1 1 0 1 1 1 0 1 0 0 1 1 0 

206: 3 7, 2 8, 1 6, 0 4
Frc: 5 | 0.5 0 0.5 0.5 0.5 1 1 0 1 0 0 1 1 0 0.5 1 0.5 
Int: 6 | 1 0 1 0 1 1 1 0 1 0 0 1 1 0 1 1 0 
BDS: 6 | 1 0 1 0 1 1 1 0 1 0 0 1 1 0 1 1 0 

219: 3 7, 2 5, 1 6, 0 4
Frc: 5 | 0 1 0.5 0 0.5 1 0 1 1 0 0.5 1 0 0.5 0.5 1 0.5 
Int: 6 | 0 1 1 0 1 1 0 1 1 0 1 1 0 0 1 1 0 
BDS: 6 | 0 1 1 0 1 1 0 1 1 1 0 1 0 0 1 1 0 

Number of matchings : 298
