9 20

7 8
6 8
6 7
5 7
4 8
3 7
3 6
2 8
2 6
2 5
1 8
1 7
1 6
1 5
1 4
0 8
0 7
0 6
0 4
0 3
----------

320: 7 8, 2 5, 1 6, 0 4
Frc: 5 | 1 0 0 0.5 0.5 0.5 0.5 0.5 0.5 1 0 0 1 0.5 0.5 0 0 0 1 1 
Int: 6 | 0 1 0 1 0 1 0 1 0 1 0 0 1 0 1 0 0 0 1 1 
BDS: 6 | 1 0 0 1 1 0 1 0 1 1 1 0 1 0 0 0 0 0 1 1 

384: 7 8, 2 5, 1 6, 0 3
Frc: 5 | 1 0 0 0.5 0.5 0.5 0.5 0.5 0.5 1 0 0 1 0.5 0.5 0 0 0 1 1 
Int: 6 | 0 0 0 1 1 0 1 1 0 1 0 1 1 0 0 0 0 0 1 1 
BDS: 6 | 1 0 0 1 1 1 0 0 1 1 0 0 1 0 1 1 0 0 0 1 

Number of matchings : 412
