9 19

6 8
6 7
5 7
4 8
4 7
4 5
3 8
3 6
2 8
2 7
2 6
1 8
1 6
1 5
1 4
0 7
0 5
0 4
0 3
----------

191: 4 7, 3 6, 2 8, 0 5
Frc: 5 | 0 0.5 0 0 1 0.5 0 1 1 0.5 0.5 1 0 0.5 0.5 0 1 0 1 
Int: 5 | 1 0 0 0 1 0 0 1 1 1 0 0 0 1 1 0 1 0 1 
BDS: 7 | 0 1 0 0 1 1 1 1 1 1 0 1 1 0 0 1 1 0 0 

192: 4 7, 3 6, 1 8, 0 5
Frc: 5 | 0 0.5 0 0 1 0.5 0 1 1 0.5 0.5 1 0 0.5 0.5 0 1 0 1 
Int: 5 | 0 0 0 1 1 0 0 1 0 1 1 1 0 1 0 0 1 0 1 
BDS: 7 | 0 1 0 0 1 1 1 1 1 1 0 1 1 0 0 1 1 0 0 

281: 5 7, 3 6, 2 8, 0 4
Frc: 5 | 0 0.5 1 0 0 0.5 0 1 1 0.5 0.5 1 0 0.5 0.5 0 0 1 1 
Int: 5 | 0 0 1 0 1 0 0 1 1 0 1 1 0 1 0 0 0 1 1 
BDS: 7 | 0 1 1 0 0 1 1 1 1 1 0 1 1 0 0 1 0 1 0 

282: 5 7, 3 6, 1 8, 0 4
Frc: 5 | 0 0.5 1 0 0 0.5 0 1 1 0.5 0.5 1 0 0.5 0.5 0 0 1 1 
Int: 5 | 0 0 1 0 1 0 0 1 1 0 1 1 0 1 0 0 0 1 1 
BDS: 7 | 0 1 1 0 0 1 1 1 1 1 0 1 1 0 0 1 0 1 0 

Number of matchings : 396
