9 16

6 8
5 8
4 7
3 7
3 6
2 7
2 5
2 4
1 8
1 6
1 5
1 4
0 8
0 7
0 6
0 3
----------

208: 6 8, 3 7, 2 5, 1 4
Frc: 5 | 1 0.5 0.5 1 0 0.5 1 0.5 0 0.5 0.5 1 0.5 0 0.5 1 
Int: 6 | 0 1 0 1 1 0 1 1 0 1 0 1 1 1 0 0 
BDS: 6 | 1 1 1 1 0 1 1 0 0 1 0 1 1 0 0 1 

211: 6 8, 2 5, 1 4, 0 7
Frc: 5 | 1 0.5 0.5 0 1 0.5 1 0.5 0.5 0 0.5 1 0 1 0 1 
Int: 6 | 0 1 0 1 1 0 1 1 0 1 0 1 1 1 0 0 
BDS: 6 | 1 1 1 0 1 1 1 0 1 0 0 1 0 1 0 1 

216: 3 7, 2 5, 1 4, 0 6
Frc: 5 | 1 0.5 0.5 1 0 0.5 1 0.5 0.5 0 0.5 1 0 0 1 1 
Int: 6 | 0 1 0 1 1 0 1 1 0 1 0 1 1 1 0 0 
BDS: 6 | 1 1 1 1 0 1 1 0 1 0 0 1 0 0 1 1 

264: 6 8, 2 5, 1 4, 0 3
Frc: 5 | 1 0.5 0.5 1 0 0.5 1 0.5 0.5 0 0.5 1 0 0 1 1 
Int: 6 | 0 1 1 0 1 1 1 0 0 1 0 1 1 0 0 1 
BDS: 6 | 1 1 1 1 0 1 1 0 1 0 0 1 0 0 1 1 

Number of matchings : 264
