9 19

6 8
5 7
4 8
4 7
3 8
3 7
3 6
2 8
2 6
2 5
2 4
1 8
1 7
1 6
1 5
1 4
0 8
0 5
0 3
----------

214: 4 7, 3 8, 1 6, 0 5
Frc: 5 | 0 0.5 0.5 1 1 0 0 0.5 1 0 0.5 0 0.5 1 0.5 0 0 1 1 
Int: 5 | 1 0 0 1 1 0 0 0 0 1 1 0 1 1 0 0 0 1 1 
BDS: 7 | 0 1 1 1 1 0 1 1 1 0 0 1 0 1 0 0 1 1 0 

360: 5 7, 2 8, 1 6, 0 3
Frc: 5 | 0 1 0.666667 0.333333 0 0.333333 0.666667 1 0.333333 0.333333 0.333333 0 0.333333 1 0 0.666667 0.333333 0.666667 1 
Int: 6 | 0 1 1 1 0 0 1 1 0 1 0 0 0 1 0 1 1 0 1 
BDS: 6 | 0 1 1 1 0 0 1 1 0 1 0 0 0 1 0 1 1 0 1 

391: 5 7, 2 4, 1 8, 0 3
Frc: 5 | 0.666667 1 0 0.333333 0 0.333333 0.666667 0 0.666667 0.333333 1 1 0.333333 0 0 0.666667 0.333333 0.666667 1 
Int: 6 | 1 1 0 0 0 1 1 0 0 1 1 1 0 0 0 1 1 0 1 
BDS: 6 | 1 1 0 0 0 1 1 0 0 1 1 1 0 0 0 1 1 0 1 

Number of matchings : 407
