9 22

7 8
6 8
5 8
5 7
4 8
4 7
4 6
3 8
3 7
3 6
2 8
2 7
2 5
2 4
1 8
1 6
1 5
1 4
0 7
0 6
0 5
0 3
----------

297: 4 7, 3 6, 2 8, 0 5
Frc: 5 | 0 0 0 0.5 0 1 0.5 0 0 1 1 0.5 0.5 0 1 0.5 0 0.5 0 0 1 1 
Int: 5 | 0 0 0 1 0 1 0 0 0 1 1 0 0 1 1 1 0 0 0 0 1 1 
BDS: 7 | 0 0 0 1 0 1 1 1 0 1 1 1 0 0 1 1 0 0 1 0 1 0 

298: 4 7, 3 6, 1 8, 0 5
Frc: 5 | 0 0 0 0.5 0 1 0.5 0 0 1 1 0.5 0.5 0 1 0.5 0 0.5 0 0 1 1 
Int: 5 | 0 0 0 1 0 1 0 0 0 1 1 0 0 1 1 1 0 0 0 0 1 1 
BDS: 7 | 0 0 0 1 0 1 1 1 0 1 1 1 0 0 1 1 0 0 1 0 1 0 

567: 6 8, 2 4, 1 5, 0 3
Frc: 5 | 0.666667 1 0 0 0 0 0.333333 0 0.666667 0.333333 0.333333 0.333333 0.333333 1 0 0.333333 1 0.666667 0.333333 0 0.666667 1 
Int: 6 | 1 1 0 0 0 0 1 0 1 0 0 0 1 1 1 0 1 0 0 1 0 1 
BDS: 6 | 1 1 0 0 0 0 1 0 1 0 0 0 1 1 1 0 1 0 0 1 0 1 

Number of matchings : 581
