9 16

7 8
6 8
5 8
4 7
3 8
3 7
3 6
2 8
2 7
2 6
1 8
1 5
1 4
0 7
0 5
0 4
----------

178: 3 7, 2 8, 1 4, 0 5
Frc: 5 | 0 0 0.5 0.5 0 1 1 1 0 1 0.5 0.5 1 0.5 1 0.5 
Int: 6 | 0 1 1 0 0 1 1 1 1 0 1 0 1 0 1 1 
BDS: 6 | 0 0 1 1 0 1 1 1 0 1 1 0 1 1 1 0 

181: 3 8, 2 7, 1 4, 0 5
Frc: 5 | 0 0 0.5 0.5 1 0 1 0 1 1 0.5 0.5 1 0.5 1 0.5 
Int: 6 | 0 0 1 1 1 0 1 0 1 1 1 0 1 1 1 0 
BDS: 6 | 0 0 1 1 1 0 1 0 1 1 1 0 1 1 1 0 

184: 3 6, 2 8, 1 4, 0 5
Frc: 5 | 0 0 0.5 0.5 0 1 1 1 0 1 0.5 0.5 1 0.5 1 0.5 
Int: 6 | 1 0 1 0 0 1 1 1 0 1 1 0 1 0 1 1 
BDS: 6 | 0 0 1 1 0 1 1 1 0 1 1 0 1 1 1 0 

185: 3 6, 2 7, 1 4, 0 5
Frc: 5 | 0 0 0.5 0.5 1 0 1 0 1 1 0.5 0.5 1 0.5 1 0.5 
Int: 6 | 0 0 1 1 1 0 1 0 1 1 1 0 1 1 1 0 
BDS: 6 | 0 0 1 1 1 0 1 0 1 1 1 0 1 1 1 0 

188: 3 8, 2 6, 1 4, 0 5
Frc: 5 | 0 0 0.5 0.5 1 0 1 0 1 1 0.5 0.5 1 0.5 1 0.5 
Int: 6 | 1 0 1 0 1 0 1 0 1 1 1 0 1 0 1 1 
BDS: 6 | 0 0 1 1 1 0 1 0 1 1 1 0 1 1 1 0 

189: 3 7, 2 6, 1 4, 0 5
Frc: 5 | 0 0 0.5 0.5 0 1 1 1 0 1 0.5 0.5 1 0.5 1 0.5 
Int: 6 | 1 0 1 0 0 1 1 1 0 1 1 0 1 0 1 1 
BDS: 6 | 0 0 1 1 0 1 1 1 0 1 1 0 1 1 1 0 

Number of matchings : 241
