9 18

7 8
6 8
6 7
4 5
3 8
3 7
3 6
2 8
2 7
2 6
2 4
1 6
1 5
1 4
0 8
0 7
0 5
0 3
----------

228: 7 8, 2 4, 1 6, 0 5
Frc: 5 | 1 0 0 0.5 0.5 0 1 0.5 0.5 0 1 1 0.5 0.5 0 0.5 1 0.5 
Int: 6 | 1 1 0 1 0 1 0 1 0 0 1 1 1 0 0 0 1 1 
BDS: 6 | 1 0 1 1 0 0 1 1 0 0 1 1 1 0 0 0 1 1 

229: 3 8, 2 4, 1 6, 0 5
Frc: 5 | 1 0 0 0.5 1 0 0.5 0 0.5 0.5 1 1 0.5 0.5 0 0.5 1 0.5 
Int: 6 | 1 0 1 1 1 0 0 0 1 0 1 1 1 0 0 0 1 1 
BDS: 6 | 1 0 0 1 1 0 1 0 1 0 1 1 1 0 1 0 1 0 

230: 3 7, 2 4, 1 6, 0 5
Frc: 5 | 0 0.5 0 0.5 1 1 0 0.5 0 0.5 1 1 0.5 0.5 0 1 1 0 
Int: 6 | 1 1 0 1 0 1 0 1 0 0 1 1 1 0 0 0 1 1 
BDS: 6 | 0 0 1 1 1 1 0 1 0 0 1 1 1 0 1 0 1 0 

Number of matchings : 348
