9 23

7 8
6 8
5 8
5 7
4 8
4 7
4 6
4 5
3 8
3 7
3 6
2 8
2 6
2 4
1 8
1 7
1 5
1 4
0 8
0 7
0 6
0 5
0 3
----------

190: 4 5, 3 6, 1 8, 0 7
Frc: 5 | 0 0 0 0.5 0 0 0.5 1 0 0 1 1 0.5 0.5 1 0.5 0.5 0 0 1 0 0 1 
Int: 5 | 0 0 0 1 0 0 0 1 0 0 1 1 1 0 1 0 0 1 0 1 0 0 1 
BDS: 7 | 0 0 0 1 0 0 1 1 1 0 1 1 1 0 1 1 0 0 1 1 0 0 0 

324: 4 7, 3 6, 2 8, 0 5
Frc: 5 | 0 0 0 0.5 0 1 0.5 0 0 0 1 1 0.5 0.5 1 0.5 0.5 0 0 0 0 1 1 
Int: 5 | 0 1 0 0 0 1 0 0 0 0 1 1 0 1 0 1 1 0 0 0 0 1 1 
BDS: 7 | 0 0 0 1 0 1 1 0 1 0 1 1 1 0 1 1 0 0 1 0 0 1 0 

325: 4 7, 3 6, 1 8, 0 5
Frc: 5 | 0 0 0 0.5 0 1 0.5 0 0 0 1 1 0.5 0.5 1 0.5 0.5 0 0 0 0 1 1 
Int: 5 | 1 0 0 0 0 1 0 0 0 0 1 0 1 1 1 0 1 0 0 0 0 1 1 
BDS: 7 | 0 0 0 1 0 1 1 0 1 0 1 1 1 0 1 1 0 0 1 0 0 1 0 

Number of matchings : 604
