9 16

7 8
6 8
5 7
4 8
3 7
3 4
2 8
2 6
2 5
1 7
1 6
1 5
0 8
0 7
0 4
0 3
----------

78: 4 8, 3 7, 2 5, 1 6
Frc: 5 | 0 0.5 0.5 1 1 0 0.5 0.5 1 0.5 1 0.5 0 0 1 1 
Int: 6 | 0 1 1 1 1 0 1 0 1 1 1 0 0 0 1 1 
BDS: 6 | 0 1 1 1 1 0 1 0 1 1 1 0 0 0 1 1 

79: 3 7, 2 5, 1 6, 0 8
Frc: 5 | 0 0.5 0.5 0 1 1 0.5 0.5 1 0.5 1 0.5 1 0 1 0 
Int: 6 | 0 1 1 0 1 1 1 0 1 1 1 0 1 0 1 0 
BDS: 6 | 0 1 1 0 1 1 1 0 1 1 1 0 1 0 1 0 

81: 4 8, 2 5, 1 6, 0 7
Frc: 5 | 0 0.5 0.5 1 0 1 0.5 0.5 1 0.5 1 0.5 0 1 0 1 
Int: 6 | 0 1 1 1 0 1 1 0 1 1 1 0 0 1 0 1 
BDS: 6 | 0 1 1 1 0 1 1 0 1 1 1 0 0 1 0 1 

150: 3 4, 2 5, 1 6, 0 8
Frc: 5 | 0 0.5 0.5 0 1 1 0.5 0.5 1 0.5 1 0.5 1 0 1 0 
Int: 6 | 0 1 1 0 1 1 1 0 1 1 1 0 1 0 1 0 
BDS: 6 | 0 1 1 0 1 1 1 0 1 1 1 0 1 0 1 0 

151: 3 4, 2 5, 1 6, 0 7
Frc: 5 | 0 0.5 0.5 1 0 1 0.5 0.5 1 0.5 1 0.5 0 1 0 1 
Int: 6 | 0 1 1 1 0 1 1 0 1 1 1 0 0 1 0 1 
BDS: 6 | 0 1 1 1 0 1 1 0 1 1 1 0 0 1 0 1 

198: 3 7, 2 5, 1 6, 0 4
Frc: 5 | 0 0.5 0.5 0 1 1 0.5 0.5 1 0.5 1 0.5 1 0 1 0 
Int: 6 | 0 1 0 0 1 1 0 1 1 1 0 1 1 0 1 0 
BDS: 6 | 0 1 1 0 1 1 1 0 1 1 1 0 1 0 1 0 

245: 4 8, 2 5, 1 6, 0 3
Frc: 5 | 0 0.5 0.5 1 1 0 0.5 0.5 1 0.5 1 0.5 0 0 1 1 
Int: 6 | 0 1 0 1 1 0 0 1 1 1 0 1 0 0 1 1 
BDS: 6 | 0 1 1 1 1 0 1 0 1 1 1 0 0 0 1 1 

Number of matchings : 253
