9 21

6 8
5 8
5 7
4 8
4 7
3 8
3 7
3 6
2 8
2 7
2 6
2 5
2 4
1 8
1 6
1 5
1 3
0 7
0 6
0 4
0 3
----------

228: 4 7, 3 8, 1 5, 0 6
Frc: 5 | 0 0 0 0.5 1 1 0 0.5 0.5 0 0 1 0.5 0 0.5 1 0.5 1 1 0 0 
Int: 5 | 1 0 0 0 1 1 0 0 0 1 0 1 0 0 0 1 1 0 1 1 0 
BDS: 7 | 0 0 1 1 1 1 0 1 1 0 0 1 0 1 0 1 0 1 1 0 0 

280: 5 8, 3 7, 2 4, 0 6
Frc: 5 | 0 1 0.5 0 0 0 1 0.5 0 0.5 0 0.5 1 1 0.5 0 0.5 0 1 1 0 
Int: 5 | 1 1 0 0 0 0 1 0 0 1 0 0 1 0 0 1 1 0 1 1 0 
BDS: 7 | 0 1 1 1 0 0 1 1 0 1 0 0 1 1 1 0 0 1 1 0 0 

281: 3 7, 2 4, 1 8, 0 6
Frc: 5 | 0 1 0.5 0 0 0 1 0.5 0 0.5 0 0.5 1 1 0.5 0 0.5 0 1 1 0 
Int: 5 | 1 0 1 0 0 0 1 0 0 0 0 1 1 1 0 0 1 0 1 1 0 
BDS: 7 | 0 1 1 1 0 0 1 1 0 1 0 0 1 1 1 0 0 1 1 0 0 

518: 6 8, 4 7, 1 5, 0 3
Frc: 5 | 1 0 0 0.5 1 0 0 0.5 0.5 0 0 1 0.5 0 0.5 1 0.5 1 0 0 1 
Int: 5 | 1 0 0 1 1 0 0 0 0 0 1 1 0 0 0 1 1 1 0 0 1 
BDS: 7 | 1 0 1 1 1 0 0 1 1 0 0 1 0 1 0 1 0 1 0 0 1 

Number of matchings : 537
