9 21

6 7
5 8
5 7
4 8
4 7
4 6
3 7
3 6
2 8
2 5
2 4
1 8
1 7
1 6
1 5
1 3
0 8
0 6
0 5
0 4
0 3
----------

362: 3 7, 2 5, 1 6, 0 4
Frc: 5 | 0 0.5 0.5 0.5 0 0 1 0.5 0.5 1 0.5 0.5 0.5 1 0 0 0 0.5 0 1 0.5 
Int: 5 | 1 0 0 1 0 0 1 0 1 1 0 0 0 1 1 0 0 0 0 1 1 
BDS: 7 | 0 1 1 1 0 0 1 1 1 1 0 1 0 1 0 0 1 0 0 1 0 

436: 5 7, 2 4, 1 3, 0 8
Frc: 5 | 0.5 0.5 1 0 0 0.5 0 0.5 0.5 0.5 1 0 0.5 0.5 0 1 1 0 0 0.5 0.5 
Int: 5 | 1 0 1 1 0 0 0 0 0 1 1 0 0 1 0 1 1 0 0 0 1 
BDS: 7 | 1 1 1 0 0 1 0 1 1 0 1 1 0 0 0 1 1 1 0 0 0 

Number of matchings : 534
