9 22

7 8
6 8
5 8
5 7
4 8
4 7
4 6
3 8
3 5
2 8
2 7
2 5
2 4
1 7
1 6
1 5
1 3
0 8
0 7
0 6
0 4
0 3
----------

355: 5 7, 3 8, 1 6, 0 4
Frc: 5 | 0 0 0 1 0 0.5 0 1 0.5 1 0.5 0 0.5 0 1 0.5 0.5 0 0 1 1 0 
Int: 5 | 0 0 0 1 0 1 0 1 0 1 0 1 0 0 1 0 1 0 0 1 1 0 
BDS: 7 | 0 1 0 1 0 1 0 1 1 1 1 0 0 1 1 0 0 1 0 0 1 0 

356: 5 7, 2 8, 1 6, 0 4
Frc: 5 | 0 0 0 1 0 0.5 0 1 0.5 1 0.5 0 0.5 0 1 0.5 0.5 0 0 1 1 0 
Int: 5 | 0 0 0 1 0 1 0 1 0 1 0 1 0 0 1 0 1 0 0 1 1 0 
BDS: 7 | 0 1 0 1 0 1 0 1 1 1 1 0 0 1 1 0 0 1 0 0 1 0 

Number of matchings : 588
