9 22

7 8
6 7
5 8
5 7
4 8
4 7
4 6
3 6
3 5
2 8
2 7
2 6
2 5
2 4
1 8
1 7
1 6
1 5
1 3
0 8
0 4
0 3
----------

278: 5 7, 2 4, 1 6, 0 8
Frc: 5 | 0.5 0 0 1 0 0 0.5 0.5 0.5 0.5 0.5 0 0 1 0 0 1 0.5 0.5 1 0.5 0.5 
Int: 5 | 0 1 0 1 1 0 0 0 0 0 0 0 1 1 0 0 1 0 1 1 0 1 
BDS: 7 | 1 0 0 1 0 0 1 1 1 1 0 0 0 1 1 0 1 0 0 1 1 0 

508: 5 7, 4 6, 1 8, 0 3
Frc: 5 | 0 0.5 0 1 0 0 1 0 0.5 1 0.5 0.5 0 0 1 0 0 0.5 0.5 0 1 1 
Int: 5 | 0 0 1 1 0 0 1 0 0 0 1 1 0 0 1 0 0 0 1 0 1 1 
BDS: 7 | 0 1 0 1 1 0 1 0 1 1 1 0 0 0 1 1 0 0 0 1 0 1 

586: 6 7, 5 8, 2 4, 0 3
Frc: 5 | 0 1 1 0.5 0 0 0 0.5 0 0 0.5 0 0.5 1 1 0 0.5 0 0.5 0 1 1 
Int: 5 | 1 1 1 0 0 0 0 0 0 0 0 1 0 1 0 0 0 1 1 0 1 1 
BDS: 7 | 0 1 1 1 1 0 0 1 0 1 0 0 0 1 1 1 0 0 0 1 0 1 

587: 6 7, 2 4, 1 8, 0 3
Frc: 5 | 0 1 1 0.5 0 0 0 0.5 0 0 0.5 0 0.5 1 1 0 0.5 0 0.5 0 1 1 
Int: 5 | 1 1 0 0 0 0 0 1 0 0 0 0 1 1 1 0 0 1 0 0 1 1 
BDS: 7 | 0 1 1 1 1 0 0 1 0 1 0 0 0 1 1 1 0 0 0 1 0 1 

Number of matchings : 598
