9 27

7 8
6 8
6 7
5 8
5 7
5 6
4 8
4 7
4 6
3 8
3 7
3 6
3 5
2 8
2 7
2 6
2 5
2 4
1 8
1 6
1 5
1 3
0 8
0 7
0 5
0 4
0 3
----------

436: 4 7, 3 6, 2 8, 0 5
Frc: 5 | 0 0 0.5 0 0 0 0 1 0 0 0 1 0.5 1 0.5 0.5 0 0 1 0 0.5 0.5 0 0 1 1 0 
Int: 5 | 0 0 0 0 0 0 0 1 0 0 0 1 1 1 1 0 0 0 1 1 0 0 0 0 1 1 0 
BDS: 7 | 0 0 1 0 0 0 1 1 0 0 0 1 1 1 1 0 0 0 1 1 0 0 1 0 1 0 0 

437: 4 7, 3 6, 1 8, 0 5
Frc: 5 | 0 0 0.5 0 0 0 0 1 0 0 0 1 0.5 1 0.5 0.5 0 0 1 0 0.5 0.5 0 0 1 1 0 
Int: 5 | 0 0 0 0 0 0 0 1 0 0 0 1 1 1 1 0 0 0 1 1 0 0 0 0 1 1 0 
BDS: 7 | 0 0 1 0 0 0 1 1 0 0 0 1 1 1 1 0 0 0 1 1 0 0 1 0 1 0 0 

571: 6 8, 3 7, 2 4, 0 5
Frc: 5 | 0 1 0.5 0 0 0 0 0 0 0 1 0 0.5 0 0.5 0.5 0 1 1 0 0.5 0.5 0 0 1 1 0 
Int: 5 | 0 1 0 1 0 0 0 0 0 0 1 0 0 0 1 0 0 1 0 1 0 1 0 0 1 1 0 
BDS: 7 | 0 1 1 0 0 0 1 0 0 0 1 0 1 1 0 0 0 1 1 1 0 0 1 0 1 0 0 

572: 3 7, 2 4, 1 8, 0 5
Frc: 5 | 0 1 0.5 0 0 0 0 0 0 0 1 0 0.5 0 0.5 0.5 0 1 1 0 0.5 0.5 0 0 1 1 0 
Int: 5 | 0 1 0 0 0 0 0 0 0 0 1 1 0 0 1 0 0 1 1 0 1 0 0 0 1 1 0 
BDS: 7 | 0 1 1 0 0 0 1 0 0 0 1 0 1 1 0 0 0 1 1 1 0 0 1 0 1 0 0 

624: 5 7, 3 6, 2 8, 0 4
Frc: 5 | 0 0 0 0 1 0.5 0 0.5 0 0 0 1 0 1 0.5 0 0 0.5 1 0.5 0.5 0 0 0 0 1 1 
Int: 5 | 0 0 0 0 1 0 0 0 0 0 1 1 0 1 0 0 0 1 1 1 0 0 0 0 1 1 0 
BDS: 7 | 0 0 0 0 1 1 0 1 0 1 0 1 0 1 1 0 0 0 1 1 0 0 1 0 0 1 0 

625: 5 7, 3 6, 1 8, 0 4
Frc: 5 | 0 0 0 0 1 0.5 0 0.5 0 0 0 1 0 1 0.5 0 0 0.5 1 0.5 0.5 0 0 0 0 1 1 
Int: 5 | 0 0 0 0 1 0 0 0 0 0 1 1 0 1 0 0 0 1 1 1 0 0 0 0 1 1 0 
BDS: 7 | 0 0 0 0 1 1 0 1 0 1 0 1 0 1 1 0 0 0 1 1 0 0 1 0 0 1 0 

771: 4 6, 2 8, 1 3, 0 7
Frc: 5 | 0 0 0 1 0 0.5 0 0.5 1 0 0 0 0 1 0.5 0 0 0.5 0 0.5 0.5 1 0 1 0 0 1 
Int: 5 | 0 1 0 0 0 0 0 1 1 0 0 0 0 1 0 0 1 0 0 0 1 1 0 1 0 0 1 
BDS: 7 | 0 0 0 1 0 1 0 1 1 1 0 0 0 1 1 0 0 0 1 0 0 1 1 1 0 0 0 

Number of matchings : 1009
