9 25

7 8
6 8
6 7
5 8
5 7
4 7
4 5
3 8
3 7
3 6
3 5
2 8
2 6
2 5
2 4
1 8
1 7
1 6
1 5
1 3
0 8
0 7
0 6
0 4
0 3
----------

545: 5 8, 3 7, 2 6, 0 4
Frc: 5 | 0 0 0 1 0 0 0.5 0.5 1 0 0 0 1 0.5 0.5 0.5 0 1 0 0.5 0 1 0 1 0 
Int: 5 | 0 0 0 1 0 1 0 0 1 0 0 0 1 1 0 0 0 1 0 1 1 0 0 1 0 
BDS: 7 | 0 0 1 1 0 0 1 1 1 0 0 1 1 0 0 1 0 1 0 0 1 0 0 1 0 

567: 6 7, 3 5, 2 8, 0 4
Frc: 5 | 0 0 1 0 0 0 0.5 0 0 0.5 1 1 0 0.5 0.5 1 0 0.5 0 0.5 0 1 0 1 0 
Int: 5 | 0 1 1 0 0 0 0 0 0 0 1 1 0 0 1 0 1 0 1 0 0 0 0 1 1 
BDS: 7 | 1 0 1 0 0 0 1 0 0 1 1 1 1 0 0 1 1 0 0 0 1 0 0 1 0 

568: 6 7, 3 5, 1 8, 0 4
Frc: 5 | 0 0 1 0 0 0 0.5 0 0 0.5 1 1 0 0.5 0.5 1 0 0.5 0 0.5 0 1 0 1 0 
Int: 5 | 1 0 1 0 0 0 0 0 0 0 1 0 1 0 1 1 0 0 1 0 0 0 0 1 1 
BDS: 7 | 1 0 1 0 0 0 1 0 0 1 1 1 1 0 0 1 1 0 0 0 1 0 0 1 0 

721: 6 8, 5 7, 1 3, 0 4
Frc: 5 | 0 1 0.5 0 1 0 0.5 0 0 0 0 1 0 0.5 0.5 0 0.5 0.5 0 1 0 0 0 1 1 
Int: 5 | 1 1 0 0 1 0 0 0 0 0 0 0 1 0 1 0 0 0 1 1 0 0 0 1 1 
BDS: 7 | 0 1 1 0 1 0 1 1 0 0 0 1 1 0 0 1 0 0 0 1 1 0 0 1 0 

722: 5 7, 2 8, 1 3, 0 4
Frc: 5 | 0 1 0.5 0 1 0 0.5 0 0 0 0 1 0 0.5 0.5 0 0.5 0.5 0 1 0 0 0 1 1 
Int: 5 | 0 0 1 0 1 0 0 1 0 0 0 1 0 0 1 0 0 0 1 1 0 0 1 1 0 
BDS: 7 | 0 1 1 0 1 0 1 1 0 0 0 1 1 0 0 1 0 0 0 1 1 0 0 1 0 

Number of matchings : 839
