9 28

7 8
6 8
6 7
5 8
5 7
4 8
4 7
4 6
4 5
3 8
3 7
3 6
3 5
2 8
2 7
2 6
2 5
2 4
1 8
1 7
1 6
1 5
1 3
0 8
0 7
0 6
0 4
0 3
----------

640: 5 8, 3 7, 2 4, 0 6
Frc: 5 | 0 0 0 1 0.5 0 0 0 0 0 1 0.5 0 0 0.5 0 0.5 1 1 0 0.5 0 0.5 0 0 1 1 0 
Int: 5 | 1 0 0 1 0 0 0 0 0 0 1 0 0 0 0 0 1 1 0 0 1 0 1 0 0 1 1 0 
BDS: 7 | 0 0 0 1 1 1 0 0 0 0 1 1 0 1 0 0 0 1 1 1 0 0 0 1 0 1 0 0 

641: 3 7, 2 4, 1 8, 0 6
Frc: 5 | 0 0 0 1 0.5 0 0 0 0 0 1 0.5 0 0 0.5 0 0.5 1 1 0 0.5 0 0.5 0 0 1 1 0 
Int: 5 | 0 0 0 0 0 0 0 0 1 1 1 0 0 0 0 1 0 1 1 0 0 1 0 0 1 1 0 0 
BDS: 7 | 0 0 0 1 1 1 0 0 0 0 1 1 0 1 0 0 0 1 1 1 0 0 0 1 0 1 0 0 

665: 3 5, 2 4, 1 8, 0 6
Frc: 5 | 1 0 0 0 0.5 0 0 0 0 0 0 0.5 1 0 0.5 0 0.5 1 1 0 0.5 0 0.5 0 0 1 1 0 
Int: 5 | 0 0 0 0 0 0 0 0 1 1 0 0 1 0 0 1 0 1 1 1 0 0 0 0 1 1 0 0 
BDS: 7 | 1 0 0 0 1 1 0 0 0 0 0 1 1 1 0 0 0 1 1 1 0 0 0 1 0 1 0 0 

1137: 5 7, 2 4, 1 8, 0 3
Frc: 5 | 0 1 0.333333 0 1 0 0 0 0.333333 0 0 0 0.333333 0 0.666667 0.333333 0 1 1 0 0 0.333333 0.666667 0 0 0.333333 0.666667 1 
Int: 6 | 0 1 1 0 1 0 0 0 1 0 0 0 0 1 0 0 0 1 1 0 0 0 1 1 0 0 0 1 
BDS: 6 | 0 1 1 0 1 0 0 0 1 0 0 0 0 1 0 0 0 1 1 0 0 0 1 1 0 0 0 1 

Number of matchings : 1148
