9 27

7 8
6 8
6 7
5 8
5 7
5 6
4 8
4 7
4 6
3 8
3 7
2 8
2 6
2 5
2 4
1 8
1 7
1 6
1 5
1 4
1 3
0 8
0 7
0 6
0 5
0 4
0 3
----------

846: 7 8, 5 6, 1 3, 0 4
Frc: 5 | 1 0 0 0 0.5 1 0 0 0.5 0 0 1 0.5 0 0.5 0 0.5 0 0.5 0 1 0 0 0 0 1 1 
Int: 5 | 1 0 0 1 0 1 0 0 0 0 0 0 1 0 1 0 1 0 0 0 1 0 0 0 0 1 1 
BDS: 7 | 1 0 0 0 1 1 0 0 1 1 0 1 1 0 0 1 0 0 0 0 1 1 0 0 0 1 0 

847: 5 6, 2 8, 1 3, 0 4
Frc: 5 | 1 0 0 0 0.5 1 0 0 0.5 0 0 1 0.5 0 0.5 0 0.5 0 0.5 0 1 0 0 0 0 1 1 
Int: 5 | 1 0 0 0 0 1 0 0 1 0 0 1 0 1 0 0 1 0 0 0 1 0 0 0 0 1 1 
BDS: 7 | 1 0 0 0 1 1 0 0 1 1 0 1 1 0 0 1 0 0 0 0 1 1 0 0 0 1 0 

889: 5 6, 4 7, 2 8, 0 3
Frc: 5 | 0 0 0 0 0 1 0 1 0.5 0 0.5 1 0.5 0 0.5 1 0.5 0 0 0 0.5 0 0 0 1 0 1 
Int: 5 | 1 0 0 0 0 1 0 1 0 0 0 1 1 0 0 0 0 0 1 0 1 0 0 0 0 1 1 
BDS: 7 | 0 0 0 1 0 1 0 1 1 0 1 1 1 0 0 1 1 0 0 0 0 1 0 0 0 0 1 

890: 5 6, 4 7, 1 8, 0 3
Frc: 5 | 0 0 0 0 0 1 0 1 0.5 0 0.5 1 0.5 0 0.5 1 0.5 0 0 0 0.5 0 0 0 1 0 1 
Int: 5 | 0 0 0 0 0 1 0 1 1 0 0 1 0 1 0 1 0 0 0 0 1 0 1 0 0 0 1 
BDS: 7 | 0 0 0 1 0 1 0 1 1 0 1 1 1 0 0 1 1 0 0 0 0 1 0 0 0 0 1 

900: 5 7, 4 6, 2 8, 0 3
Frc: 5 | 0 0 0 0 1 0.5 0 0 1 0 0.5 1 0.5 0.5 0 1 0.5 0 0 0 0.5 0 0 0 0 1 1 
Int: 5 | 0 0 0 0 1 0 0 0 1 0 1 1 1 0 0 1 0 0 1 0 0 0 0 0 0 1 1 
BDS: 7 | 0 0 0 0 1 1 1 0 1 0 1 1 1 0 0 1 1 0 0 0 0 1 0 0 0 0 1 

901: 5 7, 4 6, 1 8, 0 3
Frc: 5 | 0 0 0 0 1 0.5 0 0 1 0 0.5 1 0.5 0.5 0 1 0.5 0 0 0 0.5 0 0 0 0 1 1 
Int: 5 | 0 0 0 0 1 0 0 0 1 0 1 1 1 0 0 1 0 0 1 0 0 0 0 0 0 1 1 
BDS: 7 | 0 0 0 0 1 1 1 0 1 0 1 1 1 0 0 1 1 0 0 0 0 1 0 0 0 0 1 

Number of matchings : 1017
