9 28

7 8
6 8
5 8
5 7
5 6
4 8
4 7
4 6
4 5
3 8
3 7
3 6
3 5
3 4
2 8
2 7
2 6
2 5
1 8
1 7
1 4
1 3
0 8
0 7
0 6
0 5
0 4
0 3
----------

348: 4 8, 3 5, 1 7, 0 6
Frc: 5 | 0 0 0 0 0.5 1 0 0 0 0.5 0 0 1 0 0 1 0.5 0.5 0.5 1 0 0.5 0 0 1 0 1 0 
Int: 5 | 0 0 0 0 0 1 0 0 0 0 0 0 1 1 0 1 1 0 1 1 0 0 0 0 1 1 0 0 
BDS: 7 | 0 0 0 0 1 1 1 0 0 1 0 0 1 0 1 1 0 0 1 1 0 0 1 0 1 0 0 0 

466: 4 7, 3 6, 2 8, 0 5
Frc: 5 | 0 0 0 0 0.5 0 1 0 0 0 0.5 1 0 0 1 0 0.5 0.5 1 0.5 0 0.5 0 0 0 1 1 0 
Int: 5 | 1 0 0 0 0 0 1 0 0 0 0 1 0 0 1 0 0 1 0 0 1 1 0 0 1 1 0 0 
BDS: 7 | 0 0 0 0 1 1 1 0 0 0 1 1 0 0 1 1 0 0 1 1 0 0 1 0 0 1 0 0 

467: 4 7, 3 6, 1 8, 0 5
Frc: 5 | 0 0 0 0 0.5 0 1 0 0 0 0.5 1 0 0 1 0 0.5 0.5 1 0.5 0 0.5 0 0 0 1 1 0 
Int: 5 | 0 0 0 0 0 0 1 1 0 0 0 1 0 0 1 0 0 1 1 1 0 0 0 0 0 1 0 1 
BDS: 7 | 0 0 0 0 1 1 1 0 0 0 1 1 0 0 1 1 0 0 1 1 0 0 1 0 0 1 0 0 

555: 5 8, 3 4, 1 7, 0 6
Frc: 5 | 0 0 1 0 0.5 0.5 0 0 0 0 0 0 0 1 0 1 0.5 0.5 0.5 1 0.5 0 0 0 1 0 0 1 
Int: 5 | 1 0 1 0 0 0 0 0 0 0 0 0 0 1 0 0 1 1 0 1 0 1 0 0 1 0 1 0 
BDS: 7 | 0 0 1 0 1 1 0 0 0 0 1 0 0 1 1 1 0 0 1 1 0 0 1 0 1 0 0 0 

720: 7 8, 3 6, 1 4, 0 5
Frc: 5 | 1 0 0 0 0.5 0 0 0 0 0.5 0 1 0 0 0 1 0.5 0.5 0.5 0 1 0.5 0 0 0 1 1 0 
Int: 5 | 1 1 0 0 0 0 0 0 0 0 0 1 0 0 0 1 0 1 0 0 1 1 0 0 0 1 1 0 
BDS: 7 | 1 0 0 0 1 0 1 0 0 1 0 1 0 0 1 1 0 0 1 0 1 0 1 0 0 1 0 0 

774: 5 7, 3 6, 2 8, 0 4
Frc: 5 | 0 0 0 1 0.5 0 0 0 0 0 0 1 0 0.5 1 0 0.5 0.5 1 0 0.5 0.5 0 1 0 0 1 0 
Int: 5 | 0 0 0 1 0 0 0 0 0 0 0 1 1 0 1 1 0 0 1 0 1 0 0 0 1 0 1 0 
BDS: 7 | 1 0 0 1 1 0 0 0 0 0 0 1 0 1 1 1 0 0 1 1 0 0 1 0 0 0 1 0 

775: 5 7, 3 6, 1 8, 0 4
Frc: 5 | 0 0 0 1 0.5 0 0 0 0 0 0 1 0 0.5 1 0 0.5 0.5 1 0 0.5 0.5 0 1 0 0 1 0 
Int: 5 | 0 0 0 1 0 0 0 0 0 0 0 1 1 0 1 1 0 0 1 0 1 0 0 0 1 0 1 0 
BDS: 7 | 1 0 0 1 1 0 0 0 0 0 0 1 0 1 1 1 0 0 1 1 0 0 1 0 0 0 1 0 

792: 3 7, 2 6, 1 8, 0 4
Frc: 5 | 0 0 1 0.5 0 0 0 0 0 0 1 0 0 0.5 0 0.5 1 0.5 1 0 0.5 0.5 0 0 1 0 1 0 
Int: 5 | 1 0 0 0 0 0 0 0 0 0 1 1 0 0 0 0 1 1 1 0 1 0 0 0 0 1 1 0 
BDS: 7 | 0 1 1 1 0 0 0 0 0 0 1 0 0 1 1 0 1 0 1 1 0 0 1 0 0 0 1 0 

959: 7 8, 4 6, 1 3, 0 5
Frc: 5 | 1 0 0 0 0.5 0.5 0 1 0 0 0 0 0 0 0 1 0.5 0.5 0.5 0 0.5 1 0 0 0 1 0 1 
Int: 5 | 1 0 0 0 0 0 0 1 0 0 0 0 0 1 0 0 1 1 0 1 0 1 1 0 0 1 0 0 
BDS: 7 | 1 0 0 0 1 1 0 1 0 0 1 0 0 0 1 1 0 0 1 0 0 1 1 0 0 1 0 0 

Number of matchings : 1108
