9 27

6 8
6 7
5 8
5 7
5 6
4 8
4 7
4 6
4 5
3 8
3 7
3 6
3 5
3 4
2 8
2 7
2 6
1 8
1 5
1 4
1 3
0 8
0 7
0 6
0 5
0 4
0 3
----------

368: 4 7, 3 8, 1 5, 0 6
Frc: 5 | 0 0.5 0 0 0 0 1 0 0 1 0 0 0 0.5 1 0.5 0.5 0 1 0.5 0.5 0 0 1 1 0 0 
Int: 5 | 0 0 0 0 0 0 1 0 0 1 0 0 1 0 1 0 1 0 1 1 0 0 1 1 0 0 0 
BDS: 7 | 0 1 1 0 0 0 1 0 0 1 0 0 0 1 1 1 0 1 1 0 0 1 0 1 0 0 0 

369: 4 7, 2 8, 1 5, 0 6
Frc: 5 | 0 0.5 0 0 0 0 1 0 0 1 0 0 0 0.5 1 0.5 0.5 0 1 0.5 0.5 0 0 1 1 0 0 
Int: 5 | 0 0 0 0 0 0 1 0 0 1 0 0 1 0 1 0 1 0 1 1 0 0 1 1 0 0 0 
BDS: 7 | 0 1 1 0 0 0 1 0 0 1 0 0 0 1 1 1 0 1 1 0 0 1 0 1 0 0 0 

467: 5 6, 3 4, 1 8, 0 7
Frc: 5 | 0 0.5 0 0 1 0 0 0 0 0 0 0 0.5 1 1 0.5 0.5 1 0.5 0 0.5 0 1 0 0 1 0 
Int: 5 | 0 0 1 0 1 0 0 0 0 0 0 0 0 1 0 1 1 1 0 1 0 0 1 0 0 0 1 
BDS: 7 | 0 1 0 0 1 1 0 0 0 0 0 0 1 1 1 1 0 1 1 0 0 1 1 0 0 0 0 

562: 5 6, 2 8, 1 4, 0 7
Frc: 5 | 0 0.5 0 0 1 0 0 0 0 1 0 0 0.5 0 1 0.5 0.5 0 0.5 1 0.5 0 1 0 0 1 0 
Int: 5 | 1 0 0 0 1 0 0 0 1 0 0 0 0 0 1 1 0 0 0 1 1 0 1 0 0 0 1 
BDS: 7 | 0 1 0 0 1 1 0 0 0 1 0 0 1 0 1 1 0 1 0 1 0 1 1 0 0 0 0 

594: 5 7, 3 8, 1 4, 0 6
Frc: 5 | 0 0.5 0 1 0 0 0 0 0 1 0 0 0.5 0 1 0.5 0.5 0 0.5 1 0.5 0 0 1 0 1 0 
Int: 5 | 0 0 0 1 0 0 0 0 1 1 0 0 0 0 0 1 1 0 0 1 1 1 0 1 0 0 0 
BDS: 7 | 0 1 0 1 0 1 0 0 0 1 0 0 1 0 1 1 0 1 0 1 0 1 0 1 0 0 0 

595: 5 7, 2 8, 1 4, 0 6
Frc: 5 | 0 0.5 0 1 0 0 0 0 0 1 0 0 0.5 0 1 0.5 0.5 0 0.5 1 0.5 0 0 1 0 1 0 
Int: 5 | 1 0 0 1 0 0 0 0 0 0 0 0 0 1 1 1 0 0 1 1 0 0 0 1 0 0 1 
BDS: 7 | 0 1 0 1 0 1 0 0 0 1 0 0 1 0 1 1 0 1 0 1 0 1 0 1 0 0 0 

783: 4 6, 2 8, 1 3, 0 7
Frc: 5 | 0 0.5 1 0 0 0 0 1 0.5 0 0 0 0 0 1 0.5 0.5 0 0.5 0.5 1 0 1 0 0 0 1 
Int: 5 | 0 0 0 1 0 0 0 1 1 0 0 0 0 0 1 0 1 1 0 0 1 0 1 0 0 0 1 
BDS: 7 | 0 1 1 0 0 0 0 1 1 1 0 0 0 0 1 1 0 1 0 0 1 1 1 0 0 0 0 

Number of matchings : 972
