9 27

7 8
6 8
6 7
5 8
5 7
5 6
4 8
4 7
3 6
3 5
3 4
2 8
2 7
2 6
2 5
1 8
1 7
1 6
1 5
1 4
1 3
0 8
0 7
0 6
0 5
0 4
0 3
----------

371: 4 7, 3 6, 2 8, 0 5
Frc: 5 | 0 0 0 0 0 0.5 0 1 1 0 0.5 1 0 0.5 0.5 1 0 0 0 0.5 0.5 0 1 0 1 0 0 
Int: 5 | 1 0 0 0 0 0 0 1 1 0 0 1 0 0 1 0 0 0 0 1 1 0 0 1 1 0 0 
BDS: 7 | 1 0 0 0 0 1 0 1 1 0 1 1 1 0 0 1 1 0 0 0 0 1 0 0 1 0 0 

372: 4 7, 3 6, 1 8, 0 5
Frc: 5 | 0 0 0 0 0 0.5 0 1 1 0 0.5 1 0 0.5 0.5 1 0 0 0 0.5 0.5 0 1 0 1 0 0 
Int: 5 | 0 1 0 0 0 0 0 1 1 0 0 0 1 0 1 1 0 0 0 1 0 0 0 0 1 0 1 
BDS: 7 | 1 0 0 0 0 1 0 1 1 0 1 1 1 0 0 1 1 0 0 0 0 1 0 0 1 0 0 

899: 5 8, 2 6, 1 3, 0 4
Frc: 5 | 0.5 0 0 1 0 0.5 0 0.5 0 0.5 0 0.5 0.5 1 0 0 0.5 0 0 0.5 1 0 0 0.5 0 1 0.5 
Int: 5 | 0 1 0 1 0 0 0 0 0 0 1 0 1 1 0 0 1 0 0 0 1 0 0 0 1 1 0 
BDS: 7 | 1 0 0 1 0 1 0 1 1 0 0 1 0 1 0 1 0 0 0 0 1 1 0 0 0 1 0 

943: 5 6, 4 7, 2 8, 0 3
Frc: 5 | 0 0 0 0 0.5 1 0 1 0 0 0.5 1 0.5 0 0.5 1 0 0 0 0.5 0.5 0 0 1 0 0 1 
Int: 5 | 0 1 0 0 0 1 0 1 0 0 0 1 1 0 0 0 0 0 1 0 1 0 0 0 0 1 1 
BDS: 7 | 0 1 0 0 1 1 0 1 0 0 1 1 1 0 0 1 1 0 0 0 0 1 0 0 0 0 1 

944: 5 6, 4 7, 1 8, 0 3
Frc: 5 | 0 0 0 0 0.5 1 0 1 0 0 0.5 1 0.5 0 0.5 1 0 0 0 0.5 0.5 0 0 1 0 0 1 
Int: 5 | 0 1 0 0 0 1 0 1 0 0 0 0 1 0 1 1 0 0 0 0 1 0 0 0 0 1 1 
BDS: 7 | 0 1 0 0 1 1 0 1 0 0 1 1 1 0 0 1 1 0 0 0 0 1 0 0 0 0 1 

Number of matchings : 1040
