9 27

6 8
6 7
5 8
5 7
5 6
4 8
4 7
4 5
3 8
3 6
3 5
3 4
2 8
2 7
2 6
2 5
1 8
1 7
1 6
1 4
1 3
0 8
0 7
0 6
0 5
0 4
0 3
----------

550: 6 7, 3 4, 2 8, 0 5
Frc: 5 | 0 1 0 0 0.5 0 0.5 0 0 0 0 1 1 0 0.5 0.5 1 0.5 0 0.5 0 0 0 0 1 0 1 
Int: 5 | 1 1 0 0 0 0 0 0 0 0 0 1 1 0 0 1 0 1 0 1 0 0 0 0 1 0 1 
BDS: 7 | 0 1 0 0 1 0 1 0 1 0 0 1 1 1 0 0 1 1 0 0 0 1 0 0 1 0 0 

551: 6 7, 3 4, 1 8, 0 5
Frc: 5 | 0 1 0 0 0.5 0 0.5 0 0 0 0 1 1 0 0.5 0.5 1 0.5 0 0.5 0 0 0 0 1 0 1 
Int: 5 | 0 1 0 0 0 1 0 0 0 0 0 1 0 0 1 1 1 1 0 0 0 0 0 0 1 0 1 
BDS: 7 | 0 1 0 0 1 0 1 0 1 0 0 1 1 1 0 0 1 1 0 0 0 1 0 0 1 0 0 

672: 6 7, 3 8, 1 4, 0 5
Frc: 5 | 0 1 0 0.5 0 0 0 0 1 0.5 0 0 1 0.5 0 0.5 0 0 0.5 1 0.5 0 0 0 1 1 0 
Int: 5 | 0 1 0 0 0 1 0 0 1 0 0 0 0 1 0 1 0 0 1 1 0 0 0 0 1 0 1 
BDS: 7 | 0 1 0 1 0 1 0 0 1 1 0 0 1 1 0 0 1 0 0 1 0 1 0 0 1 0 0 

673: 6 7, 2 8, 1 4, 0 5
Frc: 5 | 0 1 0 0.5 0 0 0 0 1 0.5 0 0 1 0.5 0 0.5 0 0 0.5 1 0.5 0 0 0 1 1 0 
Int: 5 | 0 1 0 0 0 0 0 0 1 0 0 1 1 0 0 1 0 0 1 1 0 0 1 0 1 0 0 
BDS: 7 | 0 1 0 1 0 1 0 0 1 1 0 0 1 1 0 0 1 0 0 1 0 1 0 0 1 0 0 

895: 6 7, 4 8, 1 3, 0 5
Frc: 5 | 0 1 0 0 0.5 1 0.5 0 0 0 0 0 1 0 0.5 0.5 0 0.5 0 0.5 1 0 0 0 1 0 1 
Int: 5 | 0 1 0 0 0 1 1 0 0 0 0 0 0 0 1 1 1 0 0 0 1 0 0 0 1 0 1 
BDS: 7 | 0 1 0 0 1 1 1 0 1 0 0 0 1 1 0 0 1 0 0 0 1 1 0 0 1 0 0 

896: 6 7, 2 8, 1 3, 0 5
Frc: 5 | 0 1 0 0 0.5 1 0.5 0 0 0 0 0 1 0 0.5 0.5 0 0.5 0 0.5 1 0 0 0 1 0 1 
Int: 5 | 0 1 1 0 0 0 0 0 0 1 0 0 1 1 0 0 0 0 0 1 1 0 0 0 1 1 0 
BDS: 7 | 0 1 0 0 1 1 1 0 1 0 0 0 1 1 0 0 1 0 0 0 1 1 0 0 1 0 0 

964: 5 6, 4 7, 2 8, 0 3
Frc: 5 | 0 0.5 0 0 1 0 1 0 0 0 0 0.5 1 0.5 0.5 0 1 0 0 0.5 0.5 0 0 0 1 0 1 
Int: 5 | 0 1 0 0 1 0 1 0 0 0 0 0 1 0 0 1 1 0 0 0 1 0 0 0 0 1 1 
BDS: 7 | 0 1 1 0 1 0 1 0 0 0 0 1 1 1 0 0 1 1 0 0 0 1 0 0 0 0 1 

965: 5 6, 4 7, 1 8, 0 3
Frc: 5 | 0 0.5 0 0 1 0 1 0 0 0 0 0.5 1 0.5 0.5 0 1 0 0 0.5 0.5 0 0 0 1 0 1 
Int: 5 | 0 1 0 0 1 0 1 0 0 0 0 0 1 0 0 1 1 0 0 0 1 0 0 0 0 1 1 
BDS: 7 | 0 1 1 0 1 0 1 0 0 0 0 1 1 1 0 0 1 1 0 0 0 1 0 0 0 0 1 

1025: 6 8, 4 7, 2 5, 0 3
Frc: 5 | 1 0.5 0 0 0 0 1 0 0 0 0 0.5 0 0.5 0.5 1 1 0 0 0.5 0.5 0 0 0 1 0 1 
Int: 5 | 1 1 0 0 0 0 1 0 0 0 0 0 1 0 0 1 0 0 0 1 1 0 0 0 1 0 1 
BDS: 7 | 1 1 1 0 0 0 1 0 0 0 0 1 1 0 0 1 1 1 0 0 0 1 0 0 0 0 1 

1026: 4 7, 2 5, 1 8, 0 3
Frc: 5 | 1 0.5 0 0 0 0 1 0 0 0 0 0.5 0 0.5 0.5 1 1 0 0 0.5 0.5 0 0 0 1 0 1 
Int: 5 | 0 0 1 0 0 0 1 0 0 1 0 0 0 1 0 1 1 0 1 0 0 0 0 0 0 1 1 
BDS: 7 | 1 1 1 0 0 0 1 0 0 0 0 1 1 0 0 1 1 1 0 0 0 1 0 0 0 0 1 

Number of matchings : 1054
