9 31

7 8
6 8
6 7
5 8
5 7
5 6
4 8
4 7
4 6
4 5
3 8
3 7
3 6
3 5
3 4
2 8
2 7
2 6
2 5
1 8
1 7
1 6
1 5
1 4
1 3
0 8
0 7
0 6
0 5
0 4
0 3
----------

296: 4 5, 3 6, 1 8, 0 7
Frc: 5 | 0 0 0 0 0 0.5 0 0.5 0 1 0 0 1 0 0 1 0 0.5 0.5 1 0.5 0 0 0.5 0 0 1 0 0 0 1 
Int: 5 | 0 0 0 0 0 1 0 0 0 1 0 0 1 0 0 1 1 0 0 1 0 0 0 1 0 0 1 0 0 0 1 
BDS: 7 | 0 0 0 0 0 1 0 1 0 1 1 0 1 0 0 1 1 0 0 1 1 0 0 0 0 1 1 0 0 0 0 

331: 4 5, 3 7, 2 8, 0 6
Frc: 5 | 0 0 0 0 0 0.5 0 0 0 1 0 1 0 0 0.5 1 0 0.5 0.5 1 0 0 0 0.5 0.5 0 1 1 0 0 0 
Int: 5 | 0 0 0 0 0 0 0 0 0 1 0 1 1 0 0 1 1 0 0 1 0 0 0 1 0 0 0 1 1 0 0 
BDS: 7 | 1 0 0 0 0 1 0 0 0 1 0 1 0 0 1 1 1 0 0 1 1 0 0 0 0 1 0 1 0 0 0 

332: 4 5, 3 7, 1 8, 0 6
Frc: 5 | 0 0 0 0 0 0.5 0 0 0 1 0 1 0 0 0.5 1 0 0.5 0.5 1 0 0 0 0.5 0.5 0 1 1 0 0 0 
Int: 5 | 0 0 0 0 0 0 0 0 0 1 0 1 1 0 0 1 1 0 0 1 0 0 0 1 0 0 0 1 1 0 0 
BDS: 7 | 1 0 0 0 0 1 0 0 0 1 0 1 0 0 1 1 1 0 0 1 1 0 0 0 0 1 0 1 0 0 0 

1082: 5 8, 3 7, 1 6, 0 4
Frc: 5 | 0.5 0 0 1 0 0 0 0 0 0 0 1 0 0 0.5 0.5 0.5 1 0 0 0 1 0 0.5 0.5 0 0 0 1 1 0 
Int: 5 | 0 0 0 1 0 0 0 0 0 1 0 1 0 0 0 1 1 0 0 0 0 1 0 0 1 0 0 1 0 1 0 
BDS: 7 | 1 0 0 1 0 1 0 0 0 0 0 1 0 0 1 1 0 1 0 1 0 1 0 0 0 1 0 0 0 1 0 

1198: 5 6, 2 8, 1 3, 0 7
Frc: 5 | 0 0 0.5 0 0 1 1 0 0 0.5 0 0 0 0 0 1 0.5 0.5 0 0 0 0 0.5 0.5 1 0 1 0 0 0 1 
Int: 5 | 0 0 0 0 0 1 1 1 0 0 0 0 0 0 0 1 0 0 1 0 0 1 0 0 1 0 1 0 0 0 1 
BDS: 7 | 0 0 1 0 0 1 1 0 0 1 1 0 0 0 0 1 1 0 0 1 0 0 0 0 1 1 1 0 0 0 0 

Number of matchings : 1512
