9 19

6 7
5 8
5 7
4 8
4 7
3 8
3 7
3 6
2 7
2 5
2 4
1 8
1 6
1 5
1 4
0 8
0 6
0 5
0 4
----------

269: 3 8, 2 4, 1 5, 0 6
Frc: 5 | 0.5 0 0.5 0 0 1 0.5 0.5 0.5 0.5 1 0.5 0 1 0.5 0.5 1 0 0.5 
Int: 5 | 1 0 0 0 0 1 1 0 0 1 1 1 0 1 0 0 1 0 1 
BDS: 7 | 1 0 1 1 0 1 1 0 1 0 1 1 0 1 0 1 1 0 0 

331: 3 8, 2 5, 1 4, 0 6
Frc: 5 | 0.5 0 0 0 0.5 1 0.5 0.5 0.5 1 0.5 0.5 0 0.5 1 0.5 1 0.5 0 
Int: 5 | 1 0 0 0 0 1 1 0 0 1 1 1 0 0 1 0 1 1 0 
BDS: 7 | 1 1 0 0 1 1 1 0 1 1 0 1 0 0 1 1 1 0 0 

377: 3 8, 2 7, 1 6, 0 4
Frc: 5 | 0.333333 0.666667 0 0 0 1 0.666667 0.333333 1 0.666667 0.333333 0.333333 1 0 0.666667 0 0.333333 0.666667 1 
Int: 6 | 1 1 0 0 0 1 1 0 1 1 0 0 1 0 1 1 0 0 1 
BDS: 6 | 1 1 0 0 0 1 1 0 1 1 0 0 1 0 1 1 0 0 1 

Number of matchings : 399
