9 15

7 8
5 8
4 8
4 7
3 7
3 6
2 8
2 6
2 5
1 8
1 7
1 4
0 6
0 5
0 3
----------

129: 4 7, 2 6, 1 8, 0 5
Frc: 5 | 0 0.5 0 1 1 0.5 0.5 1 0.5 1 0 1 0.5 1 0.5 
Int: 6 | 0 1 0 1 1 1 1 1 0 1 0 1 1 1 0 
BDS: 6 | 0 1 0 1 1 1 1 1 0 1 0 1 1 1 0 

131: 4 8, 3 7, 2 6, 0 5
Frc: 5 | 0 0.5 1 0 1 0.5 0.5 1 0.5 0 1 1 0.5 1 0.5 
Int: 6 | 0 0 1 0 1 1 1 0 1 0 1 1 1 1 0 
BDS: 6 | 0 1 1 0 1 1 1 1 0 0 1 1 1 1 0 

132: 3 7, 2 6, 1 8, 0 5
Frc: 5 | 0 0.5 0 1 1 0.5 0.5 1 0.5 1 0 1 0.5 1 0.5 
Int: 6 | 0 0 0 1 1 1 1 0 1 1 0 1 1 1 0 
BDS: 6 | 0 1 0 1 1 1 1 1 0 1 0 1 1 1 0 

134: 4 8, 2 6, 1 7, 0 5
Frc: 5 | 0 0.5 1 0 1 0.5 0.5 1 0.5 0 1 1 0.5 1 0.5 
Int: 6 | 0 1 1 0 1 1 1 1 0 0 1 1 1 1 0 
BDS: 6 | 0 1 1 0 1 1 1 1 0 0 1 1 1 1 0 

176: 3 7, 2 6, 1 4, 0 5
Frc: 5 | 0 0.5 1 0 1 0.5 0.5 1 0.5 0 1 1 0.5 1 0.5 
Int: 6 | 0 0 1 0 1 1 1 0 1 0 1 1 1 1 0 
BDS: 6 | 0 1 1 0 1 1 1 1 0 0 1 1 1 1 0 

Number of matchings : 218
