9 15

6 8
5 8
4 7
4 6
3 8
3 7
2 8
2 6
2 5
1 7
1 6
1 4
0 7
0 5
0 3
----------

118: 4 6, 3 8, 1 7, 0 5
Frc: 5 | 0.5 0 0 1 1 0.5 0.5 0.5 1 1 0 1 0.5 1 0.5 
Int: 6 | 1 0 0 1 1 1 1 0 1 1 0 1 1 1 0 
BDS: 6 | 1 0 0 1 1 1 1 0 1 1 0 1 1 1 0 

123: 4 7, 3 8, 2 6, 0 5
Frc: 5 | 0 0.5 1 0 1 0.5 0.5 1 0.5 0 1 1 0.5 1 0.5 
Int: 6 | 0 1 1 0 0 1 1 1 0 0 1 1 0 1 1 
BDS: 6 | 0 1 1 0 1 1 1 1 0 0 1 1 1 1 0 

126: 3 8, 2 6, 1 7, 0 5
Frc: 5 | 0 0.5 0 1 1 0.5 0.5 1 0.5 1 0 1 0.5 1 0.5 
Int: 6 | 0 1 0 1 1 1 1 1 0 1 0 1 1 1 0 
BDS: 6 | 0 1 0 1 1 1 1 1 0 1 0 1 1 1 0 

131: 4 7, 3 8, 1 6, 0 5
Frc: 5 | 0 0.5 1 0 1 0.5 0.5 1 0.5 0 1 1 0.5 1 0.5 
Int: 6 | 1 0 1 0 0 1 1 0 1 0 1 1 0 1 1 
BDS: 6 | 0 1 1 0 1 1 1 1 0 0 1 1 1 1 0 

173: 3 8, 2 6, 1 4, 0 5
Frc: 5 | 0 0.5 1 0 1 0.5 0.5 1 0.5 0 1 1 0.5 1 0.5 
Int: 6 | 0 1 0 1 1 1 1 1 0 1 0 1 1 1 0 
BDS: 6 | 0 1 1 0 1 1 1 1 0 0 1 1 1 1 0 

Number of matchings : 222
