9 16

6 8
6 7
5 7
4 8
4 6
3 8
3 7
2 7
2 6
2 5
1 8
1 6
1 4
0 8
0 5
0 3
----------

125: 4 6, 3 7, 1 8, 0 5
Frc: 5 | 0 0.5 0 0 1 0.5 1 0.5 0.5 1 1 0 1 0.5 1 0.5 
Int: 6 | 0 1 0 0 1 1 1 1 0 1 1 0 1 1 1 0 
BDS: 6 | 1 0 0 0 1 1 1 1 0 1 1 0 1 1 1 0 

134: 4 8, 3 7, 2 6, 0 5
Frc: 5 | 0 0 0.5 1 0 0.5 1 0.5 1 0.5 0 1 1 0.5 1 0.5 
Int: 6 | 0 0 0 1 0 1 1 1 1 1 0 1 1 1 1 0 
BDS: 6 | 0 0 1 1 0 1 1 1 1 0 0 1 1 1 1 0 

135: 3 7, 2 6, 1 8, 0 5
Frc: 5 | 0 0 0.5 0 1 0.5 1 0.5 1 0.5 1 0 1 0.5 1 0.5 
Int: 6 | 0 0 0 0 1 1 1 1 1 1 1 0 1 1 1 0 
BDS: 6 | 0 0 1 0 1 1 1 1 1 0 1 0 1 1 1 0 

140: 4 8, 3 7, 1 6, 0 5
Frc: 5 | 0 0 0.5 1 0 0.5 1 0.5 1 0.5 0 1 1 0.5 1 0.5 
Int: 6 | 0 0 1 1 0 1 0 1 1 0 0 1 1 0 1 1 
BDS: 6 | 0 0 1 1 0 1 1 1 1 0 0 1 1 1 1 0 

192: 3 7, 2 6, 1 4, 0 5
Frc: 5 | 0 0 0.5 1 0 0.5 1 0.5 1 0.5 0 1 1 0.5 1 0.5 
Int: 6 | 0 0 1 1 0 1 0 1 1 0 0 1 1 0 1 1 
BDS: 6 | 0 0 1 1 0 1 1 1 1 0 0 1 1 1 1 0 

Number of matchings : 248
