9 15

5 8
4 8
4 7
3 8
3 7
3 6
2 8
2 6
2 5
1 6
1 5
1 4
0 7
0 5
0 3
----------

113: 4 7, 3 8, 2 6, 1 5
Frc: 5 | 0 0.5 1 1 0 0.5 0.5 1 0.5 0.5 1 0.5 1 0.5 0.5 
Int: 6 | 0 1 1 0 1 0 1 1 0 1 1 0 0 1 1 
BDS: 6 | 0 1 1 1 0 1 0 1 1 1 1 0 1 1 0 

118: 3 8, 2 6, 1 5, 0 7
Frc: 5 | 0 0.5 1 1 0 0.5 0.5 1 0.5 0.5 1 0.5 1 0.5 0.5 
Int: 6 | 0 0 1 1 0 0 1 1 1 1 1 1 1 0 1 
BDS: 6 | 0 1 1 1 0 1 0 1 1 1 1 0 1 1 0 

138: 4 7, 3 8, 2 6, 0 5
Frc: 5 | 0 0.5 1 1 0.5 0 0.5 1 0.5 1 0.5 0.5 0.5 1 0.5 
Int: 6 | 0 1 1 0 1 0 1 1 0 1 1 0 0 1 1 
BDS: 6 | 1 0 1 1 1 0 0 1 1 1 0 1 1 1 0 

Number of matchings : 231
