9 15

6 8
4 8
4 7
3 8
3 5
2 8
2 7
2 6
2 5
1 7
1 6
1 4
0 6
0 5
0 3
----------

76: 4 8, 3 5, 2 7, 1 6
Frc: 5 | 0 1 0.5 0.5 1 0.5 1 0 0.5 0.5 1 0.5 1 0.5 0.5 
Int: 6 | 0 0 1 1 1 1 1 0 0 0 1 1 1 1 0 
BDS: 6 | 0 1 1 1 1 1 1 0 0 1 1 0 1 1 0 

107: 4 7, 3 8, 2 5, 0 6
Frc: 5 | 0 0.5 1 1 0.5 0.5 0.5 0 1 0.5 1 0.5 1 0.5 0.5 
Int: 6 | 0 1 1 0 1 1 0 0 1 1 1 0 1 0 1 
BDS: 6 | 0 1 1 1 1 1 0 0 1 1 1 0 1 1 0 

110: 3 8, 2 5, 1 7, 0 6
Frc: 5 | 0 1 0.5 1 0.5 0 0.5 0.5 1 1 0.5 0.5 1 0.5 0.5 
Int: 6 | 0 1 1 0 1 1 0 0 1 1 1 0 1 0 1 
BDS: 6 | 0 1 1 1 1 0 0 1 1 1 1 0 1 1 0 

145: 4 8, 2 7, 1 6, 0 5
Frc: 5 | 0 1 0.5 1 0.5 0 1 0.5 0.5 0.5 1 0.5 0.5 1 0.5 
Int: 6 | 0 1 0 1 1 0 1 1 0 1 0 1 1 1 0 
BDS: 6 | 0 1 1 1 1 0 1 1 0 1 1 0 1 1 0 

174: 3 8, 2 5, 1 4, 0 6
Frc: 5 | 0.5 0.5 0.5 1 0.5 0 1 0 1 0.5 0.5 1 1 0.5 0.5 
Int: 6 | 1 1 0 0 1 0 1 0 1 1 0 1 1 0 1 
BDS: 6 | 1 0 1 1 1 0 1 0 1 0 1 1 1 1 0 

209: 4 8, 2 7, 1 6, 0 3
Frc: 5 | 0.5 1 0.5 0.5 0.5 0 1 0 1 0.5 1 0.5 0.5 0.5 1 
Int: 6 | 1 0 1 1 0 0 1 0 1 0 1 1 0 1 1 
BDS: 6 | 0 1 1 1 0 0 1 1 1 1 1 0 0 1 1 

Number of matchings : 228
