9 16

5 8
4 8
4 6
3 7
3 5
2 8
2 7
2 6
2 5
1 7
1 6
1 4
0 8
0 7
0 5
0 3
----------

103: 4 8, 3 5, 2 6, 1 7
Frc: 5 | 0 1 0.5 0.5 1 0 0 1 1 1 0.5 0.5 1 0.5 0 0.5 
Int: 6 | 0 0 1 1 1 1 0 1 0 1 0 1 1 0 1 0 
BDS: 6 | 0 1 1 1 1 0 0 1 1 1 1 0 1 1 0 0 

166: 4 8, 2 6, 1 7, 0 5
Frc: 5 | 0 1 0.5 1 0.5 0.5 0 1 0.5 1 0.5 0.5 0.5 0 1 0.5 
Int: 6 | 1 0 1 1 0 1 0 1 0 1 0 1 0 0 1 1 
BDS: 6 | 0 1 1 1 1 1 0 1 0 1 1 0 1 0 1 0 

243: 4 8, 2 6, 1 7, 0 3
Frc: 5 | 0.5 1 0.5 1 0 0.5 0 1 0.5 1 0.5 0.5 0 0 1 1 
Int: 6 | 1 0 1 1 0 1 0 1 0 1 0 1 0 0 1 1 
BDS: 6 | 1 1 1 1 0 1 0 1 0 1 1 0 0 0 1 1 

Number of matchings : 266
