9 17

7 8
5 8
5 7
4 8
3 7
3 6
2 8
2 7
2 6
2 5
1 8
1 7
1 5
1 4
0 6
0 4
0 3
----------

216: 5 8, 3 7, 2 6, 0 4
Frc: 5 | 0 1 0.5 0 1 0.5 0 0.5 1 0.5 1 0 0 1 0.5 1 0.5 
Int: 6 | 1 1 0 0 0 1 0 0 1 1 0 1 0 1 0 1 1 
BDS: 6 | 0 1 1 0 1 1 1 0 1 0 1 0 0 1 1 1 0 

217: 3 7, 2 6, 1 8, 0 4
Frc: 5 | 0 1 0.5 0 1 0.5 0 0.5 1 0.5 1 0 0 1 0.5 1 0.5 
Int: 6 | 1 1 0 0 1 1 0 0 1 1 1 0 0 1 1 1 0 
BDS: 6 | 0 1 1 0 1 1 1 0 1 0 1 0 0 1 1 1 0 

242: 3 7, 2 6, 1 5, 0 4
Frc: 5 | 0.5 1 0 0 1 0.5 0.5 0.5 1 0 0 0 1 1 0.5 1 0.5 
Int: 6 | 1 0 1 0 0 1 1 0 1 0 0 0 1 1 0 1 1 
BDS: 6 | 1 1 0 0 1 1 1 0 1 0 0 0 1 1 1 1 0 

Number of matchings : 300
