9 16

6 8
5 7
4 8
4 6
3 8
3 7
2 8
2 6
2 5
1 7
1 5
1 4
0 8
0 6
0 4
0 3
----------

166: 6 8, 3 7, 2 5, 1 4
Frc: 5 | 1 0.5 0 0 0.5 1 0 1 1 0.5 0.5 1 0.5 0 1 0.5 
Int: 6 | 1 1 0 0 1 0 0 1 1 1 0 1 0 0 1 1 
BDS: 6 | 1 1 0 0 1 1 0 1 1 1 0 1 1 0 1 0 

167: 3 7, 2 5, 1 4, 0 8
Frc: 5 | 0.5 0.5 0 0.5 0.5 1 0 1 1 0.5 0.5 1 1 0 0.5 0.5 
Int: 6 | 1 1 1 0 0 1 0 1 1 1 0 1 1 0 0 1 
BDS: 6 | 1 1 0 0 1 1 0 1 1 1 0 1 1 0 1 0 

170: 3 7, 2 5, 1 4, 0 6
Frc: 5 | 0 0.5 0 0.5 1 1 0.5 0.5 1 0.5 0.5 1 0.5 1 0.5 0 
Int: 6 | 0 1 0 1 1 0 1 0 1 1 0 1 0 1 0 1 
BDS: 6 | 0 1 0 1 1 1 1 0 1 1 0 1 1 1 0 0 

Number of matchings : 260
