9 15

5 8
5 7
4 6
3 8
3 7
2 7
2 6
2 5
1 8
1 6
1 5
1 4
0 8
0 4
0 3
----------

155: 5 8, 3 7, 2 6, 0 4
Frc: 5 | 1 0.5 0.5 0 1 0.5 1 0.5 1 0.5 0 0.5 0 1 1 
Int: 6 | 0 1 0 1 1 0 1 1 0 1 0 1 1 1 0 
BDS: 6 | 1 0 1 1 1 1 1 0 1 0 1 0 1 1 0 

156: 3 7, 2 6, 1 8, 0 4
Frc: 5 | 1 0.5 0.5 0 1 0.5 1 0.5 1 0.5 0 0.5 0 1 1 
Int: 6 | 0 1 0 1 1 0 1 1 0 1 0 1 1 1 0 
BDS: 6 | 1 0 1 1 1 1 1 0 1 0 1 0 1 1 0 

182: 3 7, 2 6, 1 5, 0 4
Frc: 5 | 0 0.5 0.5 1 1 0.5 1 0.5 0 0.5 1 0.5 1 1 0 
Int: 6 | 0 1 1 1 0 1 1 0 1 0 1 0 0 1 1 
BDS: 6 | 1 0 1 1 1 1 1 0 1 0 1 0 1 1 0 

Number of matchings : 227
