9 17

7 8
5 8
5 7
4 6
3 8
3 7
2 8
2 7
2 6
2 5
1 6
1 5
1 4
0 8
0 7
0 4
0 3
----------

238: 7 8, 2 6, 1 5, 0 4
Frc: 5 | 1 0 0.5 0.5 1 0 0 0.5 1 0.5 0.5 1 0.5 0 0 1 1 
Int: 6 | 1 1 0 1 0 1 1 0 1 0 1 1 0 0 0 1 1 
BDS: 6 | 1 1 0 1 1 0 0 1 1 0 1 1 0 0 0 1 1 

239: 3 8, 2 6, 1 5, 0 4
Frc: 5 | 1 0 0.5 0.5 1 0 0 0.5 1 0.5 0.5 1 0.5 0 0 1 1 
Int: 6 | 0 1 0 1 1 1 0 1 1 0 1 1 0 0 1 1 0 
BDS: 6 | 1 1 0 1 1 0 0 1 1 0 1 1 0 0 0 1 1 

240: 3 7, 2 6, 1 5, 0 4
Frc: 5 | 0 0 0.5 0.5 1 1 0 0.5 1 0.5 0.5 1 0.5 1 0 1 0 
Int: 6 | 0 1 0 1 1 1 0 1 1 0 1 1 0 0 1 1 0 
BDS: 6 | 0 1 0 1 1 1 0 1 1 0 1 1 0 1 0 1 0 

284: 7 8, 2 6, 1 5, 0 3
Frc: 5 | 1 0.5 0 0.5 0 1 0.5 0 1 0.5 0.5 1 0.5 0 0 1 1 
Int: 6 | 1 1 0 0 0 1 0 0 1 1 1 0 1 0 0 1 1 
BDS: 6 | 1 1 0 1 0 1 1 0 1 0 1 1 0 0 0 1 1 

Number of matchings : 298
