9 15

7 8
5 7
4 8
4 6
3 8
3 7
2 7
2 6
2 5
1 6
1 5
1 4
0 8
0 4
0 3
----------

106: 4 8, 3 7, 2 6, 1 5
Frc: 5 | 0 0.5 1 0.5 0 1 0.5 1 0.5 0.5 1 0.5 1 0 1 
Int: 6 | 0 1 1 1 0 1 1 1 0 1 1 0 1 0 1 
BDS: 6 | 0 1 1 1 0 1 1 1 0 1 1 0 1 0 1 

107: 3 7, 2 6, 1 5, 0 8
Frc: 5 | 0 0.5 1 0.5 0 1 0.5 1 0.5 0.5 1 0.5 1 0 1 
Int: 6 | 0 1 1 1 0 1 1 1 0 1 1 0 1 0 1 
BDS: 6 | 0 1 1 1 0 1 1 1 0 1 1 0 1 0 1 

172: 7 8, 2 6, 1 5, 0 4
Frc: 5 | 1 0.5 0 0.5 1 0 0.5 1 0.5 0.5 1 0.5 0 1 1 
Int: 6 | 1 1 0 0 1 0 0 1 1 1 0 1 0 1 1 
BDS: 6 | 1 1 0 1 1 0 1 1 0 1 1 0 0 1 1 

173: 3 8, 2 6, 1 5, 0 4
Frc: 5 | 1 0.5 0 0.5 1 0 0.5 1 0.5 0.5 1 0.5 0 1 1 
Int: 6 | 1 1 0 0 1 0 0 1 1 1 0 1 0 1 1 
BDS: 6 | 1 1 0 1 1 0 1 1 0 1 1 0 0 1 1 

174: 3 7, 2 6, 1 5, 0 4
Frc: 5 | 0 0.5 0 0.5 1 1 0.5 1 0.5 0.5 1 0.5 1 1 0 
Int: 6 | 0 1 0 1 1 1 1 1 0 1 1 0 1 1 0 
BDS: 6 | 0 1 0 1 1 1 1 1 0 1 1 0 1 1 0 

215: 7 8, 2 6, 1 5, 0 3
Frc: 5 | 1 0.5 0 0.5 1 0 0.5 1 0.5 0.5 1 0.5 0 1 1 
Int: 6 | 1 1 0 1 1 0 1 1 0 1 1 0 0 1 1 
BDS: 6 | 1 1 0 1 1 0 1 1 0 1 1 0 0 1 1 

216: 4 8, 2 6, 1 5, 0 3
Frc: 5 | 0 0.5 1 0.5 0 1 0.5 1 0.5 0.5 1 0.5 1 0 1 
Int: 6 | 0 1 1 1 0 1 1 1 0 1 1 0 1 0 1 
BDS: 6 | 0 1 1 1 0 1 1 1 0 1 1 0 1 0 1 

Number of matchings : 225
