9 17

7 8
5 8
4 7
4 6
3 8
3 7
2 8
2 6
2 5
1 7
1 6
1 5
1 4
0 8
0 7
0 4
0 3
----------

149: 4 7, 3 8, 2 6, 1 5
Frc: 5 | 0 0.5 1 0.5 1 0 0.5 1 0.5 0 0.5 1 0.5 0 1 0 1 
Int: 6 | 1 0 0 1 1 0 0 1 1 1 0 1 0 0 0 1 1 
BDS: 6 | 0 1 1 1 1 0 1 1 0 1 0 1 0 0 1 0 1 

150: 4 7, 2 6, 1 5, 0 8
Frc: 5 | 0 0.5 1 0.5 0 1 0.5 1 0.5 0 0.5 1 0.5 1 0 0 1 
Int: 6 | 1 0 1 1 0 1 0 1 1 1 0 1 0 1 0 0 1 
BDS: 6 | 0 1 1 1 0 1 1 1 0 0 1 1 0 1 0 0 1 

154: 3 8, 2 6, 1 5, 0 7
Frc: 5 | 0 0.5 0 0.5 1 1 0.5 1 0.5 0 0.5 1 0.5 0 1 1 0 
Int: 6 | 0 0 0 1 1 1 0 1 1 1 0 1 0 1 0 1 0 
BDS: 6 | 0 1 0 1 1 1 1 1 0 0 1 1 0 0 1 1 0 

288: 4 7, 2 6, 1 5, 0 3
Frc: 5 | 0 0.5 1 0.5 1 0 0.5 1 0.5 0 0.5 1 0.5 0 1 0 1 
Int: 6 | 0 0 1 1 1 0 1 0 1 0 1 1 0 0 1 0 1 
BDS: 6 | 0 1 1 1 1 0 1 1 0 0 1 1 0 0 1 0 1 

Number of matchings : 297
