9 18

7 8
6 8
6 7
4 5
3 8
3 7
3 6
2 8
2 7
2 6
2 5
1 8
1 7
1 6
1 4
0 5
0 4
0 3
----------

348: 7 8, 2 5, 1 4, 0 3
Frc: 5 | 1 0.5 0 0.5 0.5 0 0.5 0 0 1 1 0 1 0 1 0.5 0.5 1 
Int: 6 | 1 0 0 1 0 0 1 1 0 1 0 0 1 0 1 1 0 1 
BDS: 6 | 1 1 0 1 1 0 0 0 0 1 1 0 1 0 1 1 0 1 

349: 6 8, 2 5, 1 4, 0 3
Frc: 5 | 0.5 1 0 0.5 0.5 0 0.5 0 0.5 0.5 1 0 1 0 1 0.5 0.5 1 
Int: 6 | 1 1 0 1 1 0 0 0 1 0 1 0 0 1 1 1 0 1 
BDS: 6 | 1 1 0 1 1 0 0 0 0 1 1 0 1 0 1 1 0 1 

350: 6 7, 2 5, 1 4, 0 3
Frc: 5 | 0 0.5 1 0.5 1 0 0 0 0.5 0.5 1 0.5 0.5 0 1 0.5 0.5 1 
Int: 6 | 0 1 1 1 1 0 0 0 1 0 1 1 0 0 1 1 0 1 
BDS: 6 | 0 1 1 1 1 0 0 0 1 0 1 1 0 0 1 1 0 1 

Number of matchings : 350
