9 24

7 8
6 8
6 7
5 8
5 7
4 8
4 7
4 6
3 8
3 7
3 6
3 5
2 8
2 7
2 5
1 8
1 6
1 5
1 4
0 7
0 6
0 5
0 4
0 3
----------

195: 4 7, 3 5, 2 8, 0 6
Frc: 5 | 0 0 0 0 0.5 0 1 0.5 0 0 0 1 1 0.5 0.5 1 0.5 0 0.5 0 1 0 0 1 
Int: 5 | 1 0 0 0 0 0 1 0 0 0 0 1 1 0 1 0 1 0 1 0 1 0 0 1 
BDS: 7 | 0 0 0 0 1 0 1 1 1 0 0 1 1 1 0 1 1 0 0 1 1 0 0 0 

196: 4 7, 3 5, 1 8, 0 6
Frc: 5 | 0 0 0 0 0.5 0 1 0.5 0 0 0 1 1 0.5 0.5 1 0.5 0 0.5 0 1 0 0 1 
Int: 5 | 0 1 0 0 0 0 1 0 0 0 0 1 0 1 1 1 0 0 1 0 1 0 0 1 
BDS: 7 | 0 0 0 0 1 0 1 1 1 0 0 1 1 1 0 1 1 0 0 1 1 0 0 0 

370: 4 7, 3 6, 2 8, 0 5
Frc: 5 | 0 0 0 0 0.5 0 1 0.5 0 0 1 0 1 0.5 0.5 1 0.5 0 0.5 0 0 1 0 1 
Int: 5 | 1 0 0 0 0 0 1 0 0 0 1 0 1 0 1 0 1 0 1 0 0 1 0 1 
BDS: 7 | 0 0 0 0 1 0 1 1 1 0 1 0 1 1 0 1 1 0 0 1 0 1 0 0 

371: 4 7, 3 6, 1 8, 0 5
Frc: 5 | 0 0 0 0 0.5 0 1 0.5 0 0 1 0 1 0.5 0.5 1 0.5 0 0.5 0 0 1 0 1 
Int: 5 | 0 1 0 0 0 0 1 0 0 0 1 0 0 1 1 1 0 0 1 0 0 1 0 1 
BDS: 7 | 0 0 0 0 1 0 1 1 1 0 1 0 1 1 0 1 1 0 0 1 0 1 0 0 

550: 6 7, 3 5, 2 8, 0 4
Frc: 5 | 0 0 1 0 0.5 0 0 0.5 0 0 0 1 1 0.5 0.5 1 0.5 0 0.5 0 0 0 1 1 
Int: 5 | 1 0 1 0 0 0 0 0 0 0 0 1 1 0 1 0 1 0 1 0 0 0 1 1 
BDS: 7 | 0 0 1 0 1 0 0 1 1 0 0 1 1 1 0 1 1 0 0 1 0 0 1 0 

551: 6 7, 3 5, 1 8, 0 4
Frc: 5 | 0 0 1 0 0.5 0 0 0.5 0 0 0 1 1 0.5 0.5 1 0.5 0 0.5 0 0 0 1 1 
Int: 5 | 0 1 1 0 0 0 0 0 0 0 0 1 0 1 1 1 0 0 1 0 0 0 1 1 
BDS: 7 | 0 0 1 0 1 0 0 1 1 0 0 1 1 1 0 1 1 0 0 1 0 0 1 0 

Number of matchings : 700
