9 18

7 8
6 8
6 7
5 8
4 7
3 8
3 7
3 6
2 8
2 5
2 4
1 6
1 5
1 4
0 8
0 7
0 6
0 3
----------

201: 6 7, 3 8, 2 4, 1 5
Frc: 5 | 0 0 1 0.5 0.5 1 0 0 0.5 0.5 1 0.5 1 0.5 0 0.5 0.5 1 
Int: 6 | 0 0 1 1 1 1 0 0 1 0 1 1 1 0 0 1 0 1 
BDS: 6 | 0 0 1 1 1 1 0 0 1 0 1 1 1 0 1 0 0 1 

202: 6 7, 2 4, 1 5, 0 8
Frc: 5 | 0 0 1 0.5 0.5 0 0.5 0.5 0.5 0.5 1 0.5 1 0.5 1 0 0 1 
Int: 6 | 0 0 1 1 1 0 1 0 0 1 1 1 1 0 1 0 0 1 
BDS: 6 | 0 0 1 1 1 0 1 0 1 0 1 1 1 0 1 0 0 1 

326: 6 7, 2 4, 1 5, 0 3
Frc: 5 | 0 0 1 0.5 0.5 0.5 0.5 0 0.5 0.5 1 0.5 1 0.5 0.5 0 0.5 1 
Int: 6 | 0 0 0 1 1 0 1 0 1 0 1 1 1 0 0 0 1 1 
BDS: 6 | 0 0 1 1 1 1 0 0 1 0 1 1 1 0 1 0 0 1 

Number of matchings : 338
