9 19

7 8
6 8
6 7
5 8
4 7
3 8
3 7
3 6
2 7
2 5
2 4
1 8
1 6
1 5
1 4
0 8
0 7
0 6
0 3
----------

297: 6 8, 3 7, 2 5, 1 4
Frc: 5 | 0 1 0 0.5 0.5 0 1 0 0.5 1 0.5 0.5 0 0.5 1 0 0 1 1 
Int: 6 | 0 0 1 1 0 0 1 0 0 1 1 0 1 0 1 1 0 0 1 
BDS: 6 | 0 1 0 1 1 0 1 0 1 1 0 1 0 0 1 0 0 1 1 

300: 6 8, 2 5, 1 4, 0 7
Frc: 5 | 0 1 0 0.5 0.5 0 0 1 0.5 1 0.5 0.5 0 0.5 1 0 1 0 1 
Int: 6 | 1 0 0 1 0 0 0 1 0 1 1 0 1 0 1 0 1 0 1 
BDS: 6 | 0 1 0 1 1 0 0 1 1 1 0 1 0 0 1 0 1 0 1 

379: 6 8, 2 5, 1 4, 0 3
Frc: 5 | 0 1 0 0.5 0.5 0 0 1 0.5 1 0.5 0.5 0 0.5 1 0 1 0 1 
Int: 6 | 0 0 0 1 1 0 0 1 1 1 0 0 1 0 1 1 0 0 1 
BDS: 6 | 0 1 0 1 1 0 0 1 1 1 0 1 0 0 1 1 0 0 1 

Number of matchings : 380
