9 17

7 8
5 8
4 8
4 5
3 7
3 6
2 8
2 7
2 6
2 4
1 8
1 7
1 5
1 4
0 6
0 5
0 3
----------

161: 4 8, 3 7, 2 6, 0 5
Frc: 5 | 0 0 1 0.5 1 0.5 0.5 0.5 1 0 0.5 0.5 0.5 0.5 0.5 1 0.5 
Int: 6 | 1 0 1 0 0 1 0 1 1 0 0 0 1 1 0 1 1 
BDS: 6 | 0 0 1 1 1 1 1 0 1 0 1 1 0 0 1 1 0 

162: 3 7, 2 6, 1 8, 0 5
Frc: 5 | 0 0 1 0.5 1 0.5 0 0.5 1 0.5 1 0.5 0.5 0 0.5 1 0.5 
Int: 6 | 1 0 0 1 1 1 0 0 1 1 1 0 1 0 1 1 0 
BDS: 6 | 0 0 1 1 1 1 1 0 1 0 1 1 0 0 1 1 0 

248: 3 7, 2 6, 1 4, 0 5
Frc: 5 | 1 0 0.5 0 1 0.5 0.5 0 1 0.5 0 0 1 1 0.5 1 0.5 
Int: 6 | 1 0 0 1 0 1 0 1 1 0 1 0 0 1 0 1 1 
BDS: 6 | 1 0 1 0 1 1 1 0 1 0 0 0 1 1 1 1 0 

Number of matchings : 308
