9 17

6 8
5 8
4 5
3 7
3 6
2 8
2 7
2 6
2 4
1 7
1 6
1 5
1 4
0 8
0 7
0 5
0 3
----------

207: 3 6, 2 4, 1 7, 0 5
Frc: 5 | 1 0 0.5 0.5 1 0.5 0.5 0 1 1 0 0.5 0.5 0.5 0 1 0.5 
Int: 6 | 1 0 0 1 1 1 0 0 1 0 0 1 1 0 1 1 0 
BDS: 6 | 1 0 1 1 1 1 0 0 1 1 0 1 0 1 0 1 0 

303: 5 8, 2 4, 1 7, 0 3
Frc: 5 | 0.666667 1 0.333333 0 1 0.333333 0.333333 0.333333 1 1 0 0.333333 0.666667 0 0.666667 0.333333 1 
Int: 6 | 1 1 1 0 1 0 1 0 1 1 1 0 0 1 0 0 1 
BDS: 6 | 1 1 1 0 1 0 1 0 1 1 1 0 0 1 0 0 1 

Number of matchings : 316
