9 17

7 8
6 8
6 7
5 8
4 7
3 8
3 7
3 6
2 8
2 7
2 6
1 8
1 5
1 4
0 7
0 5
0 4
----------

197: 3 7, 2 8, 1 4, 0 5
Frc: 5 | 0 0 0 0.5 0.5 0 1 1 1 0 1 0.5 0.5 1 0.5 1 0.5 
Int: 6 | 0 1 0 1 0 0 1 1 1 1 0 1 0 1 0 1 1 
BDS: 6 | 0 0 0 1 1 0 1 1 1 0 1 1 0 1 1 1 0 

200: 3 8, 2 7, 1 4, 0 5
Frc: 5 | 0 0 0 0.5 0.5 1 0 1 0 1 1 0.5 0.5 1 0.5 1 0.5 
Int: 6 | 0 0 0 1 1 1 0 1 0 1 1 1 0 1 1 1 0 
BDS: 6 | 0 0 0 1 1 1 0 1 0 1 1 1 0 1 1 1 0 

203: 3 6, 2 8, 1 4, 0 5
Frc: 5 | 0 0 0 0.5 0.5 0 1 1 1 0 1 0.5 0.5 1 0.5 1 0.5 
Int: 6 | 1 0 0 1 0 0 1 1 1 0 1 1 0 1 0 1 1 
BDS: 6 | 0 0 0 1 1 0 1 1 1 0 1 1 0 1 1 1 0 

204: 3 6, 2 7, 1 4, 0 5
Frc: 5 | 0 0 0 0.5 0.5 1 0 1 0 1 1 0.5 0.5 1 0.5 1 0.5 
Int: 6 | 0 0 0 0 1 1 0 1 0 1 1 1 1 1 1 1 0 
BDS: 6 | 0 0 0 1 1 1 0 1 0 1 1 1 0 1 1 1 0 

207: 3 8, 2 6, 1 4, 0 5
Frc: 5 | 0 0 0 0.5 0.5 1 0 1 0 1 1 0.5 0.5 1 0.5 1 0.5 
Int: 6 | 1 0 0 1 0 1 0 1 0 1 1 1 0 1 0 1 1 
BDS: 6 | 0 0 0 1 1 1 0 1 0 1 1 1 0 1 1 1 0 

208: 3 7, 2 6, 1 4, 0 5
Frc: 5 | 0 0 0 0.5 0.5 0 1 1 1 0 1 0.5 0.5 1 0.5 1 0.5 
Int: 6 | 0 0 0 1 1 0 1 1 1 0 1 1 0 1 1 1 0 
BDS: 6 | 0 0 0 1 1 0 1 1 1 0 1 1 0 1 1 1 0 

Number of matchings : 268
