9 21

7 8
6 8
6 7
5 8
5 7
5 6
4 8
4 7
4 6
4 5
3 8
3 6
2 8
2 7
2 4
1 6
1 5
1 4
0 7
0 5
0 3
----------

424: 6 7, 5 8, 2 4, 0 3
Frc: 5 | 0 0 1 1 0 0 0 0 0 0 0.5 0.5 0.5 0.5 1 0.5 0.5 1 0.5 0.5 1 
Int: 6 | 0 1 1 1 0 0 0 0 0 0 1 0 0 1 1 0 1 1 0 1 1 
BDS: 6 | 0 1 1 1 0 0 0 0 0 0 1 0 0 1 1 0 1 1 1 0 1 

443: 6 7, 5 8, 1 4, 0 3
Frc: 5 | 0 0 1 1 0 0 0 0 0 0 0.5 0.5 0.5 0.5 1 0.5 0.5 1 0.5 0.5 1 
Int: 6 | 1 0 1 0 0 0 0 0 0 0 0 1 1 0 1 0 1 1 0 1 1 
BDS: 6 | 0 1 1 1 0 0 0 0 0 0 1 0 0 1 1 0 1 1 1 0 1 

Number of matchings : 454
