9 18

7 8
5 8
4 7
4 5
3 8
3 6
2 8
2 7
2 5
2 4
1 8
1 7
1 6
1 5
1 4
0 7
0 6
0 3
----------

112: 4 5, 3 8, 1 6, 0 7
Frc: 5 | 0 0.5 0 1 1 0.5 0 1 0 1 0.5 0 1 0.5 0 1 0.5 0.5 
Int: 6 | 1 0 0 1 0 1 1 0 0 1 0 0 1 1 0 1 0 1 
BDS: 6 | 0 1 0 1 1 1 0 1 0 1 1 0 1 0 0 1 1 0 

151: 3 8, 2 5, 1 6, 0 7
Frc: 5 | 0.5 0.5 0.5 0 1 0.5 0 0 1 1 0 0 1 0.5 0.5 1 0.5 0.5 
Int: 6 | 1 1 0 0 0 1 0 0 1 1 0 0 1 0 1 1 0 1 
BDS: 6 | 1 0 1 0 1 1 0 0 1 1 0 0 1 1 0 1 1 0 

217: 3 8, 2 4, 1 6, 0 7
Frc: 5 | 0 1 0.5 0 1 0.5 0 0 1 1 0 0.5 1 0 0.5 1 0.5 0.5 
Int: 6 | 1 1 0 0 0 1 0 0 1 1 0 0 1 0 1 1 0 1 
BDS: 6 | 0 1 1 0 1 1 0 0 1 1 1 0 1 0 0 1 1 0 

Number of matchings : 346
