9 17

7 8
6 8
5 7
4 8
3 8
3 7
3 4
2 8
2 6
2 5
1 7
1 6
1 5
0 8
0 7
0 4
0 3
----------

93: 4 8, 3 7, 2 5, 1 6
Frc: 5 | 0 0.5 0.5 1 0 1 0 0.5 0.5 1 0.5 1 0.5 0 0 1 1 
Int: 6 | 0 1 1 1 0 1 0 1 0 1 1 1 0 0 0 1 1 
BDS: 6 | 0 1 1 1 0 1 0 1 0 1 1 1 0 0 0 1 1 

94: 3 7, 2 5, 1 6, 0 8
Frc: 5 | 0 0.5 0.5 0 0 1 1 0.5 0.5 1 0.5 1 0.5 1 0 1 0 
Int: 6 | 0 1 1 0 0 1 1 1 0 1 1 1 0 1 0 1 0 
BDS: 6 | 0 1 1 0 0 1 1 1 0 1 1 1 0 1 0 1 0 

96: 4 8, 2 5, 1 6, 0 7
Frc: 5 | 0 0.5 0.5 1 0 0 1 0.5 0.5 1 0.5 1 0.5 0 1 0 1 
Int: 6 | 0 1 1 1 0 0 1 1 0 1 1 1 0 0 1 0 1 
BDS: 6 | 0 1 1 1 0 0 1 1 0 1 1 1 0 0 1 0 1 

97: 3 8, 2 5, 1 6, 0 7
Frc: 5 | 0 0.5 0.5 0 1 0 1 0.5 0.5 1 0.5 1 0.5 0 1 1 0 
Int: 6 | 0 1 1 0 1 0 1 1 0 1 1 1 0 0 1 1 0 
BDS: 6 | 0 1 1 0 1 0 1 1 0 1 1 1 0 0 1 1 0 

170: 3 4, 2 5, 1 6, 0 8
Frc: 5 | 0 0.5 0.5 0 0 1 1 0.5 0.5 1 0.5 1 0.5 1 0 1 0 
Int: 6 | 0 1 1 0 0 1 1 1 0 1 1 1 0 1 0 1 0 
BDS: 6 | 0 1 1 0 0 1 1 1 0 1 1 1 0 1 0 1 0 

171: 3 4, 2 5, 1 6, 0 7
Frc: 5 | 0 0.5 0.5 0 1 0 1 0.5 0.5 1 0.5 1 0.5 0 1 1 0 
Int: 6 | 0 1 1 1 0 0 1 1 0 1 1 1 0 0 1 0 1 
BDS: 6 | 0 1 1 0 1 0 1 1 0 1 1 1 0 0 1 1 0 

228: 3 8, 2 5, 1 6, 0 4
Frc: 5 | 0 0.5 0.5 0 1 0 1 0.5 0.5 1 0.5 1 0.5 0 1 1 0 
Int: 6 | 0 1 1 0 1 0 1 1 0 1 1 1 0 0 1 1 0 
BDS: 6 | 0 1 1 0 1 0 1 1 0 1 1 1 0 1 0 1 0 

229: 3 7, 2 5, 1 6, 0 4
Frc: 5 | 0 0.5 0.5 0 0 1 1 0.5 0.5 1 0.5 1 0.5 1 0 1 0 
Int: 6 | 0 1 1 1 0 1 0 1 0 1 1 1 0 0 0 1 1 
BDS: 6 | 0 1 1 0 0 1 1 1 0 1 1 1 0 1 0 1 0 

278: 4 8, 2 5, 1 6, 0 3
Frc: 5 | 0 0.5 0.5 1 0 1 0 0.5 0.5 1 0.5 1 0.5 0 0 1 1 
Int: 6 | 0 1 0 1 0 0 1 0 1 1 1 0 1 0 1 0 1 
BDS: 6 | 0 1 1 1 0 1 0 1 0 1 1 1 0 0 0 1 1 

Number of matchings : 286
