9 16

6 8
5 7
4 8
3 8
3 7
3 4
2 8
2 6
2 5
1 7
1 6
1 5
0 8
0 7
0 4
0 3
----------

88: 4 8, 3 7, 2 5, 1 6
Frc: 5 | 0.5 0.5 1 0 1 0 0.5 0.5 1 0.5 1 0.5 0 0 1 1 
Int: 6 | 1 1 1 0 1 0 1 0 1 1 1 0 0 0 1 1 
BDS: 6 | 1 1 1 0 1 0 1 0 1 1 1 0 0 0 1 1 

89: 3 7, 2 5, 1 6, 0 8
Frc: 5 | 0.5 0.5 0 0 1 1 0.5 0.5 1 0.5 1 0.5 1 0 1 0 
Int: 6 | 1 1 0 0 1 1 1 0 1 1 1 0 1 0 1 0 
BDS: 6 | 1 1 0 0 1 1 1 0 1 1 1 0 1 0 1 0 

91: 4 8, 2 5, 1 6, 0 7
Frc: 5 | 0.5 0.5 1 0 0 1 0.5 0.5 1 0.5 1 0.5 0 1 0 1 
Int: 6 | 1 1 1 0 0 1 1 0 1 1 1 0 0 1 0 1 
BDS: 6 | 1 1 1 0 0 1 1 0 1 1 1 0 0 1 0 1 

92: 3 8, 2 5, 1 6, 0 7
Frc: 5 | 0.5 0.5 0 1 0 1 0.5 0.5 1 0.5 1 0.5 0 1 1 0 
Int: 6 | 1 1 0 1 0 1 1 0 1 1 1 0 0 1 1 0 
BDS: 6 | 1 1 0 1 0 1 1 0 1 1 1 0 0 1 1 0 

158: 3 4, 2 5, 1 6, 0 8
Frc: 5 | 0.5 0.5 0 0 1 1 0.5 0.5 1 0.5 1 0.5 1 0 1 0 
Int: 6 | 1 1 0 0 1 1 1 0 1 1 1 0 1 0 1 0 
BDS: 6 | 1 1 0 0 1 1 1 0 1 1 1 0 1 0 1 0 

159: 3 4, 2 5, 1 6, 0 7
Frc: 5 | 0.5 0.5 0 1 0 1 0.5 0.5 1 0.5 1 0.5 0 1 1 0 
Int: 6 | 1 1 0 1 0 1 1 0 1 1 1 0 0 1 1 0 
BDS: 6 | 1 1 0 1 0 1 1 0 1 1 1 0 0 1 1 0 

209: 3 8, 2 5, 1 6, 0 4
Frc: 5 | 0.5 0.5 0 1 0 1 0.5 0.5 1 0.5 1 0.5 0 1 1 0 
Int: 6 | 1 0 0 1 0 1 0 1 1 1 0 1 0 1 1 0 
BDS: 6 | 1 1 0 1 0 1 1 0 1 1 1 0 1 0 1 0 

210: 3 7, 2 5, 1 6, 0 4
Frc: 5 | 0.5 0.5 0 0 1 1 0.5 0.5 1 0.5 1 0.5 1 0 1 0 
Int: 6 | 1 1 1 0 1 0 1 0 1 1 1 0 0 0 1 1 
BDS: 6 | 1 1 0 0 1 1 1 0 1 1 1 0 1 0 1 0 

252: 4 8, 2 5, 1 6, 0 3
Frc: 5 | 0.5 0.5 1 0 1 0 0.5 0.5 1 0.5 1 0.5 0 0 1 1 
Int: 6 | 1 0 1 0 1 0 0 1 1 1 0 1 0 0 1 1 
BDS: 6 | 1 1 1 0 1 0 1 0 1 1 1 0 0 0 1 1 

Number of matchings : 258
