9 27

7 8
6 8
6 7
5 8
5 7
5 6
4 8
4 7
4 6
3 8
3 7
3 6
3 5
2 8
2 6
2 5
1 8
1 7
1 5
1 4
1 3
0 8
0 7
0 6
0 5
0 4
0 3
----------

436: 4 6, 3 7, 2 8, 0 5
Frc: 5 | 0 0 0 0 0 0.5 0 0.5 1 0 1 0 0 1 0.5 0.5 1 0.5 0 0.5 0 0 0 0 1 0 1 
Int: 5 | 0 0 0 0 0 0 0 0 1 1 1 0 0 1 1 0 0 0 1 1 0 0 1 0 1 0 0 
BDS: 7 | 0 0 0 0 0 1 0 1 1 1 1 0 0 1 1 0 1 1 0 0 0 1 0 0 1 0 0 

437: 4 6, 3 7, 1 8, 0 5
Frc: 5 | 0 0 0 0 0 0.5 0 0.5 1 0 1 0 0 1 0.5 0.5 1 0.5 0 0.5 0 0 0 0 1 0 1 
Int: 5 | 1 0 0 0 0 0 0 0 1 0 1 0 0 0 1 1 1 0 0 1 0 0 0 0 1 0 1 
BDS: 7 | 0 0 0 0 0 1 0 1 1 1 1 0 0 1 1 0 1 1 0 0 0 1 0 0 1 0 0 

557: 3 5, 2 8, 1 4, 0 6
Frc: 5 | 1 0 0 0 0 0.5 0 0 0 0 0.5 0 1 1 0.5 0.5 0 0.5 0 1 0.5 0 0 1 0 1 0 
Int: 5 | 1 0 1 0 0 0 0 0 0 0 0 0 1 1 0 1 0 0 0 1 1 0 0 1 0 1 0 
BDS: 7 | 1 0 0 0 0 1 1 0 0 0 1 0 1 1 1 0 1 0 0 1 0 1 0 1 0 0 0 

593: 3 6, 2 8, 1 4, 0 5
Frc: 5 | 1 0 0 0 0 0.5 0 0 0 0 0.5 1 0 1 0.5 0.5 0 0.5 0 1 0.5 0 0 0 1 1 0 
Int: 5 | 1 0 0 0 0 0 0 0 0 0 0 1 1 1 1 0 0 1 0 1 0 0 0 0 1 1 0 
BDS: 7 | 1 0 0 0 0 1 1 0 0 0 1 1 0 1 1 0 1 0 0 1 0 1 0 0 1 0 0 

642: 5 7, 3 6, 2 8, 0 4
Frc: 5 | 0 0 0 0 1 0.5 0 0.5 0 0 0 1 0 1 0.5 0.5 1 0.5 0 0.5 0 0 0 0 0 1 1 
Int: 5 | 0 1 0 0 1 0 0 0 0 0 0 1 0 1 0 1 0 1 0 1 0 0 0 0 0 1 1 
BDS: 7 | 0 0 0 0 1 1 0 1 0 1 0 1 0 1 1 0 1 1 0 0 0 1 0 0 0 1 0 

643: 5 7, 3 6, 1 8, 0 4
Frc: 5 | 0 0 0 0 1 0.5 0 0.5 0 0 0 1 0 1 0.5 0.5 1 0.5 0 0.5 0 0 0 0 0 1 1 
Int: 5 | 1 0 0 0 1 0 0 0 0 0 0 1 0 0 1 1 1 0 0 1 0 0 0 0 0 1 1 
BDS: 7 | 0 0 0 0 1 1 0 1 0 1 0 1 0 1 1 0 1 1 0 0 0 1 0 0 0 1 0 

814: 6 7, 4 8, 1 3, 0 5
Frc: 5 | 0 0 1 0 0 0.5 1 0.5 0 0 0 0 0 1 0.5 0.5 0 0.5 0 0.5 1 0 0 0 1 0 1 
Int: 5 | 0 0 1 0 0 0 1 1 0 0 0 0 0 0 1 1 1 0 0 0 1 0 0 0 1 0 1 
BDS: 7 | 0 0 1 0 0 1 1 1 0 1 0 0 0 1 1 0 1 0 0 0 1 1 0 0 1 0 0 

815: 6 7, 2 8, 1 3, 0 5
Frc: 5 | 0 0 1 0 0 0.5 1 0.5 0 0 0 0 0 1 0.5 0.5 0 0.5 0 0.5 1 0 0 0 1 0 1 
Int: 5 | 0 1 1 0 0 0 0 1 0 0 0 0 0 1 0 1 0 0 0 1 1 0 0 0 1 0 1 
BDS: 7 | 0 0 1 0 0 1 1 1 0 1 0 0 0 1 1 0 1 0 0 0 1 1 0 0 1 0 0 

820: 7 8, 4 6, 1 3, 0 5
Frc: 5 | 1 0 0 0 0 0.5 0 0.5 1 0 0 0 0 1 0.5 0.5 0 0.5 0 0.5 1 0 0 0 1 0 1 
Int: 5 | 1 0 0 0 0 0 1 0 1 0 0 0 0 0 1 1 0 1 0 0 1 0 0 0 1 0 1 
BDS: 7 | 1 0 0 0 0 1 0 1 1 1 0 0 0 1 1 0 1 0 0 0 1 1 0 0 1 0 0 

821: 4 6, 2 8, 1 3, 0 5
Frc: 5 | 1 0 0 0 0 0.5 0 0.5 1 0 0 0 0 1 0.5 0.5 0 0.5 0 0.5 1 0 0 0 1 0 1 
Int: 5 | 0 1 0 0 0 0 0 1 1 0 0 0 0 1 0 1 0 1 0 0 1 0 0 0 1 0 1 
BDS: 7 | 1 0 0 0 0 1 0 1 1 1 0 0 0 1 1 0 1 0 0 0 1 1 0 0 1 0 0 

823: 7 8, 2 6, 1 3, 0 5
Frc: 5 | 1 0 0 0.5 0 0 0 0.5 1 0 0 0 0 0.5 1 0.5 0 0.5 0 0.5 1 0 0 0 1 0 1 
Int: 5 | 1 1 0 0 0 0 0 0 0 0 1 0 0 0 1 1 0 0 0 1 1 0 0 0 1 1 0 
BDS: 7 | 1 0 0 1 0 0 0 1 1 0 0 1 0 1 1 0 1 0 0 0 1 1 0 0 1 0 0 

941: 7 8, 4 6, 1 5, 0 3
Frc: 5 | 1 0 0 0 0 0.333333 0 0.333333 1 0 0.333333 0 0 1 0.666667 0.333333 0 0.333333 1 0 0.666667 0 0 0 0.333333 0.666667 1 
Int: 6 | 1 0 0 0 0 1 0 1 1 0 0 0 0 1 1 0 0 0 1 0 1 1 0 0 0 0 1 
BDS: 6 | 1 0 0 0 0 1 0 1 1 0 0 0 0 1 1 0 0 0 1 0 1 1 0 0 0 0 1 

Number of matchings : 968
