9 22

7 8
6 8
6 7
5 8
4 8
4 6
3 7
3 6
2 7
2 6
2 5
2 4
1 8
1 7
1 6
1 5
1 3
0 8
0 7
0 5
0 4
0 3
----------

324: 6 8, 3 7, 2 4, 0 5
Frc: 5 | 0 1 0.666667 0 0.333333 0 1 0 0.333333 0.333333 0.333333 1 0.666667 0 0 0.666667 0.666667 0 0 1 0.666667 0.333333 
Int: 6 | 0 1 1 0 0 0 1 1 1 0 0 1 1 0 0 1 0 0 0 1 1 0 
BDS: 6 | 0 1 1 0 0 0 1 1 1 0 0 1 1 0 0 1 0 0 0 1 1 0 

331: 3 6, 2 4, 1 7, 0 5
Frc: 5 | 0.666667 0.666667 0 0 0.333333 0.333333 0 1 0.333333 0 0.666667 1 0.333333 1 0 0.333333 0.333333 0 0 1 0.333333 0.666667 
Int: 6 | 1 1 0 0 1 0 0 1 0 0 1 1 0 1 0 0 1 1 0 1 0 0 
BDS: 6 | 1 1 0 0 1 0 0 1 0 0 1 1 0 1 0 0 1 1 0 1 0 0 

Number of matchings : 601
