9 22

6 8
5 8
5 6
4 8
4 7
3 8
3 7
3 6
2 8
2 7
2 6
2 5
2 4
1 8
1 7
1 5
1 3
0 7
0 6
0 5
0 4
0 3
----------

272: 4 8, 3 6, 1 7, 0 5
Frc: 5 | 0 0 0.5 1 0.25 0.25 0 1 0 0.75 0.5 0.5 0.25 0.75 1 0 0.25 0 0 1 0.5 0.5 
Int: 5 | 1 0 0 1 0 0 0 1 0 1 0 1 0 0 1 0 1 0 0 1 1 0 
BDS: 7 | 0 0 1 1 1 1 0 1 1 1 0 0 0 1 1 0 0 1 0 1 0 0 

322: 3 6, 2 4, 1 8, 0 7
Frc: 5 | 0 1 0.5 0 0 0 0.5 1 0 0 0.5 0.5 1 1 0.5 0 0.5 1 0 0 1 0 
Int: 5 | 1 0 0 0 1 0 0 1 0 0 0 1 1 1 0 1 0 1 0 0 0 1 
BDS: 7 | 0 1 1 1 0 0 1 1 0 1 0 0 1 1 1 0 0 1 1 0 0 0 

Number of matchings : 616
