9 24

6 8
5 8
5 7
5 6
4 8
4 7
3 8
3 7
3 6
3 5
2 8
2 6
2 5
2 4
1 8
1 7
1 6
1 3
0 8
0 7
0 6
0 5
0 4
0 3
----------

218: 4 7, 3 5, 2 8, 1 6
Frc: 5 | 0 0 0 0.333333 0 1 0 0.666667 0 1 1 0.666667 0 0.333333 0.333333 0.333333 1 0.333333 0.666667 0 0 0.666667 0.666667 0 
Int: 6 | 0 0 0 0 1 1 0 1 0 1 1 1 0 0 0 1 1 0 1 0 0 1 0 0 
BDS: 6 | 0 0 0 0 1 1 0 1 0 1 1 1 0 0 0 1 1 0 1 0 0 1 0 0 

403: 3 6, 2 4, 1 8, 0 7
Frc: 5 | 0 1 0 0.5 0 0 0 0.5 1 0 0 0.5 0.5 1 1 0.5 0 0.5 0 1 0 0 1 0 
Int: 5 | 1 0 0 0 0 0 0 0 1 1 0 0 1 1 1 1 0 0 0 1 0 0 1 0 
BDS: 7 | 0 1 0 1 1 0 0 1 1 0 1 0 0 1 1 1 0 0 1 1 0 0 0 0 

Number of matchings : 745
