9 22

6 8
6 7
5 8
5 7
4 7
4 6
3 8
3 7
3 6
3 5
2 8
2 6
2 5
2 4
1 8
1 7
1 5
1 3
0 8
0 6
0 4
0 3
----------

159: 4 7, 3 5, 2 8, 0 6
Frc: 5 | 0 0 0 0.5 1 0.5 0 0 0 1 1 0.5 0 0.5 1 0.5 0.5 0 0 1 0 1 
Int: 5 | 0 0 0 0 1 1 0 0 0 1 1 0 1 0 1 1 0 0 0 1 0 1 
BDS: 7 | 0 0 0 1 1 1 1 0 0 1 1 1 0 0 1 1 0 0 1 1 0 0 

160: 4 7, 3 5, 1 8, 0 6
Frc: 5 | 0 0 0 0.5 1 0.5 0 0 0 1 1 0.5 0 0.5 1 0.5 0.5 0 0 1 0 1 
Int: 5 | 0 0 0 0 1 1 0 0 0 1 1 0 1 0 1 1 0 0 0 1 0 1 
BDS: 7 | 0 0 0 1 1 1 1 0 0 1 1 1 0 0 1 1 0 0 1 1 0 0 

391: 6 7, 3 5, 2 8, 0 4
Frc: 5 | 0 1 0 0.5 0 0.5 0 0 0 1 1 0.5 0 0.5 1 0.5 0.5 0 0 0 1 1 
Int: 5 | 0 1 0 1 0 0 0 0 0 1 1 0 0 1 1 0 0 1 0 1 1 0 
BDS: 7 | 0 1 0 1 0 1 1 0 0 1 1 1 0 0 1 1 0 0 1 0 1 0 

392: 6 7, 3 5, 1 8, 0 4
Frc: 5 | 0 1 0 0.5 0 0.5 0 0 0 1 1 0.5 0 0.5 1 0.5 0.5 0 0 0 1 1 
Int: 5 | 0 1 0 1 0 0 0 0 0 1 1 0 0 1 1 0 0 1 0 1 1 0 
BDS: 7 | 0 1 0 1 0 1 1 0 0 1 1 1 0 0 1 1 0 0 1 0 1 0 

469: 5 8, 4 7, 1 3, 0 6
Frc: 5 | 0 0 1 0.5 1 0.5 0 0 0 0 1 0.5 0 0.5 0 0.5 0.5 1 0 1 0 1 
Int: 5 | 1 0 1 0 1 0 0 0 0 0 0 0 1 1 0 1 0 1 0 1 0 1 
BDS: 7 | 0 0 1 1 1 1 1 0 0 0 1 1 0 0 1 0 0 1 1 1 0 0 

470: 4 7, 2 8, 1 3, 0 6
Frc: 5 | 0 0 1 0.5 1 0.5 0 0 0 0 1 0.5 0 0.5 0 0.5 0.5 1 0 1 0 1 
Int: 5 | 1 0 0 1 1 0 0 0 0 0 1 0 0 1 0 0 1 1 0 1 0 1 
BDS: 7 | 0 0 1 1 1 1 1 0 0 0 1 1 0 0 1 0 0 1 1 1 0 0 

Number of matchings : 594
