9 23

7 8
6 8
6 7
5 8
5 7
4 8
4 7
4 6
3 8
3 7
3 6
3 5
2 8
2 6
2 5
2 4
1 8
1 5
1 3
0 7
0 6
0 4
0 3
----------

382: 5 7, 3 6, 2 8, 0 4
Frc: 5 | 0 0 0 0 1 0 0 0.5 0 0 1 0.5 1 0.5 0 0.5 1 0.5 0.5 1 0 1 0 
Int: 5 | 1 0 0 0 1 0 0 0 0 0 1 0 1 0 0 1 0 1 1 0 1 1 0 
BDS: 7 | 1 0 0 0 1 0 0 1 0 0 1 1 1 1 0 0 1 1 0 1 0 1 0 

383: 5 7, 3 6, 1 8, 0 4
Frc: 5 | 0 0 0 0 1 0 0 0.5 0 0 1 0.5 1 0.5 0 0.5 1 0.5 0.5 1 0 1 0 
Int: 5 | 0 0 0 1 1 0 0 0 0 0 1 0 0 1 0 1 1 0 1 1 0 1 0 
BDS: 7 | 1 0 0 0 1 0 0 1 0 0 1 1 1 1 0 0 1 1 0 1 0 1 0 

488: 5 7, 2 8, 1 3, 0 6
Frc: 5 | 0 0 0 0 1 0.666667 0.333333 0 0 0.333333 0.666667 0 1 0.333333 0.333333 0.333333 0.333333 0.666667 1 0.333333 1 0.666667 0 
Int: 6 | 0 0 0 0 1 1 1 0 0 0 1 0 1 1 0 0 0 1 1 1 1 0 0 
BDS: 6 | 0 0 0 0 1 1 1 0 0 0 1 0 1 1 0 0 0 1 1 1 1 0 0 

Number of matchings : 631
