9 24

7 8
6 8
5 8
5 7
5 6
4 8
4 7
4 6
3 7
3 6
3 5
2 8
2 7
2 5
2 4
1 8
1 6
1 5
1 3
0 8
0 7
0 6
0 4
0 3
----------

278: 4 8, 3 7, 2 5, 0 6
Frc: 5 | 0 0.5 0 0 0 1 0.5 0 1 0 0 0 0.5 1 0.5 0.5 0.5 1 0 0 0 1 0 1 
Int: 5 | 0 0 0 0 0 1 1 0 1 0 0 1 0 1 0 0 1 1 0 0 0 1 0 1 
BDS: 7 | 0 1 0 0 0 1 1 0 1 0 1 1 0 1 0 1 0 1 0 1 0 1 0 0 

396: 5 8, 3 7, 2 4, 0 6
Frc: 5 | 0 0 1 0.5 0 0 0 0 1 0.5 0 0 0.5 0.5 1 1 0.5 0 0.5 0 0 1 1 0 
Int: 5 | 1 0 1 0 0 0 0 0 1 0 0 0 0 1 1 0 1 0 1 0 0 1 1 0 
BDS: 7 | 0 0 1 1 0 1 0 0 1 1 0 1 0 0 1 1 1 0 0 1 0 1 0 0 

397: 3 7, 2 4, 1 8, 0 6
Frc: 5 | 0 0 1 0.5 0 0 0 0 1 0.5 0 0 0.5 0.5 1 1 0.5 0 0.5 0 0 1 1 0 
Int: 5 | 0 1 0 0 0 0 0 0 1 0 1 0 1 0 1 1 0 1 0 0 0 1 1 0 
BDS: 7 | 0 0 1 1 0 1 0 0 1 1 0 1 0 0 1 1 1 0 0 1 0 1 0 0 

640: 7 8, 2 5, 1 3, 0 4
Frc: 5 | 1 0.5 0 0 1 0 0.5 0 0 0 0 0 0.5 1 0.5 0.5 0.5 0 1 0 0 0 1 1 
Int: 5 | 1 0 0 0 1 1 0 0 0 0 0 0 1 1 0 0 1 0 1 0 0 0 1 1 
BDS: 7 | 1 1 0 0 1 0 1 0 0 0 1 1 0 1 0 1 0 0 1 1 0 0 1 0 

Number of matchings : 747
