9 23

7 8
6 8
5 7
5 6
4 8
4 7
4 6
3 8
3 7
3 6
3 5
2 8
2 7
2 5
2 4
1 8
1 6
1 5
1 3
0 7
0 6
0 4
0 3
----------

379: 3 8, 2 4, 1 5, 0 7
Frc: 5 | 0 0.666667 0.333333 0 0 0 0.666667 1 0 0 0.333333 0 0.666667 0.333333 1 0.333333 0.666667 1 0 1 0 0.333333 0.666667 
Int: 6 | 0 1 0 0 0 0 1 1 0 0 1 0 1 0 1 0 1 1 0 1 1 0 0 
BDS: 6 | 0 1 0 0 0 0 1 1 0 0 1 0 1 0 1 0 1 1 0 1 1 0 0 

455: 6 8, 3 7, 2 5, 0 4
Frc: 5 | 0 1 0 0 0 0.5 0 0.5 1 0 0 0 0.5 1 0.5 0.5 0 1 0.5 0 1 1 0 
Int: 5 | 1 1 0 0 0 0 0 0 1 0 0 0 0 1 1 0 1 1 0 0 0 1 1 
BDS: 7 | 0 1 0 1 0 1 0 1 1 0 0 0 1 1 0 1 0 1 0 1 0 1 0 

458: 7 8, 3 6, 2 5, 0 4
Frc: 5 | 1 0 0 0 0 0.5 0 0.5 0 1 0 0 0.5 1 0.5 0.5 0 1 0.5 0 1 1 0 
Int: 5 | 1 0 1 0 0 0 0 0 0 1 0 0 0 1 1 1 1 0 0 0 0 1 1 
BDS: 7 | 1 0 0 1 0 1 0 1 0 1 0 0 1 1 0 1 0 1 0 1 0 1 0 

644: 6 8, 4 7, 1 5, 0 3
Frc: 5 | 0 1 0 0 0.5 1 0 0 0 0.5 0 0.5 0 1 0.5 0 0.5 1 0.5 1 0 0 1 
Int: 5 | 1 1 0 0 0 1 0 0 0 0 0 0 0 1 1 0 0 1 1 0 1 0 1 
BDS: 7 | 0 1 1 0 1 1 0 0 0 1 0 1 0 1 0 1 0 1 0 1 0 0 1 

Number of matchings : 668
