9 25

7 8
6 8
6 7
5 8
5 7
4 8
4 7
4 6
3 7
3 6
3 5
2 8
2 6
2 5
2 4
1 8
1 7
1 5
1 3
0 8
0 7
0 6
0 5
0 4
0 3
----------

447: 6 7, 3 5, 2 4, 1 8
Frc: 5 | 0 0 1 0 0.333333 0 0.333333 0 0 0.333333 1 0.333333 0.666667 0 1 1 0.333333 0.666667 0 0.666667 0 0 0 0.666667 0.666667 
Int: 6 | 0 0 1 0 0 0 1 0 0 1 1 1 0 0 1 1 0 1 0 1 1 0 0 0 0 
BDS: 6 | 0 0 1 0 0 0 1 0 0 1 1 1 0 0 1 1 0 1 0 1 1 0 0 0 0 

489: 7 8, 3 6, 2 4, 0 5
Frc: 5 | 1 0.5 0 0 0 0 0 0 0 1 0.5 0.5 0.5 0 1 0 1 0.5 0.5 0 0 0 1 1 0 
Int: 5 | 1 0 0 1 0 0 0 0 0 1 0 0 1 0 1 0 1 0 1 0 0 0 1 1 0 
BDS: 7 | 1 1 0 0 0 0 1 0 0 1 1 1 0 0 1 1 1 0 0 1 0 0 1 0 0 

522: 5 7, 3 6, 1 8, 0 4
Frc: 5 | 0 0 0 0 1 0 0 0.5 0 1 0.5 1 0.5 0 0.5 1 0 0.5 0.5 0 1 0 0 1 0 
Int: 5 | 0 1 0 0 1 0 0 0 0 1 0 0 0 1 1 1 1 0 0 0 0 0 0 1 1 
BDS: 7 | 1 0 0 0 1 0 0 1 0 1 1 1 1 0 0 1 1 0 0 1 0 0 0 1 0 

524: 5 8, 3 6, 1 7, 0 4
Frc: 5 | 0 0 0 1 0 0 0 0.5 0 1 0.5 1 0.5 0 0.5 0 1 0.5 0.5 0 1 0 0 1 0 
Int: 5 | 0 0 0 1 0 0 0 0 1 1 0 0 1 0 1 1 1 0 0 0 0 0 1 1 0 
BDS: 7 | 1 0 0 1 0 0 0 1 0 1 1 1 1 0 0 1 1 0 0 1 0 0 0 1 0 

525: 3 6, 2 8, 1 7, 0 4
Frc: 5 | 0 0 0 1 0 0 0 0.5 0 1 0.5 1 0.5 0 0.5 0 1 0.5 0.5 0 1 0 0 1 0 
Int: 5 | 0 0 0 1 1 0 0 0 0 1 0 1 0 0 1 0 1 0 1 0 0 1 0 1 0 
BDS: 7 | 1 0 0 1 0 0 0 1 0 1 1 1 1 0 0 1 1 0 0 1 0 0 0 1 0 

643: 5 8, 4 7, 1 3, 0 6
Frc: 5 | 0.5 0 0 1 0 0 1 0.5 0 0 0 0 0.5 1 0.5 0.5 0.5 0 1 0 0 1 0 0 1 
Int: 5 | 1 0 0 1 0 0 1 0 0 0 0 0 1 0 1 0 0 1 1 0 0 1 0 0 1 
BDS: 7 | 1 0 0 1 0 0 1 1 0 0 1 1 0 1 0 1 0 0 1 1 0 1 0 0 0 

673: 6 7, 4 8, 1 3, 0 5
Frc: 5 | 0 0 1 0 0 1 0.666667 0 0 0.333333 0 0.666667 0.333333 0.666667 0.333333 0.333333 0.333333 0.333333 1 0 0 0.333333 1 0 0.666667 
Int: 6 | 0 0 1 0 0 1 1 0 0 1 0 1 0 1 0 1 0 0 1 1 0 0 1 0 0 
BDS: 6 | 0 0 1 0 0 1 1 0 0 1 0 1 0 1 0 1 0 0 1 1 0 0 1 0 0 

Number of matchings : 831
