9 26

7 8
6 7
5 8
5 7
5 6
4 8
4 7
4 6
3 8
3 7
3 5
2 8
2 7
2 6
2 5
2 4
1 8
1 7
1 6
1 5
1 3
0 8
0 6
0 5
0 4
0 3
----------

254: 4 8, 3 5, 1 7, 0 6
Frc: 5 | 0 0 0.5 0 0 1 0 0.5 0 0 1 0 1 0.5 0 0.5 0.5 1 0 0.5 0 0 1 0 0 1 
Int: 5 | 1 0 0 0 0 1 0 0 0 0 1 0 0 1 1 0 0 1 0 0 1 0 1 0 1 0 
BDS: 7 | 0 0 1 0 0 1 0 1 0 1 1 1 1 0 0 0 1 1 0 0 0 1 1 0 0 0 

510: 3 5, 2 4, 1 7, 0 8
Frc: 5 | 0 1 0 0 0.5 0 0 0 0.5 0 1 0 0 0.5 0.5 1 0.5 1 0 0 0.5 1 0 0 1 0 
Int: 5 | 0 0 0 1 0 1 0 0 0 0 1 0 0 1 0 1 0 1 1 0 0 1 0 0 0 1 
BDS: 7 | 0 1 0 0 1 0 1 0 1 0 1 1 0 0 0 1 1 1 0 0 0 1 1 0 0 0 

579: 5 6, 3 7, 2 8, 0 4
Frc: 5 | 0 0 0 0.5 1 0 0 0.5 0 1 0 1 0 0.5 0 0.5 1 0.5 0 0.5 0 0 0 0 1 1 
Int: 5 | 0 1 0 0 1 0 0 0 0 1 0 1 0 0 0 1 1 0 0 1 0 0 0 0 1 1 
BDS: 7 | 0 0 0 1 1 0 0 1 1 1 0 1 1 0 0 0 1 1 0 0 0 1 0 0 1 0 

580: 5 6, 3 7, 1 8, 0 4
Frc: 5 | 0 0 0 0.5 1 0 0 0.5 0 1 0 1 0 0.5 0 0.5 1 0.5 0 0.5 0 0 0 0 1 1 
Int: 5 | 0 1 0 0 1 0 0 0 0 1 0 1 0 0 0 1 1 0 0 1 0 0 0 0 1 1 
BDS: 7 | 0 0 0 1 1 0 0 1 1 1 0 1 1 0 0 0 1 1 0 0 0 1 0 0 1 0 

631: 7 8, 3 5, 1 6, 0 4
Frc: 5 | 1 0 0 0 0 0.5 0 0 0 0.5 1 0.5 0 1 0 0.5 0 0.5 1 0 0.5 0 0 1 1 0 
Int: 5 | 1 1 0 0 0 0 0 0 0 0 1 1 0 0 0 1 0 0 1 0 1 0 0 1 1 0 
BDS: 7 | 1 0 0 0 1 1 0 0 0 1 1 1 0 1 0 0 1 0 1 0 0 1 0 0 1 0 

729: 5 8, 4 7, 1 3, 0 6
Frc: 5 | 0 0 1 0.5 0 0 1 0.5 0 0 0 1 0 0.5 0 0.5 0 0.5 0 0.5 1 0 1 0 0 1 
Int: 5 | 1 0 1 0 0 0 1 0 0 0 0 0 0 1 0 1 0 0 0 1 1 0 1 0 0 1 
BDS: 7 | 0 0 1 1 0 0 1 1 1 0 0 1 1 0 0 0 1 0 0 0 1 1 1 0 0 0 

730: 4 7, 2 8, 1 3, 0 6
Frc: 5 | 0 0 1 0.5 0 0 1 0.5 0 0 0 1 0 0.5 0 0.5 0 0.5 0 0.5 1 0 1 0 0 1 
Int: 5 | 0 1 0 0 0 0 1 0 1 0 0 1 0 0 0 1 0 0 0 1 1 0 1 1 0 0 
BDS: 7 | 0 0 1 1 0 0 1 1 1 0 0 1 1 0 0 0 1 0 0 0 1 1 1 0 0 0 

793: 6 7, 5 8, 1 3, 0 4
Frc: 5 | 0 1 1 0 0.5 0 0.5 0 0 0 0 1 0.5 0 0 0.5 0 0 0.5 0.5 1 0 0 0 1 1 
Int: 5 | 1 1 1 0 0 0 0 0 0 0 0 0 0 1 0 1 0 0 0 1 1 0 0 0 1 1 
BDS: 7 | 0 1 1 0 1 0 1 0 1 0 0 1 1 0 0 0 1 0 0 0 1 1 0 0 1 0 

794: 6 7, 2 8, 1 3, 0 4
Frc: 5 | 0 1 1 0 0.5 0 0.5 0 0 0 0 1 0.5 0 0 0.5 0 0 0.5 0.5 1 0 0 0 1 1 
Int: 5 | 0 1 0 1 0 1 0 0 0 0 0 1 0 0 1 0 0 0 1 0 1 0 0 0 1 1 
BDS: 7 | 0 1 1 0 1 0 1 0 1 0 0 1 1 0 0 0 1 0 0 0 1 1 0 0 1 0 

Number of matchings : 952
