9 24

7 8
5 8
5 6
4 8
4 7
4 6
4 5
3 8
3 7
3 6
3 5
2 8
2 7
2 6
2 5
2 4
1 8
1 7
1 6
1 5
1 3
0 7
0 4
0 3
----------

565: 5 8, 4 6, 1 3, 0 7
Frc: 5 | 0 1 0.5 0 0.5 1 0 0 0 0 0 1 0.5 0 0 0.5 0 0 0.5 0.5 1 1 0 1 
Int: 5 | 1 1 0 0 0 1 0 0 0 0 0 0 0 0 1 1 0 0 1 0 1 1 0 1 
BDS: 7 | 0 1 1 0 1 1 0 1 0 0 0 1 1 0 0 0 1 0 0 0 1 1 1 0 

566: 4 6, 2 8, 1 3, 0 7
Frc: 5 | 0 1 0.5 0 0.5 1 0 0 0 0 0 1 0.5 0 0 0.5 0 0 0.5 0.5 1 1 0 1 
Int: 5 | 0 0 1 1 0 1 0 0 0 0 0 1 1 0 0 0 0 0 0 1 1 1 0 1 
BDS: 7 | 0 1 1 0 1 1 0 1 0 0 0 1 1 0 0 0 1 0 0 0 1 1 1 0 

658: 5 8, 4 6, 1 7, 0 3
Frc: 5 | 0 1 0.5 0 0 1 0 0.5 0 0 0 0 1 0.5 0.5 0 0.5 1 0 0 0.5 0 1 1 
Int: 5 | 1 1 0 0 0 1 0 0 0 0 0 0 0 1 1 0 0 1 0 0 1 0 1 1 
BDS: 7 | 0 1 1 0 1 1 0 1 0 0 0 1 1 0 0 0 1 1 0 0 0 1 0 1 

Number of matchings : 744
