9 26

7 8
6 8
6 7
5 7
5 6
4 8
4 7
4 6
4 5
3 8
3 7
3 6
3 5
2 8
2 7
2 5
2 4
1 8
1 6
1 5
1 3
0 8
0 7
0 6
0 4
0 3
----------

269: 4 6, 3 5, 1 8, 0 7
Frc: 5 | 0 0 0 0 0.5 0 0.5 1 0 0 0 0 1 1 0.5 0 0.5 1 0.5 0.5 0 0 1 0 0 1 
Int: 5 | 1 0 0 0 0 0 0 1 0 0 0 0 1 0 0 1 1 1 1 0 0 0 1 0 0 1 
BDS: 7 | 0 0 0 0 1 0 1 1 0 1 0 0 1 1 1 0 0 1 1 0 0 1 1 0 0 0 

435: 4 7, 3 8, 1 5, 0 6
Frc: 5 | 0 0 0 0 0 0.5 1 0 0 1 0 0.5 0 0.5 0 1 0.5 0 0.5 1 0.5 0 1 1 0 0 
Int: 5 | 1 0 0 0 0 0 1 0 0 1 0 0 0 0 0 1 1 0 1 1 0 0 0 1 0 1 
BDS: 7 | 0 0 0 1 0 1 1 0 0 1 0 1 0 1 0 1 0 1 0 1 0 1 0 1 0 0 

842: 4 7, 2 8, 1 6, 0 3
Frc: 5 | 0 0.5 0 0.5 0 0.5 1 0 0 0 0 0 0.5 1 0.5 0.5 0 0 1 0.5 0.5 0 0 0.5 0.5 1 
Int: 5 | 0 0 1 0 0 0 1 0 1 0 0 0 0 1 0 1 0 0 1 0 1 1 0 0 0 1 
BDS: 7 | 0 1 0 1 0 1 1 0 0 0 0 0 1 1 1 0 0 1 1 0 0 1 0 0 0 1 

867: 6 7, 2 5, 1 8, 0 3
Frc: 5 | 0 0 1 0 0.666667 0.666667 0 0 0 0 0.666667 0 0 0.333333 0.333333 1 0.333333 1 0.333333 0.333333 0.333333 0 0 0 1 1 
Int: 6 | 0 0 1 0 1 1 0 0 0 0 1 0 0 1 0 1 0 1 1 0 0 0 0 0 1 1 
BDS: 6 | 0 0 1 0 1 1 0 0 0 0 1 0 0 1 0 1 0 1 1 0 0 0 0 0 1 1 

Number of matchings : 914
