9 27

6 8
5 8
5 7
4 8
4 7
4 6
4 5
3 8
3 7
3 6
3 5
2 8
2 7
2 6
2 5
2 4
1 8
1 7
1 6
1 5
1 3
0 8
0 7
0 6
0 5
0 4
0 3
----------

360: 4 8, 3 5, 1 7, 0 6
Frc: 5 | 0.5 0 0 1 0 0 0.5 0 0 0 1 0 1 0 0.5 0.5 0.5 1 0.5 0 0 0 0 1 0 0 1 
Int: 5 | 0 0 0 1 1 0 0 0 0 0 1 1 0 1 0 0 0 1 0 0 1 0 0 1 1 0 0 
BDS: 7 | 1 0 0 1 0 0 1 0 1 0 1 1 1 0 0 0 1 1 0 0 0 1 0 1 0 0 0 

510: 4 7, 3 8, 1 5, 0 6
Frc: 5 | 0 0 0 0.5 1 0 0 1 0 0.5 0 0.5 0 0 1 0.5 0 0 0.5 1 0.5 0 1 1 0 0 0 
Int: 5 | 0 0 0 0 1 1 0 1 0 0 0 1 1 0 0 0 0 0 0 1 1 0 0 1 1 0 0 
BDS: 7 | 0 0 1 1 1 0 0 1 0 1 0 1 0 0 1 0 1 0 0 1 0 1 0 1 0 0 0 

901: 4 5, 2 8, 1 3, 0 6
Frc: 5 | 0 0.333333 0 0 0.333333 0.333333 1 0 1 0 0 1 0 0.666667 0 0.333333 0.333333 0 0 0.666667 1 0.333333 0.666667 1 0 0 0 
Int: 6 | 0 1 0 0 1 0 1 0 1 0 0 1 0 1 0 0 1 0 0 0 1 1 0 1 0 0 0 
BDS: 6 | 0 1 0 0 1 0 1 0 1 0 0 1 0 1 0 0 1 0 0 0 1 1 0 1 0 0 0 

Number of matchings : 1092
