9 28

6 8
6 7
5 8
5 7
4 8
4 7
4 6
4 5
3 8
3 7
3 6
3 5
2 8
2 7
2 6
2 5
2 4
1 8
1 7
1 6
1 5
1 3
0 8
0 7
0 6
0 5
0 4
0 3
----------

351: 4 8, 3 5, 2 6, 0 7
Frc: 5 | 0 0 0 0 1 0 0 0.5 0 0.5 0 1 0 0 1 0.5 0.5 0 0.5 1 0 0.5 1 1 0 0 0 0 
Int: 5 | 1 0 0 0 1 0 0 0 0 0 0 1 0 0 1 1 0 0 1 0 0 1 0 1 0 0 1 0 
BDS: 7 | 1 0 0 0 1 0 0 1 0 1 0 1 1 0 1 0 0 1 0 1 0 0 1 1 0 0 0 0 

364: 4 8, 3 5, 1 6, 0 7
Frc: 5 | 0 0 0 0 1 0.666667 0 0 0.333333 0 0 1 0 0.333333 0.333333 1 0.333333 0.333333 0 1 0 0.666667 0.333333 1 0.666667 0 0 0 
Int: 6 | 0 0 0 0 1 1 0 0 1 0 0 1 0 0 1 1 0 1 0 1 0 0 1 1 0 0 0 0 
BDS: 6 | 0 0 0 0 1 1 0 0 1 0 0 1 0 0 1 1 0 1 0 1 0 0 1 1 0 0 0 0 

744: 6 8, 3 7, 2 4, 0 5
Frc: 5 | 1 0.5 0 0 0 0 0 0 0 1 0 0.5 0 0.5 0.5 0 1 1 0 0 0.5 0.5 0 0 0 1 1 0 
Int: 5 | 1 0 0 0 0 0 1 0 0 1 0 0 0 1 0 0 1 0 0 0 1 1 1 0 0 1 0 0 
BDS: 7 | 1 1 0 0 1 0 0 0 0 1 0 1 1 0 0 0 1 1 1 0 0 0 1 0 0 1 0 0 

745: 3 7, 2 4, 1 8, 0 5
Frc: 5 | 1 0.5 0 0 0 0 0 0 0 1 0 0.5 0 0.5 0.5 0 1 1 0 0 0.5 0.5 0 0 0 1 1 0 
Int: 5 | 0 0 1 0 0 1 0 0 0 1 0 0 0 0 1 0 1 1 0 1 0 0 0 0 0 1 0 1 
BDS: 7 | 1 1 0 0 1 0 0 0 0 1 0 1 1 0 0 0 1 1 1 0 0 0 1 0 0 1 0 0 

797: 5 8, 3 6, 1 7, 0 4
Frc: 5 | 0.5 0 1 0 0 0 0 0.5 0 0 1 0 0 1 0 0.5 0.5 0.5 1 0.5 0 0 0 0 0 0 1 1 
Int: 5 | 1 0 1 0 0 0 0 0 0 0 1 0 0 1 0 0 1 0 1 0 0 1 0 0 0 1 1 0 
BDS: 7 | 1 0 1 0 0 0 0 1 0 1 1 0 1 1 0 0 0 1 1 0 0 0 1 0 0 0 1 0 

1122: 6 7, 4 5, 2 8, 0 3
Frc: 5 | 0 1 0 0 0 0.5 0 1 0 0 0 0.5 1 0.5 0 0 0.5 1 0 0 0.5 0.5 0 0 1 0 0 1 
Int: 5 | 0 1 0 1 0 0 0 1 0 0 0 0 1 0 1 0 0 1 0 0 0 1 0 0 0 0 1 1 
BDS: 7 | 1 1 0 0 0 1 0 1 0 0 0 1 1 1 0 0 0 1 1 0 0 0 1 0 0 0 0 1 

1123: 6 7, 4 5, 1 8, 0 3
Frc: 5 | 0 1 0 0 0 0.5 0 1 0 0 0 0.5 1 0.5 0 0 0.5 1 0 0 0.5 0.5 0 0 1 0 0 1 
Int: 5 | 0 1 0 1 0 0 0 1 0 0 0 0 1 0 1 0 0 1 0 0 0 1 0 0 0 0 1 1 
BDS: 7 | 1 1 0 0 0 1 0 1 0 0 0 1 1 1 0 0 0 1 1 0 0 0 1 0 0 0 0 1 

1182: 6 8, 5 7, 2 4, 0 3
Frc: 5 | 1 0.5 0 1 0 0 0 0 0 0 0 0.5 0 0.5 0.5 0 1 1 0 0 0.5 0.5 0 0 0 0 1 1 
Int: 5 | 1 0 0 1 0 0 1 0 0 0 0 0 0 1 0 0 1 1 0 0 0 1 0 0 0 1 0 1 
BDS: 7 | 1 1 0 1 1 0 0 0 0 0 0 1 1 0 0 0 1 1 1 0 0 0 1 0 0 0 0 1 

1183: 5 7, 2 4, 1 8, 0 3
Frc: 5 | 1 0.5 0 1 0 0 0 0 0 0 0 0.5 0 0.5 0.5 0 1 1 0 0 0.5 0.5 0 0 0 0 1 1 
Int: 5 | 1 0 0 1 0 0 1 0 0 0 0 0 0 1 0 0 1 1 0 0 0 1 0 0 0 1 0 1 
BDS: 7 | 1 1 0 1 1 0 0 0 0 0 0 1 1 0 0 0 1 1 1 0 0 0 1 0 0 0 0 1 

Number of matchings : 1192
