9 28

7 8
6 8
6 7
5 8
5 7
4 8
4 6
4 5
3 8
3 7
3 6
2 8
2 7
2 6
2 5
2 4
1 8
1 7
1 6
1 5
1 4
1 3
0 8
0 7
0 6
0 5
0 4
0 3
----------

776: 5 7, 3 6, 2 8, 0 4
Frc: 5 | 0 0 0 0 1 0 0 0.5 0 0.5 1 1 0 0 0.5 0.5 1 0.5 0 0 0 0.5 0 0 1 0 1 0 
Int: 5 | 0 0 1 0 1 0 0 0 0 0 1 1 0 0 0 1 1 0 0 1 0 0 0 0 0 0 1 1 
BDS: 7 | 0 1 0 0 1 0 0 1 0 1 1 1 1 0 0 0 1 1 0 0 0 0 1 0 0 0 1 0 

777: 5 7, 3 6, 1 8, 0 4
Frc: 5 | 0 0 0 0 1 0 0 0.5 0 0.5 1 1 0 0 0.5 0.5 1 0.5 0 0 0 0.5 0 0 1 0 1 0 
Int: 5 | 0 0 1 0 1 0 0 0 0 0 1 1 0 0 0 1 1 0 0 1 0 0 0 0 0 0 1 1 
BDS: 7 | 0 1 0 0 1 0 0 1 0 1 1 1 1 0 0 0 1 1 0 0 0 0 1 0 0 0 1 0 

896: 4 6, 2 8, 1 3, 0 7
Frc: 5 | 0 0 0.5 1 0 0 1 0.5 0 0 0 1 0.5 0.5 0 0 0 0 0 0.5 0.5 1 0 1 0 0 0 1 
Int: 5 | 1 0 0 0 0 0 1 1 0 0 0 1 0 1 0 0 0 0 0 1 0 1 0 1 0 0 0 1 
BDS: 7 | 0 0 1 1 0 0 1 1 1 0 0 1 1 0 0 0 1 0 0 0 0 1 1 1 0 0 0 0 

972: 4 6, 2 8, 1 3, 0 5
Frc: 5 | 1 0 0.5 0 0 0 1 0.5 0 0 0 1 0 0 0.5 0.5 0 0.5 0.5 0 0 1 0 0 0 1 0 1 
Int: 5 | 0 1 0 0 0 0 1 1 0 0 0 1 1 0 0 0 0 1 0 0 0 1 0 0 0 1 0 1 
BDS: 7 | 1 0 1 0 0 0 1 1 1 0 0 1 1 0 0 0 1 0 0 0 0 1 1 0 0 1 0 0 

1054: 5 7, 4 6, 2 8, 0 3
Frc: 5 | 0 0 0 0 1 0 1 0.5 0 0.5 0 1 0 0 0.5 0.5 1 0.5 0 0 0 0.5 0 0 1 0 0 1 
Int: 5 | 1 0 0 0 1 0 1 0 0 0 0 1 0 1 0 0 0 0 0 1 0 1 0 0 0 0 1 1 
BDS: 7 | 0 1 0 0 1 0 1 1 0 1 0 1 1 0 0 0 1 1 0 0 0 0 1 0 0 0 0 1 

1055: 5 7, 4 6, 1 8, 0 3
Frc: 5 | 0 0 0 0 1 0 1 0.5 0 0.5 0 1 0 0 0.5 0.5 1 0.5 0 0 0 0.5 0 0 1 0 0 1 
Int: 5 | 0 0 0 0 1 1 1 0 0 0 0 0 1 1 0 0 1 0 0 0 0 1 0 0 0 1 0 1 
BDS: 7 | 0 1 0 0 1 0 1 1 0 1 0 1 1 0 0 0 1 1 0 0 0 0 1 0 0 0 0 1 

Number of matchings : 1185
