9 16

6 8
5 8
4 8
4 7
3 8
3 7
3 5
2 7
2 6
2 5
1 8
1 6
1 4
0 7
0 6
0 4
----------

158: 3 7, 2 5, 1 8, 0 6
Frc: 5 | 0 0.333333 0.333333 0.333333 0.333333 1 0.666667 0.333333 0.666667 1 1 0.333333 0.666667 0.333333 1 0.666667 
Int: 6 | 0 0 1 0 0 1 1 0 1 1 1 1 0 1 0 1 
BDS: 6 | 1 0 0 1 0 1 1 0 1 1 1 0 1 1 1 0 

210: 3 7, 2 5, 1 4, 0 6
Frc: 5 | 0 0.5 0.5 0 0.5 1 0.5 0.5 0.5 1 0.5 0.5 1 0.5 1 0.5 
Int: 6 | 0 0 1 0 1 0 1 1 0 1 0 1 1 1 1 0 
BDS: 7 | 0 1 1 1 1 1 0 0 1 1 1 0 1 1 1 0 

Number of matchings : 259
