9 20

7 8
6 8
5 8
4 8
4 7
4 6
3 7
3 5
2 8
2 7
2 6
2 4
1 6
1 5
1 3
0 8
0 7
0 6
0 4
0 2
----------

226: 5 8, 3 7, 2 4, 1 6
Frc: 5 | 0 0 1 0 0 0.5 1 0.5 0 0.5 0.5 1 1 0.5 0.5 1 0.5 0 0.5 0 
Int: 6 | 0 1 0 1 0 0 1 1 0 0 0 1 1 1 0 0 1 0 0 1 
BDS: 6 | 0 0 1 0 0 1 1 1 0 1 0 1 1 1 0 1 1 0 0 0 

281: 5 8, 3 7, 1 6, 0 4
Frc: 5 | 0 0 1 0 0.5 0 1 0.5 1 0.5 0 0.5 1 0.5 0.5 0 0 1 1 0 
Int: 6 | 0 1 0 0 1 0 1 1 1 0 0 0 1 1 0 0 0 0 1 1 
BDS: 6 | 0 0 1 0 1 0 1 1 1 0 1 0 1 1 0 1 0 0 1 0 

410: 5 8, 3 7, 1 6, 0 2
Frc: 5 | 0 0 1 0.5 1 0 1 0.5 0 0 1 0 1 0.5 0.5 0.5 0 0 0.5 1 
Int: 6 | 0 1 0 1 0 0 1 1 0 1 0 0 1 1 0 0 0 0 1 1 
BDS: 6 | 0 0 1 1 1 0 1 1 0 0 1 0 1 1 0 1 0 0 0 1 

Number of matchings : 446
