9 15

6 8
5 7
4 7
3 8
3 7
3 5
2 8
2 6
2 5
1 8
1 6
1 4
0 7
0 6
0 4
----------

119: 3 8, 2 5, 1 6, 0 7
Frc: 5 | 0.5 0.5 0 1 0.5 0.5 0.5 0.5 1 0 1 1 1 0 1 
Int: 6 | 1 0 0 0 1 1 1 0 1 0 1 1 1 0 1 
BDS: 6 | 1 1 0 1 1 0 1 0 1 0 1 1 1 0 1 

157: 3 7, 2 8, 1 4, 0 6
Frc: 5 | 0.5 0 0.5 0 1 1 1 0 1 0.5 0.5 1 0.5 1 0.5 
Int: 6 | 1 0 1 0 1 1 1 0 1 1 0 1 1 1 0 
BDS: 6 | 1 0 1 0 1 1 1 0 1 1 0 1 1 1 0 

167: 3 5, 2 8, 1 4, 0 6
Frc: 5 | 0 0.5 0.5 0.5 0.5 1 1 0.5 0.5 0.5 0.5 1 0.5 1 0.5 
Int: 6 | 1 0 0 0 1 1 1 0 1 0 1 1 1 0 1 
BDS: 6 | 0 1 1 1 0 1 1 1 0 1 0 1 1 1 0 

225: 3 8, 2 5, 1 6, 0 4
Frc: 5 | 0 0.5 0.5 1 0.5 0.5 0.5 0.5 1 0.5 1 0.5 0.5 0.5 1 
Int: 6 | 0 1 0 1 1 0 0 1 1 1 0 1 0 1 1 
BDS: 6 | 0 1 1 1 1 0 1 0 1 1 1 0 0 1 1 

Number of matchings : 226
