18 27

9 15
8 14
8 13
7 17
7 16
7 15
6 17
6 16
6 14
5 17
5 14
5 13
4 16
4 15
4 10
3 12
3 11
3 10
2 13
2 12
2 9
1 12
1 11
1 9
0 11
0 10
0 8
----------

21536: 8 14, 7 17, 6 16, 5 13, 4 15, 3 10, 2 9, 1 12, 0 11
Frc: 9 | 0.5 1 0.5 1 0.5 0.5 0.5 1 0.5 0.5 0.5 1 0.5 1 0.5 0.5 0.5 1 0.5 0.5 1 1 0.5 0.5 1 0.5 0.5 
Int: 9 | 1 1 0 1 1 0 0 1 1 1 0 1 0 1 1 1 0 1 1 0 1 1 1 0 1 0 1 
BDS: 13 | 1 1 1 1 0 1 1 1 1 1 0 1 1 1 1 1 1 1 1 0 1 1 0 1 1 0 1 

23130: 8 14, 7 16, 6 17, 5 13, 4 15, 3 12, 2 9, 1 11, 0 10
Frc: 9 | 0.5 1 0.5 0.5 1 0.5 1 0.5 0.5 0.5 0.5 1 0.5 1 0.5 1 0.5 0.5 0.5 0.5 1 0.5 1 0.5 0.5 1 0.5 
Int: 11 | 1 1 0 1 1 0 0 1 1 1 0 1 0 1 1 1 0 1 1 0 1 1 1 0 1 1 1 
BDS: 13 | 1 1 1 1 1 0 1 1 1 1 0 1 1 1 0 1 0 1 1 0 1 1 1 1 1 1 1 

