18 27

9 13
9 12
8 15
8 14
7 12
7 10
6 17
6 16
6 15
5 17
5 15
5 14
4 17
4 16
4 13
3 16
3 13
3 12
2 14
2 11
2 9
1 11
1 10
1 8
0 11
0 10
0 7
----------

21522: 8 14, 7 12, 6 15, 5 17, 4 13, 3 16, 2 9, 1 10, 0 11
Frc: 9 | 0.5 0.5 0.5 1 1 0.5 0.5 0.5 1 1 0.5 0.5 0.5 0.5 1 1 0.5 0.5 0.5 0.5 1 0.5 1 0.5 1 0.5 0.5 
Int: 10 | 1 0 0 1 1 1 0 1 1 1 1 1 1 0 1 1 0 1 0 1 1 0 1 1 1 0 1 
BDS: 13 | 1 0 1 1 1 1 1 1 1 1 0 1 1 0 1 1 1 1 1 1 1 1 1 0 1 0 1 

21527: 8 14, 7 12, 6 17, 5 15, 4 13, 3 16, 2 9, 1 10, 0 11
Frc: 9 | 0.5 0.5 0.5 1 1 0.5 1 0.5 0.5 0.5 1 0.5 0.5 0.5 1 1 0.5 0.5 0.5 0.5 1 0.5 1 0.5 1 0.5 0.5 
Int: 10 | 1 0 0 1 1 1 1 1 1 0 1 1 1 0 1 1 0 1 0 1 1 0 1 1 1 0 1 
BDS: 13 | 1 0 1 1 1 1 1 1 1 1 1 0 1 0 1 1 1 1 1 1 1 1 1 0 1 0 1 

21605: 8 15, 7 12, 6 16, 5 14, 4 17, 3 13, 2 9, 1 10, 0 11
Frc: 9 | 0.5 0.5 1 0.5 1 0.5 0.5 1 0.5 0.5 0.5 1 1 0.5 0.5 0.5 1 0.5 0.5 0.5 1 0.5 1 0.5 1 0.5 0.5 
Int: 10 | 0 1 1 0 1 1 0 1 1 1 0 1 1 0 1 1 1 0 1 0 1 1 0 1 1 1 0 
BDS: 13 | 0 1 1 1 1 1 1 1 1 1 0 1 1 0 1 1 1 1 1 1 1 1 1 0 1 1 0 

