18 27

9 17
9 16
8 17
8 16
7 15
7 10
6 16
6 14
6 13
5 15
5 14
5 12
4 14
4 13
4 12
3 13
3 12
3 11
2 17
2 15
2 9
1 11
1 10
1 8
0 11
0 10
0 7
----------

32638: 9 16, 8 17, 6 13, 5 14, 4 12, 3 11, 2 15, 1 10, 0 7
Frc: 9 | 0.5 1 1 0.5 0.5 0.5 0.5 0.5 1 0.5 1 0.5 0.5 0.5 1 0.5 0.5 1 0.5 1 0.5 0.5 1 0.5 0.5 0.5 1 
Int: 10 | 1 1 0 1 0 1 0 1 1 1 1 0 0 1 1 0 1 1 1 1 0 0 1 1 1 0 1 
BDS: 13 | 1 1 1 1 1 1 1 1 1 1 1 1 0 1 1 1 0 1 1 1 0 1 1 0 1 0 1 

32640: 9 17, 8 16, 6 13, 5 14, 4 12, 3 11, 2 15, 1 10, 0 7
Frc: 9 | 1 0.5 0.5 1 0.5 0.5 0.5 0.5 1 0.5 1 0.5 0.5 0.5 1 0.5 0.5 1 0.5 1 0.5 0.5 1 0.5 0.5 0.5 1 
Int: 9 | 1 1 0 1 0 1 0 1 1 1 1 0 0 1 1 0 1 1 1 1 0 0 1 1 1 0 1 
BDS: 13 | 1 1 1 1 1 1 1 1 1 1 1 1 0 1 1 1 0 1 1 1 0 1 1 0 1 0 1 

