18 27

9 17
9 13
8 15
8 14
7 14
7 10
6 17
6 16
6 15
5 16
5 15
5 14
4 17
4 16
4 12
3 13
3 11
3 10
2 13
2 12
2 9
1 12
1 11
1 8
0 11
0 10
0 7
----------

25936: 9 13, 7 14, 6 17, 5 15, 4 16, 3 10, 2 12, 1 8, 0 11
Frc: 9 | 0.5 1 0.5 0.5 1 0.5 1 0.5 0.5 0.5 1 0.5 0.5 1 0.5 0.5 0.5 1 0.5 1 0.5 0.5 0.5 1 1 0.5 0.5 
Int: 11 | 0 1 1 0 1 1 1 1 0 1 1 1 1 0 1 1 0 1 0 1 1 0 1 1 1 1 0 
BDS: 13 | 1 1 0 1 1 1 1 0 1 1 1 1 1 1 1 1 0 1 1 1 0 1 1 1 1 1 0 

32463: 9 13, 8 15, 6 17, 5 14, 4 16, 3 10, 2 12, 1 11, 0 7
Frc: 9 | 0.5 1 1 0.5 0.5 0.5 1 0.5 0.5 0.5 0.5 1 0.5 1 0.5 0.5 0.5 1 0.5 1 0.5 0.5 1 0.5 0.5 0.5 1 
Int: 9 | 1 1 1 0 1 0 1 0 1 1 0 1 0 1 1 0 1 1 1 1 0 0 1 1 0 1 1 
BDS: 13 | 1 1 1 1 1 1 1 1 1 1 0 1 0 1 1 0 1 1 1 1 1 1 1 0 1 0 1 

