18 27

9 17
9 15
8 17
8 16
7 13
7 10
6 17
6 16
6 14
5 16
5 15
5 14
4 15
4 12
4 11
3 12
3 11
3 10
2 14
2 13
2 9
1 13
1 12
1 8
0 11
0 10
0 7
----------

21536: 8 17, 7 13, 6 14, 5 16, 4 15, 3 10, 2 9, 1 12, 0 11
Frc: 9 | 0.5 0.5 1 0.5 1 0.5 0.5 0.5 1 1 0.5 0.5 1 0.5 0.5 0.5 0.5 1 0.5 0.5 1 0.5 1 0.5 1 0.5 0.5 
Int: 10 | 1 0 1 0 1 1 0 1 1 1 1 0 1 0 1 1 0 1 1 0 1 1 1 1 1 1 0 
BDS: 13 | 1 1 1 1 1 1 0 1 1 1 1 0 1 1 1 1 0 1 1 1 1 1 1 0 1 1 0 

21548: 8 16, 7 13, 6 17, 5 14, 4 15, 3 10, 2 9, 1 12, 0 11
Frc: 9 | 0.5 0.5 0.5 1 1 0.5 1 0.5 0.5 0.5 0.5 1 1 0.5 0.5 0.5 0.5 1 0.5 0.5 1 0.5 1 0.5 1 0.5 0.5 
Int: 10 | 1 1 0 1 1 1 1 0 1 1 0 1 1 0 1 1 0 1 0 1 1 0 1 1 1 0 1 
BDS: 13 | 1 1 0 1 1 1 1 1 1 0 1 1 1 1 1 0 1 1 0 1 1 1 1 1 1 0 1 

