18 27

10 12
9 11
8 16
8 12
7 17
7 15
6 17
6 16
6 15
5 17
5 16
5 13
4 15
4 14
4 10
3 14
3 12
3 10
2 14
2 13
2 9
1 13
1 11
1 8
0 11
0 9
0 7
----------

20689: 8 12, 7 15, 6 16, 5 17, 4 10, 3 14, 2 13, 1 11, 0 9
Frc: 9 | 0.5 0.5 0.5 1 0.5 1 0.5 1 0.5 1 0.5 0.5 0.5 0.5 1 1 0.5 0.5 0.5 1 0.5 0.5 1 0.5 0.5 1 0.5 
Int: 10 | 1 1 1 1 0 1 1 1 0 1 0 1 1 0 1 1 0 1 1 1 0 0 1 1 0 1 1 
BDS: 13 | 0 1 1 1 1 1 0 1 1 1 1 1 1 1 1 1 1 1 0 1 1 0 1 1 0 1 1 

21927: 8 12, 7 15, 6 16, 5 17, 4 14, 3 10, 2 13, 1 11, 0 9
Frc: 9 | 0.5 0.5 0.5 1 0.5 1 0.5 1 0.5 1 0.5 0.5 0.5 1 0.5 0.5 0.5 1 0.5 1 0.5 0.5 1 0.5 0.5 1 0.5 
Int: 10 | 1 0 0 1 1 1 1 1 0 0 1 1 1 1 0 1 0 1 0 1 1 0 1 1 1 1 0 
BDS: 13 | 0 1 1 1 1 1 0 1 1 1 1 1 1 1 1 1 1 1 0 1 1 0 1 1 0 1 1 

