18 27

10 17
9 13
8 17
8 15
7 14
7 13
6 15
6 14
6 11
5 17
5 16
5 10
4 16
4 15
4 10
3 14
3 13
3 9
2 16
2 12
2 9
1 12
1 11
1 8
0 12
0 11
0 7
----------

20990: 8 17, 7 13, 6 15, 5 10, 4 16, 3 14, 2 9, 1 12, 0 11
Frc: 9 | 0.5 0.5 1 0.5 0.5 1 1 0.5 0.5 0.5 0.5 1 1 0.5 0.5 1 0.5 0.5 0.5 0.5 1 1 0.5 0.5 0.5 1 0.5 
Int: 10 | 0 1 1 1 0 1 1 1 0 1 0 1 1 0 1 1 1 0 1 1 1 1 1 0 0 1 1 
BDS: 13 | 1 1 1 1 1 1 1 1 1 1 0 1 1 0 1 1 0 1 1 1 1 1 0 1 1 1 0 

21963: 8 17, 7 13, 6 15, 5 16, 4 10, 3 14, 2 9, 1 12, 0 11
Frc: 9 | 0.5 0.5 1 0.5 0.5 1 1 0.5 0.5 0.5 1 0.5 0.5 0.5 1 1 0.5 0.5 0.5 0.5 1 1 0.5 0.5 0.5 1 0.5 
Int: 11 | 0 0 1 1 0 1 1 1 0 1 0 1 1 0 1 1 1 1 1 1 1 1 1 0 0 1 1 
BDS: 13 | 1 1 1 1 1 1 1 1 0 0 1 1 1 0 1 1 0 1 1 1 1 1 1 1 0 1 1 

