18 27

10 17
9 15
8 14
8 13
7 14
7 11
6 16
6 12
6 11
5 17
5 16
5 10
4 16
4 15
4 10
3 15
3 14
3 9
2 17
2 13
2 9
1 13
1 12
1 8
0 12
0 11
0 7
----------

25431: 10 17, 7 14, 6 11, 5 16, 4 15, 3 9, 2 13, 1 8, 0 12
Frc: 9 | 1 0.5 0.5 0.5 1 0.5 0.5 0.5 1 0.5 1 0.5 0.5 1 0.5 0.5 0.5 1 0.5 1 0.5 0.5 0.5 1 1 0.5 0.5 
Int: 10 | 1 0 1 0 1 1 1 1 1 1 1 0 0 1 1 1 0 1 0 1 1 1 0 1 1 1 0 
BDS: 13 | 1 0 1 0 1 1 0 1 1 1 1 0 1 1 1 1 1 1 1 1 1 1 1 1 1 1 0 

31743: 10 17, 8 13, 6 11, 5 16, 4 15, 3 14, 2 9, 1 12, 0 7
Frc: 9 | 1 0.5 0.5 1 0.5 0.5 0.5 0.5 1 0.5 1 0.5 0.5 1 0.5 0.5 1 0.5 0.5 0.5 1 0.5 1 0.5 0.5 0.5 1 
Int: 10 | 1 1 1 1 0 1 1 0 1 0 1 1 0 1 1 1 1 0 1 0 1 1 1 0 1 0 1 
BDS: 13 | 1 1 1 1 1 1 0 1 1 1 1 1 1 1 0 1 1 0 1 1 1 1 1 0 1 0 1 

