18 27

10 15
9 11
8 17
8 15
7 14
7 13
6 17
6 16
6 12
5 15
5 14
5 10
4 13
4 12
4 10
3 17
3 16
3 9
2 14
2 13
2 9
1 16
1 11
1 8
0 12
0 11
0 7
----------

25666: 9 11, 7 14, 6 16, 5 15, 4 10, 3 17, 2 13, 1 8, 0 12
Frc: 9 | 0.5 1 0.5 0.5 1 0.5 0.5 1 0.5 1 0.5 0.5 0.5 0.5 1 1 0.5 0.5 0.5 1 0.5 0.5 0.5 1 1 0.5 0.5 
Int: 9 | 1 1 1 0 1 0 0 1 1 1 1 0 1 0 1 1 1 0 0 1 1 0 1 1 1 0 1 
BDS: 13 | 1 1 1 1 1 1 0 1 1 1 1 0 1 1 1 1 1 1 0 1 1 0 1 1 1 1 0 

25668: 9 11, 7 14, 6 17, 5 15, 4 10, 3 16, 2 13, 1 8, 0 12
Frc: 9 | 0.5 1 0.5 0.5 1 0.5 1 0.5 0.5 1 0.5 0.5 0.5 0.5 1 0.5 1 0.5 0.5 1 0.5 0.5 0.5 1 1 0.5 0.5 
Int: 10 | 1 1 1 0 1 0 0 1 1 1 1 0 1 0 1 1 1 0 0 1 1 0 1 1 1 0 1 
BDS: 13 | 1 1 0 1 1 1 1 0 1 1 1 0 1 1 1 1 1 1 0 1 1 1 1 1 1 1 0 

