18 27

10 15
9 11
8 17
8 16
7 16
7 15
6 14
6 13
6 12
5 16
5 14
5 10
4 17
4 13
4 10
3 14
3 12
3 9
2 12
2 11
2 9
1 17
1 15
1 8
0 13
0 11
0 7
----------

17600: 8 16, 7 15, 6 13, 5 14, 4 10, 3 9, 2 12, 1 17, 0 11
Frc: 9 | 0.5 0.5 0.5 1 0.5 1 0.5 1 0.5 0.5 1 0.5 0.5 0.5 1 0.5 0.5 1 1 0.5 0.5 1 0.5 0.5 0.5 1 0.5 
Int: 10 | 1 1 1 1 0 1 0 1 1 1 1 0 0 1 1 1 0 1 1 0 1 1 1 0 0 1 1 
BDS: 13 | 1 1 1 1 1 1 1 1 0 1 1 0 1 1 1 1 1 1 1 1 0 1 1 0 1 1 0 

17605: 8 17, 7 16, 6 13, 5 14, 4 10, 3 9, 2 12, 1 15, 0 11
Frc: 9 | 0.5 0.5 1 0.5 1 0.5 0.5 1 0.5 0.5 1 0.5 0.5 0.5 1 0.5 0.5 1 1 0.5 0.5 0.5 1 0.5 0.5 1 0.5 
Int: 10 | 1 1 1 1 1 0 0 1 1 1 1 0 0 1 1 1 0 1 1 0 1 1 1 0 0 1 1 
BDS: 13 | 0 1 1 1 1 1 0 1 1 1 1 1 1 1 1 1 1 1 1 1 0 1 1 0 1 1 0 

22054: 8 17, 7 16, 6 13, 5 14, 4 10, 3 12, 2 9, 1 15, 0 11
Frc: 9 | 0.5 0.5 1 0.5 1 0.5 0.5 1 0.5 0.5 1 0.5 0.5 0.5 1 0.5 1 0.5 0.5 0.5 1 0.5 1 0.5 0.5 1 0.5 
Int: 10 | 1 1 1 1 1 0 1 1 0 1 1 0 0 1 1 1 1 0 1 0 1 1 1 0 0 1 1 
BDS: 13 | 0 1 1 1 1 1 1 1 0 1 1 1 1 0 1 1 1 0 1 1 1 1 1 0 1 1 1 

25948: 10 15, 7 16, 6 13, 5 14, 4 17, 3 9, 2 12, 1 8, 0 11
Frc: 9 | 1 0.5 0.5 0.5 1 0.5 0.5 1 0.5 0.5 1 0.5 1 0.5 0.5 0.5 0.5 1 1 0.5 0.5 0.5 0.5 1 0.5 1 0.5 
Int: 10 | 1 0 0 1 1 1 0 1 1 0 1 1 1 1 0 1 0 1 1 1 1 1 0 1 0 1 1 
BDS: 13 | 1 1 0 1 1 0 1 1 0 1 1 1 1 1 0 1 1 1 1 1 0 1 1 1 1 1 1 

