18 27

10 17
9 11
8 16
8 15
7 16
7 12
6 17
6 15
6 13
5 17
5 16
5 10
4 14
4 13
4 10
3 14
3 12
3 9
2 12
2 11
2 9
1 15
1 14
1 8
0 13
0 11
0 7
----------

17044: 8 15, 7 12, 6 17, 5 16, 4 10, 3 9, 2 11, 1 14, 0 13
Frc: 9 | 0.5 0.5 0.5 1 0.5 1 1 0.5 0.5 0.5 1 0.5 0.5 0.5 1 0.5 0.5 1 0.5 1 0.5 0.5 1 0.5 1 0.5 0.5 
Int: 10 | 0 0 1 1 1 1 1 0 1 1 0 1 1 0 1 0 1 1 0 1 1 1 1 0 1 1 0 
BDS: 13 | 1 1 1 1 1 1 1 1 1 0 1 1 0 1 1 1 1 1 1 1 0 0 1 1 1 1 0 

17048: 8 16, 7 12, 6 15, 5 17, 4 10, 3 9, 2 11, 1 14, 0 13
Frc: 9 | 0.5 0.5 1 0.5 0.5 1 0.5 1 0.5 1 0.5 0.5 0.5 0.5 1 0.5 0.5 1 0.5 1 0.5 0.5 1 0.5 1 0.5 0.5 
Int: 10 | 1 0 0 1 1 1 0 1 1 1 1 0 1 0 1 0 1 1 0 1 1 0 1 1 1 1 0 
BDS: 13 | 0 1 1 0 1 1 1 1 1 1 1 1 0 1 1 1 1 1 1 1 0 1 1 1 1 1 0 

