18 27

9 16
8 14
8 13
7 17
7 16
7 15
6 15
6 14
6 12
5 14
5 13
5 12
4 17
4 16
4 11
3 17
3 15
3 10
2 12
2 11
2 10
1 11
1 10
1 9
0 13
0 9
0 8
----------

25330: 8 14, 7 17, 6 15, 5 13, 4 16, 3 10, 2 12, 1 11, 0 9
Frc: 9 | 0.5 1 0.5 1 0.5 0.5 1 0.5 0.5 0.5 1 0.5 0.5 1 0.5 0.5 0.5 1 1 0.5 0.5 1 0.5 0.5 0.5 1 0.5 
Int: 10 | 1 1 1 1 0 1 1 1 0 0 1 1 1 1 0 1 0 1 1 1 0 1 1 0 0 1 1 
BDS: 13 | 0 1 0 1 1 1 1 1 1 1 1 0 1 1 1 1 0 1 1 0 1 1 1 1 1 1 1 

26636: 8 14, 7 16, 6 12, 5 13, 4 17, 3 15, 2 10, 1 11, 0 9
Frc: 9 | 0.5 1 0.5 0.5 1 0.5 0.5 0.5 1 0.5 1 0.5 1 0.5 0.5 0.5 1 0.5 0.5 0.5 1 1 0.5 0.5 0.5 1 0.5 
Int: 10 | 1 1 1 0 1 1 0 1 1 1 1 0 1 0 1 1 1 0 1 0 1 1 1 0 1 1 0 
BDS: 13 | 1 1 0 0 1 1 1 0 1 1 1 1 1 1 0 1 1 1 1 1 1 1 0 1 1 1 1 

