18 27

9 13
8 16
8 15
7 17
7 15
7 13
6 14
6 13
6 12
5 17
5 16
5 11
4 15
4 14
4 10
3 14
3 12
3 10
2 17
2 16
2 9
1 11
1 10
1 9
0 12
0 11
0 8
----------

19881: 8 16, 7 15, 6 13, 5 17, 4 10, 3 14, 2 9, 1 11, 0 12
Frc: 9 | 0.5 1 0.5 0.5 1 0.5 0.5 1 0.5 1 0.5 0.5 0.5 0.5 1 1 0.5 0.5 0.5 0.5 1 1 0.5 0.5 1 0.5 0.5 
Int: 10 | 1 1 0 1 1 0 1 1 0 0 1 1 1 0 1 1 1 0 1 0 1 1 1 0 1 0 1 
BDS: 13 | 1 1 0 1 1 1 1 1 0 1 1 0 1 1 1 1 1 1 0 1 1 1 0 1 1 1 1 

22651: 8 16, 7 15, 6 13, 5 17, 4 14, 3 12, 2 9, 1 10, 0 11
Frc: 9 | 0.5 1 0.5 0.5 1 0.5 0.5 1 0.5 1 0.5 0.5 0.5 1 0.5 0.5 1 0.5 0.5 0.5 1 0.5 1 0.5 0.5 1 0.5 
Int: 10 | 0 1 1 0 1 1 1 1 0 1 1 1 0 1 1 1 1 0 1 0 1 0 1 1 1 1 0 
BDS: 13 | 1 1 0 1 1 1 0 1 1 1 1 1 1 1 0 1 1 1 0 1 1 0 1 1 1 1 1 

