18 27

9 12
8 17
8 16
7 16
7 14
7 13
6 17
6 15
6 12
5 16
5 15
5 12
4 15
4 14
4 11
3 14
3 13
3 10
2 13
2 11
2 10
1 11
1 10
1 9
0 17
0 9
0 8
----------

28386: 8 17, 7 16, 6 12, 5 15, 4 14, 3 13, 2 11, 1 10, 0 9
Frc: 9 | 0.5 1 0.5 1 0.5 0.5 0.5 0.5 1 0.5 1 0.5 0.5 1 0.5 0.5 1 0.5 0.5 1 0.5 0.5 1 0.5 0.5 1 0.5 
Int: 10 | 0 1 1 1 1 0 1 0 1 0 1 1 1 1 1 0 1 1 1 1 0 0 1 1 0 1 1 
BDS: 13 | 0 1 1 1 1 1 1 0 1 1 1 1 1 1 1 0 1 1 1 1 0 1 1 1 1 1 0 

28522: 8 16, 7 14, 6 17, 5 12, 4 15, 3 13, 2 11, 1 10, 0 9
Frc: 9 | 0.5 0.5 1 0.5 1 0.5 1 0.5 0.5 0.5 0.5 1 1 0.5 0.5 0.5 1 0.5 0.5 1 0.5 0.5 1 0.5 0.5 1 0.5 
Int: 10 | 0 1 1 1 1 0 1 0 1 0 1 1 1 1 1 0 1 1 1 1 0 0 1 1 0 1 1 
BDS: 13 | 1 0 1 0 1 1 1 1 0 1 1 1 1 1 0 1 1 1 1 1 0 1 1 1 1 1 1 

