18 27

10 13
9 17
9 16
8 17
8 16
7 17
7 14
6 14
6 12
5 15
5 13
5 11
4 13
4 12
4 10
3 16
3 15
3 9
2 15
2 14
2 8
1 12
1 11
1 7
0 11
0 10
0 6
----------

25328: 9 16, 8 17, 6 12, 5 11, 4 13, 3 15, 2 14, 1 7, 0 10
Frc: 9 | 0.5 0.5 1 1 0.5 0.5 0.5 0.5 1 0.5 0.5 1 1 0.5 0.5 0.5 1 0.5 0.5 1 0.5 0.5 0.5 1 0.5 1 0.5 
Int: 10 | 1 1 1 1 0 1 0 1 1 1 0 1 1 1 0 1 1 0 0 1 1 0 1 1 1 1 0 
BDS: 13 | 1 1 1 1 1 1 1 0 1 1 1 1 1 1 0 1 1 0 1 1 0 1 1 1 0 1 1 

25330: 9 17, 8 16, 6 12, 5 11, 4 13, 3 15, 2 14, 1 7, 0 10
Frc: 9 | 0.5 1 0.5 0.5 1 0.5 0.5 0.5 1 0.5 0.5 1 1 0.5 0.5 0.5 1 0.5 0.5 1 0.5 0.5 0.5 1 0.5 1 0.5 
Int: 10 | 1 1 1 0 1 1 0 1 1 1 0 1 1 1 0 1 1 0 0 1 1 0 1 1 1 1 0 
BDS: 13 | 1 1 1 1 1 1 1 0 1 1 1 1 1 1 0 1 1 0 1 1 0 1 1 1 0 1 1 

