18 27

9 10
8 13
8 12
7 17
7 16
7 15
6 17
6 15
6 14
5 17
5 16
5 13
4 16
4 13
4 12
3 15
3 14
3 11
2 12
2 11
2 9
1 11
1 10
1 9
0 14
0 10
0 8
----------

22547: 8 12, 7 15, 6 17, 5 13, 4 16, 3 14, 2 9, 1 11, 0 10
Frc: 9 | 0.5 0.5 1 0.5 0.5 1 1 0.5 0.5 0.5 0.5 1 1 0.5 0.5 0.5 1 0.5 0.5 0.5 1 1 0.5 0.5 0.5 1 0.5 
Int: 11 | 1 1 1 0 1 1 1 0 1 1 0 1 1 0 1 1 1 1 0 1 1 1 0 1 0 1 1 
BDS: 13 | 1 1 1 0 1 1 1 1 1 1 1 1 1 0 1 0 1 1 1 1 1 1 1 0 0 1 1 

22763: 8 13, 7 16, 6 15, 5 17, 4 12, 3 14, 2 9, 1 11, 0 10
Frc: 9 | 0.5 1 0.5 0.5 1 0.5 0.5 1 0.5 1 0.5 0.5 0.5 0.5 1 0.5 1 0.5 0.5 0.5 1 1 0.5 0.5 0.5 1 0.5 
Int: 10 | 1 1 0 0 1 1 1 1 1 1 0 1 1 0 1 0 1 1 1 0 1 1 0 1 0 1 1 
BDS: 13 | 1 1 1 0 1 1 1 1 1 1 1 1 1 0 1 1 1 1 0 1 1 1 1 0 0 1 1 

28245: 8 12, 7 15, 6 17, 5 13, 4 16, 3 14, 2 11, 1 9, 0 10
Frc: 9 | 0.5 0.5 1 0.5 0.5 1 1 0.5 0.5 0.5 0.5 1 1 0.5 0.5 0.5 1 0.5 0.5 1 0.5 0.5 0.5 1 0.5 1 0.5 
Int: 10 | 0 1 1 0 1 1 1 1 1 1 0 1 1 0 1 0 1 1 0 1 1 0 1 1 0 1 1 
BDS: 13 | 1 0 1 1 1 1 1 0 1 1 0 1 1 1 1 1 1 0 1 1 0 1 1 1 1 1 1 

