18 27

8 17
8 16
8 15
7 17
7 16
7 13
6 17
6 14
6 13
5 16
5 15
5 12
4 15
4 14
4 11
3 14
3 13
3 10
2 12
2 11
2 9
1 12
1 10
1 9
0 11
0 10
0 9
----------

21487: 8 15, 7 17, 6 13, 5 16, 4 11, 3 14, 2 9, 1 12, 0 10
Frc: 9 | 0.5 0.5 1 1 0.5 0.5 0.5 0.5 1 1 0.5 0.5 0.5 0.5 1 1 0.5 0.5 0.5 0.5 1 1 0.5 0.5 0.5 1 0.5 
Int: 10 | 0 1 1 1 1 0 1 0 1 0 1 1 0 1 1 1 1 0 0 1 1 1 1 0 0 1 1 
BDS: 13 | 1 0 1 1 1 1 1 1 1 1 1 1 1 0 1 1 0 1 0 1 1 1 1 1 1 1 0 

28915: 8 17, 7 16, 6 14, 5 12, 4 15, 3 13, 2 11, 1 9, 0 10
Frc: 9 | 1 0.5 0.5 0.5 1 0.5 0.5 1 0.5 0.5 0.5 1 1 0.5 0.5 0.5 1 0.5 0.5 1 0.5 0.5 0.5 1 0.5 1 0.5 
Int: 9 | 1 1 0 0 1 1 1 1 0 0 1 1 1 1 0 0 1 1 0 1 1 1 0 1 1 1 0 
BDS: 13 | 1 1 1 0 1 1 1 1 1 1 0 1 1 1 1 0 1 1 1 1 1 0 1 1 1 1 0 

