18 27

9 10
8 12
8 11
7 17
7 15
7 14
6 17
6 16
6 13
5 14
5 13
5 12
4 13
4 12
4 11
3 16
3 15
3 10
2 17
2 16
2 9
1 15
1 14
1 9
0 11
0 10
0 8
----------

22612: 8 12, 7 14, 6 17, 5 13, 4 11, 3 16, 2 9, 1 15, 0 10
Frc: 9 | 0.5 1 0.5 0.5 0.5 1 1 0.5 0.5 0.5 1 0.5 0.5 0.5 1 1 0.5 0.5 0.5 0.5 1 1 0.5 0.5 0.5 1 0.5 
Int: 10 | 0 1 1 0 1 1 1 1 0 1 1 0 1 1 1 1 0 1 1 0 1 1 0 1 1 1 0 
BDS: 13 | 1 1 0 1 1 1 1 1 1 1 1 1 0 1 1 1 0 1 1 0 1 1 0 1 1 1 1 

28424: 8 12, 7 14, 6 16, 5 13, 4 11, 3 15, 2 17, 1 9, 0 10
Frc: 9 | 0.5 1 0.5 0.5 0.5 1 0.5 1 0.5 0.5 1 0.5 0.5 0.5 1 0.5 1 0.5 1 0.5 0.5 0.5 0.5 1 0.5 1 0.5 
Int: 11 | 0 1 1 1 0 1 1 1 0 1 1 0 1 1 0 0 1 1 0 1 1 1 0 1 1 1 0 
BDS: 13 | 1 1 0 1 1 1 0 1 1 1 1 1 0 1 1 1 1 0 1 1 1 1 0 1 1 1 1 

