18 27

8 17
8 16
8 14
7 16
7 15
7 14
6 17
6 16
6 13
5 17
5 15
5 11
4 13
4 12
4 11
3 15
3 14
3 10
2 13
2 12
2 9
1 12
1 10
1 9
0 11
0 10
0 9
----------

21041: 8 17, 7 14, 6 16, 5 11, 4 13, 3 15, 2 9, 1 12, 0 10
Frc: 9 | 1 0.5 0.5 0.5 0.5 1 0.5 1 0.5 0.5 0.5 1 1 0.5 0.5 1 0.5 0.5 0.5 0.5 1 1 0.5 0.5 0.5 1 0.5 
Int: 11 | 0 1 1 0 1 1 1 1 0 1 0 1 1 1 0 1 0 1 1 0 1 1 1 0 1 0 1 
BDS: 13 | 1 0 1 1 1 1 1 1 0 1 0 1 1 1 1 1 1 1 1 0 1 1 1 1 1 1 0 

21056: 8 16, 7 15, 6 17, 5 11, 4 13, 3 14, 2 9, 1 12, 0 10
Frc: 9 | 0.5 1 0.5 0.5 1 0.5 1 0.5 0.5 0.5 0.5 1 1 0.5 0.5 0.5 1 0.5 0.5 0.5 1 1 0.5 0.5 0.5 1 0.5 
Int: 11 | 1 1 0 1 0 1 1 0 1 0 1 1 1 1 1 1 1 0 1 0 1 1 1 0 0 1 1 
BDS: 13 | 1 1 0 1 1 1 1 0 1 1 1 1 1 1 1 0 1 1 1 0 1 1 1 1 1 1 0 

