18 27

9 10
8 13
8 12
7 17
7 16
7 15
6 17
6 16
6 14
5 17
5 13
5 12
4 16
4 15
4 11
3 15
3 14
3 10
2 14
2 13
2 9
1 11
1 10
1 9
0 12
0 11
0 8
----------

22543: 8 13, 7 17, 6 14, 5 12, 4 16, 3 15, 2 9, 1 10, 0 11
Frc: 9 | 0.5 1 0.5 1 0.5 0.5 0.5 0.5 1 0.5 0.5 1 1 0.5 0.5 1 0.5 0.5 0.5 0.5 1 0.5 1 0.5 0.5 1 0.5 
Int: 10 | 0 1 1 1 0 1 0 1 1 1 0 1 1 0 1 1 1 1 0 1 1 0 1 1 1 1 0 
BDS: 13 | 0 1 1 1 1 1 1 0 1 1 1 1 1 0 1 1 1 1 1 0 1 1 1 1 0 1 1 

27938: 8 13, 7 15, 6 17, 5 12, 4 16, 3 10, 2 14, 1 9, 0 11
Frc: 9 | 0.5 1 0.5 0.5 0.5 1 1 0.5 0.5 0.5 0.5 1 1 0.5 0.5 0.5 0.5 1 1 0.5 0.5 0.5 0.5 1 0.5 1 0.5 
Int: 10 | 0 1 1 0 1 1 1 0 1 1 0 1 1 0 1 1 0 1 1 1 1 0 1 1 1 1 0 
BDS: 13 | 0 1 1 1 1 1 1 0 1 0 1 1 1 0 1 1 1 1 1 1 1 1 1 1 1 1 0 

