18 27

9 10
8 14
8 12
7 15
7 14
7 13
6 16
6 13
6 12
5 17
5 16
5 11
4 15
4 14
4 11
3 17
3 16
3 10
2 17
2 15
2 9
1 11
1 10
1 9
0 13
0 12
0 8
----------

22006: 8 12, 7 15, 6 16, 5 11, 4 14, 3 17, 2 9, 1 10, 0 13
Frc: 9 | 0.5 0.5 1 1 0.5 0.5 1 0.5 0.5 0.5 0.5 1 0.5 1 0.5 1 0.5 0.5 0.5 0.5 1 0.5 1 0.5 1 0.5 0.5 
Int: 10 | 0 0 1 1 1 1 1 0 1 1 1 1 0 1 1 1 0 1 0 1 1 0 1 1 1 0 1 
BDS: 13 | 0 1 1 1 1 1 1 1 0 0 1 1 0 1 1 1 1 1 1 1 1 1 1 1 1 1 0 

27835: 8 14, 7 15, 6 12, 5 16, 4 11, 3 10, 2 17, 1 9, 0 13
Frc: 9 | 0.5 1 0.5 1 0.5 0.5 0.5 0.5 1 0.5 1 0.5 0.5 0.5 1 0.5 0.5 1 1 0.5 0.5 0.5 0.5 1 1 0.5 0.5 
Int: 10 | 1 1 1 1 0 1 1 0 1 1 1 0 0 1 1 1 0 1 1 1 0 1 0 1 1 0 1 
BDS: 13 | 1 1 1 1 1 0 1 1 1 1 1 1 1 0 1 0 1 1 1 1 1 1 0 1 1 0 1 

