18 27

9 10
8 13
8 10
7 17
7 16
7 15
6 17
6 16
6 14
5 16
5 14
5 13
4 17
4 15
4 12
3 14
3 13
3 11
2 15
2 12
2 9
1 12
1 11
1 9
0 11
0 10
0 8
----------

26895: 8 10, 7 16, 6 17, 5 14, 4 12, 3 13, 2 15, 1 9, 0 11
Frc: 9 | 0.5 0.5 1 0.5 1 0.5 1 0.5 0.5 0.5 1 0.5 0.5 0.5 1 0.5 1 0.5 1 0.5 0.5 0.5 0.5 1 1 0.5 0.5 
Int: 10 | 0 1 1 0 1 1 1 1 0 1 1 0 1 0 1 1 1 0 1 1 1 0 1 1 1 1 0 
BDS: 13 | 1 1 1 0 1 1 1 1 1 0 1 1 1 1 1 0 1 1 1 0 1 1 1 1 1 0 1 

27098: 8 10, 7 15, 6 14, 5 16, 4 17, 3 13, 2 12, 1 9, 0 11
Frc: 9 | 0.5 0.5 1 0.5 0.5 1 0.5 0.5 1 1 0.5 0.5 1 0.5 0.5 0.5 1 0.5 0.5 1 0.5 0.5 0.5 1 1 0.5 0.5 
Int: 10 | 1 0 1 0 1 1 1 0 1 1 1 1 1 0 1 0 1 1 1 1 0 1 0 1 1 0 1 
BDS: 13 | 1 1 1 0 1 1 1 1 1 1 0 1 1 1 1 1 1 1 0 1 1 0 1 1 1 1 0 

