18 27

10 17
9 13
8 11
7 15
7 14
7 12
6 16
6 13
6 11
5 17
5 16
5 10
4 16
4 15
4 10
3 17
3 14
3 9
2 15
2 13
2 9
1 14
1 12
1 8
0 12
0 11
0 8
----------

23420: 9 13, 7 14, 6 11, 5 10, 4 16, 3 17, 2 15, 1 8, 0 12
Frc: 9 | 0.5 1 0.5 0.5 1 0.5 0.5 0.5 1 0.5 0.5 1 1 0.5 0.5 1 0.5 0.5 1 0.5 0.5 0.5 0.5 1 1 0.5 0.5 
Int: 10 | 1 1 0 0 1 1 0 1 1 0 1 1 1 1 0 1 1 0 1 0 1 0 1 1 0 1 1 
BDS: 13 | 1 1 1 1 1 0 1 1 1 1 0 1 1 0 1 1 1 1 1 1 0 1 1 1 1 1 0 

24314: 9 13, 7 14, 6 11, 5 16, 4 10, 3 17, 2 15, 1 8, 0 12
Frc: 9 | 0.5 1 0.5 0.5 1 0.5 0.5 0.5 1 0.5 1 0.5 0.5 0.5 1 1 0.5 0.5 1 0.5 0.5 0.5 0.5 1 1 0.5 0.5 
Int: 11 | 1 1 0 0 1 1 1 0 1 1 1 0 0 1 1 0 1 1 1 1 0 0 1 1 0 1 1 
BDS: 13 | 1 1 1 1 1 0 1 1 1 0 1 1 0 1 1 1 1 1 1 1 0 1 1 1 1 1 0 

