18 30

13 15
8 17
8 16
8 13
7 15
7 14
7 13
6 16
6 14
6 12
5 16
5 12
5 11
4 13
4 12
4 11
3 17
3 15
3 10
2 17
2 16
2 14
2 9
1 15
1 10
1 9
0 17
0 11
0 10
0 9
----------

52044: 8 17, 7 13, 6 14, 5 11, 4 12, 3 10, 2 16, 1 15, 0 9
Frc: 9.16667 | 0.166667 1 0.333333 0.666667 0.333333 0.666667 1 0.166667 1 0.833333 0.833333 0.166667 1 0.166667 1 0.833333 0.5 0.5 1 0.166667 1 0.333333 0.5 1 0.5 0.5 0.333333 0.166667 0.5 1 
Int: 10 | 1 1 1 0 0 1 1 0 1 1 1 0 1 0 1 1 1 0 1 0 1 0 1 1 1 0 1 0 0 1 
BDS: 13 | 0 1 1 1 1 0 1 0 1 1 0 1 1 1 1 0 0 1 1 1 1 1 1 1 0 1 0 1 1 1 

