18 29

15 17
8 16
8 14
8 13
7 17
7 15
7 12
6 15
6 13
6 12
5 16
5 14
5 11
4 14
4 13
4 11
3 17
3 16
3 10
2 16
2 15
2 9
1 17
1 12
1 10
1 9
0 11
0 10
0 9
----------

27319: 8 16, 7 15, 6 12, 5 14, 4 13, 3 17, 2 9, 1 10, 0 11
Frc: 9.16667 | 0.166667 1 0.5 0.5 0.666667 1 0.333333 0.166667 0.833333 1 0.5 1 0.5 0.5 1 0.5 1 0.166667 0.833333 0.333333 0.666667 1 0.166667 0.666667 1 0.166667 1 0.166667 0.833333 
Int: 10 | 0 1 0 1 1 1 0 0 1 1 1 1 0 1 1 1 1 0 1 0 1 1 0 1 1 0 1 0 1 
BDS: 13 | 0 1 0 1 1 1 0 1 1 1 1 1 0 1 1 1 1 1 0 1 0 1 1 1 1 0 1 1 1 

