18 31

11 17
8 17
8 16
8 15
8 13
7 16
7 14
7 12
6 15
6 14
6 12
5 17
5 13
5 11
4 15
4 14
4 13
4 11
3 16
3 14
3 10
2 15
2 12
2 9
1 16
1 10
1 9
0 17
0 11
0 10
0 9
----------

65592: 8 13, 7 14, 6 15, 5 17, 4 11, 3 16, 2 12, 1 10, 0 9
Frc: 9.16667 | 0.166667 0.416667 0.333333 0.25 1 0.5 1 0.5 1 0.5 0.5 1 0.583333 0.416667 0.25 0.333333 0.416667 1 1 0.166667 0.833333 0.5 1 0.5 0.166667 1 0.833333 0.416667 0.416667 0.166667 1 
Int: 10 | 0 0 1 0 1 0 1 1 1 1 0 1 0 1 1 0 1 1 1 0 1 0 1 1 0 1 1 1 0 0 1 
BDS: 13 | 0 1 1 0 1 1 1 1 1 1 0 1 0 1 0 0 1 1 1 1 0 1 1 1 1 1 0 0 1 1 1 

