18 31

11 17
8 16
8 15
8 14
7 16
7 15
7 12
6 15
6 13
6 12
5 16
5 14
5 11
4 14
4 12
4 11
3 17
3 16
3 13
3 10
2 17
2 15
2 13
2 9
1 17
1 10
1 9
0 14
0 11
0 10
0 9
----------

39062: 8 16, 7 12, 6 15, 5 14, 4 11, 3 13, 2 9, 1 17, 0 10
Frc: 9.16667 | 0.166667 1 0.416667 0.583333 0.416667 0.583333 1 1 0.833333 0.166667 0.416667 1 0.583333 0.166667 0.833333 1 0.333333 0.166667 1 0.5 0.5 0.333333 0.166667 1 1 0.5 0.5 0.25 0.25 1 0.5 
Int: 10 | 0 1 0 1 0 1 1 1 1 0 0 1 1 0 1 1 1 1 1 0 0 1 0 1 1 1 0 0 0 1 1 
BDS: 13 | 0 1 0 1 1 0 1 1 1 1 1 1 1 0 1 1 0 1 1 0 1 1 0 1 1 1 0 1 0 1 1 

