18 30

14 17
8 16
8 15
8 14
7 17
7 16
7 13
7 12
6 15
6 13
6 12
5 17
5 13
5 11
4 15
4 12
4 11
3 16
3 14
3 10
2 17
2 16
2 14
2 9
1 15
1 10
1 9
0 11
0 10
0 9
----------

55242: 8 14, 7 13, 6 15, 5 11, 4 12, 3 16, 2 17, 1 10, 0 9
Frc: 9.125 | 0.125 0.75 0.25 1 0.375 0.125 1 0.5 1 0.5 0.5 0.5 0.5 1 0.5 1 0.5 1 0.25 0.75 1 0.125 0.625 0.25 0.25 1 0.75 0.75 0.25 1 
Int: 10 | 1 1 0 1 1 0 1 0 1 0 1 0 1 1 0 1 1 1 0 1 1 0 0 1 1 1 0 0 1 1 
BDS: 13 | 0 0 1 1 0 1 1 1 1 1 0 1 1 1 1 1 1 1 0 1 1 0 1 1 1 1 0 0 1 1 

