18 29

12 17
8 16
8 14
8 13
7 16
7 14
7 12
6 14
6 13
6 12
5 17
5 16
5 15
5 11
4 16
4 12
4 11
3 17
3 15
3 10
2 17
2 13
2 9
1 15
1 10
1 9
0 11
0 10
0 9
----------

26709: 8 13, 7 14, 6 12, 5 15, 4 16, 3 17, 2 9, 1 10, 0 11
Frc: 9.21429 | 0.214286 0.428571 0.571429 1 0.428571 1 0.571429 0.428571 0.571429 1 0.5 0.285714 1 0.214286 1 0.214286 0.785714 1 0.5 0.5 0.285714 0.714286 1 0.5 1 0.5 1 0.5 0.5 
Int: 10 | 1 0 1 1 1 1 0 0 1 1 0 1 1 0 1 0 1 1 0 1 1 0 1 1 1 0 1 0 1 
BDS: 13 | 0 0 1 1 0 1 1 0 1 1 1 1 1 1 1 1 0 1 0 1 1 1 1 1 1 0 1 1 1 

