18 29

14 17
8 16
8 14
8 13
7 16
7 14
7 12
6 14
6 13
6 12
5 17
5 15
5 11
4 16
4 12
4 11
3 17
3 15
3 10
2 17
2 16
2 13
2 9
1 15
1 10
1 9
0 11
0 10
0 9
----------

38337: 8 14, 7 12, 6 13, 5 17, 4 11, 3 15, 2 16, 1 9, 0 10
Frc: 9.25 | 0.25 0.25 1 0.75 0.5 0.5 1 0.25 1 0.75 1 0.5 0.5 0.25 0.75 1 0.5 1 0.5 0.25 1 0.25 0.5 0.5 0.5 1 0.5 1 0.5 
Int: 10 | 1 0 1 1 1 0 1 0 1 1 1 1 0 0 1 1 0 1 1 0 1 0 1 1 0 1 1 1 0 
BDS: 13 | 1 0 1 1 0 1 1 0 1 1 1 1 0 1 1 1 1 1 1 0 1 1 0 1 0 1 1 1 1 

45473: 8 14, 7 12, 6 13, 5 17, 4 11, 3 10, 2 16, 1 15, 0 9
Frc: 9.25 | 0.25 0.25 1 0.75 0.5 0.5 1 0.25 1 0.75 1 0.5 0.5 0.25 0.75 1 0.5 0.5 1 0.25 1 0.25 0.5 1 0.5 0.5 0.5 0.5 1 
Int: 11 | 1 0 1 1 1 0 1 0 1 1 1 1 0 0 1 1 0 1 1 0 1 0 1 1 0 1 1 1 0 
BDS: 13 | 1 0 1 1 0 1 1 0 1 1 1 1 0 1 1 1 0 1 1 0 1 1 1 1 0 1 1 1 1 

48569: 8 14, 7 12, 6 13, 5 15, 4 11, 3 17, 2 16, 1 10, 0 9
Frc: 9.25 | 0.25 0.25 1 0.75 0.5 0.5 1 0.25 1 0.75 0.5 1 0.5 0.25 0.75 1 1 0.5 0.5 0.25 1 0.25 0.5 0.5 1 0.5 0.5 0.5 1 
Int: 10 | 1 0 1 1 1 0 1 0 1 1 0 1 1 0 1 1 1 0 1 0 1 0 1 1 1 0 0 1 1 
BDS: 13 | 0 0 1 1 0 1 1 0 1 1 1 1 1 1 1 1 1 0 1 0 1 1 1 1 1 1 0 1 1 

