18 30

11 17
8 17
8 16
8 15
8 13
7 17
7 14
7 12
6 16
6 13
6 12
5 15
5 14
5 11
4 17
4 13
4 12
4 11
3 16
3 15
3 10
2 16
2 14
2 9
1 15
1 10
1 9
0 11
0 10
0 9
----------

52013: 8 16, 7 17, 6 12, 5 11, 4 13, 3 10, 2 14, 1 15, 0 9
Frc: 9.16667 | 0.166667 0.5 1 0.166667 0.333333 1 0.333333 0.666667 0.333333 0.666667 1 0.333333 0.666667 1 0.333333 1 0.333333 0.333333 0.5 0.5 1 0.5 1 0.5 1 0.5 0.5 0.5 0.5 1 
Int: 10 | 0 1 1 0 1 1 1 0 1 0 1 1 0 1 0 1 1 0 1 0 1 0 1 1 1 1 0 1 0 1 
BDS: 13 | 0 0 1 1 0 1 1 0 1 1 1 0 1 1 1 1 1 0 1 0 1 1 1 1 1 1 0 1 1 1 

