18 30

13 17
10 17
8 16
8 14
8 13
7 16
7 15
7 14
7 12
6 14
6 13
6 12
5 17
5 15
5 11
4 16
4 12
4 11
3 17
3 15
3 10
2 16
2 13
2 9
1 15
1 10
1 9
0 11
0 10
0 9
----------

43917: 8 14, 7 12, 6 13, 5 17, 4 11, 3 15, 2 16, 1 9, 0 10
Frc: 9.23529 | 0.0588235 0.176471 0.470588 1 0.529412 0.117647 0.352941 0.529412 1 0.470588 1 0.529412 1 0.235294 0.764706 0.411765 0.588235 1 0.764706 1 0.235294 1 0.411765 0.588235 0.411765 0.588235 1 0.588235 1 0.411765 
Int: 10 | 1 0 1 1 0 0 0 1 1 0 1 1 1 1 0 0 1 1 0 1 1 1 0 1 0 1 1 1 1 0 
BDS: 13 | 1 0 0 1 1 0 0 1 1 0 1 1 1 1 1 1 1 1 0 1 1 1 1 1 0 1 1 1 1 0 

