18 29

13 17
8 16
8 15
8 13
7 17
7 14
7 12
6 16
6 13
6 12
5 16
5 15
5 11
4 13
4 12
4 11
3 17
3 14
3 10
2 15
2 14
2 9
1 16
1 10
1 9
0 17
0 11
0 10
0 9
----------

47164: 8 16, 7 14, 6 12, 5 11, 4 13, 3 17, 2 15, 1 10, 0 9
Frc: 9.16667 | 0.166667 1 0.5 0.5 0.666667 1 0.333333 0.666667 0.333333 1 0.5 0.5 1 1 0.666667 0.333333 1 0.166667 0.833333 1 0.833333 0.166667 0.166667 1 0.833333 0.166667 0.666667 0.166667 1 
Int: 10 | 0 1 1 0 0 1 1 0 1 1 0 1 1 1 0 1 1 0 1 0 1 1 1 1 0 1 0 0 1 
BDS: 13 | 1 1 0 1 0 1 1 1 0 1 1 1 1 1 1 1 1 0 1 1 1 1 1 1 0 0 0 1 1 

