18 31

13 17
11 14
8 17
8 16
8 15
8 12
7 17
7 14
7 12
6 15
6 14
6 12
5 15
5 14
5 11
4 16
4 13
4 11
3 16
3 13
3 10
2 17
2 15
2 13
2 9
1 16
1 10
1 9
0 11
0 10
0 9
----------

34420: 8 17, 7 14, 6 12, 5 15, 4 16, 3 13, 2 9, 1 10, 0 11
Frc: 9.18182 | 0.0454545 0.136364 1 0.363636 0.136364 0.5 0.5 1 0.5 0.5 0.5 1 1 0.363636 0.636364 1 0.772727 0.227273 0.227273 1 0.772727 0.454545 0.363636 0.181818 1 0.409091 1 0.590909 1 0.590909 0.409091 
Int: 10 | 1 0 1 0 0 1 1 1 0 1 0 1 1 1 0 1 0 1 1 1 0 1 0 0 1 0 1 1 1 1 0 
BDS: 13 | 0 0 1 0 0 1 1 1 0 0 1 1 1 1 1 1 0 1 1 1 1 1 1 1 1 0 1 1 1 1 0 

