18 31

10 14
8 16
8 15
8 12
7 17
7 16
7 14
7 12
6 15
6 14
6 12
5 17
5 13
5 11
4 15
4 13
4 11
3 16
3 14
3 10
2 17
2 15
2 13
2 9
1 16
1 10
1 9
0 17
0 11
0 10
0 9
----------

36863: 8 12, 7 16, 6 15, 5 17, 4 13, 3 14, 2 9, 1 10, 0 11
Frc: 9.16667 | 0.166667 0.666667 0.333333 1 0.166667 1 0.5 0.333333 1 0.333333 0.666667 1 0.5 0.5 0.5 1 0.5 0.166667 1 0.833333 0.333333 0.166667 0.5 1 0.166667 1 0.833333 0.5 1 0.333333 0.166667 
Int: 10 | 0 1 0 1 0 1 1 0 1 0 1 1 1 0 1 1 1 0 1 1 1 0 0 1 0 1 1 1 1 0 0 
BDS: 13 | 0 0 1 1 0 1 1 1 1 1 0 1 1 0 1 1 1 0 1 1 0 1 0 1 1 1 1 1 1 1 0 

