18 31

11 17
8 16
8 15
8 12
7 15
7 13
7 12
6 17
6 14
6 13
6 12
5 16
5 14
5 11
4 15
4 14
4 13
4 11
3 17
3 15
3 10
2 16
2 14
2 9
1 16
1 10
1 9
0 17
0 11
0 10
0 9
----------

65426: 8 12, 7 15, 6 13, 5 16, 4 11, 3 17, 2 14, 1 10, 0 9
Frc: 9.25 | 0.25 0.5 0.5 1 1 0.5 0.5 0.416667 0.0833333 1 0.5 1 0.583333 0.416667 0.166667 0.333333 0.5 1 1 0.333333 0.666667 0.666667 1 0.333333 0.333333 1 0.666667 0.333333 0.333333 0.333333 1 
Int: 10 | 0 1 0 1 1 0 1 0 1 1 0 1 0 1 0 0 1 1 1 1 1 0 1 1 0 1 1 1 0 0 1 
BDS: 13 | 1 0 1 1 1 1 0 0 0 1 1 1 1 0 0 1 1 1 1 1 1 0 1 1 1 1 1 1 0 0 1 

