18 31

9 17
8 16
8 15
8 12
7 16
7 13
7 12
6 15
6 14
6 13
6 12
5 16
5 14
5 11
4 17
4 16
4 13
4 11
3 17
3 14
3 10
2 15
2 14
2 9
1 17
1 15
1 10
1 9
0 11
0 10
0 9
----------

61789: 8 15, 7 12, 6 13, 5 11, 4 16, 3 10, 2 14, 1 17, 0 9
Frc: 9.25 | 0.25 0.25 1 0.75 0.25 0.75 1 0.25 0.5 1 0.25 0.5 0.5 1 0.25 1 0.25 0.5 0.5 0.5 1 0.5 1 0.5 1 0.25 0.5 0.25 0.5 0.5 1 
Int: 10 | 0 1 1 1 0 1 1 0 1 1 0 0 1 1 0 1 0 1 1 0 1 0 1 1 1 1 0 0 0 1 1 
BDS: 13 | 0 0 1 1 0 1 1 0 1 1 0 1 1 1 1 1 1 1 0 1 1 1 1 1 1 0 1 0 0 1 1 

