18 32

12 17
8 17
8 15
8 14
8 13
7 16
7 15
7 12
6 16
6 14
6 12
5 16
5 14
5 11
4 17
4 16
4 12
4 11
3 15
3 13
3 10
2 17
2 13
2 11
2 9
1 15
1 10
1 9
0 14
0 13
0 10
0 9
----------

61769: 8 17, 7 16, 6 12, 5 14, 4 11, 3 15, 2 13, 1 9, 0 10
Frc: 9.2 | 0.2 1 0.4 0.2 0.4 1 0.4 0.6 0.4 0.6 1 0.4 1 0.6 0.6 0.2 0.2 1 1 0.4 0.6 0.2 1 0.4 0.4 0.6 0.4 1 0.2 0.2 1 0.6 
Int: 10 | 0 1 0 0 1 1 1 0 1 0 1 0 1 1 1 0 1 1 1 0 1 0 1 0 1 0 1 1 1 0 1 0 
BDS: 13 | 1 1 1 0 1 1 0 1 1 1 1 0 1 1 0 1 0 1 1 0 1 0 1 1 1 1 0 1 0 0 1 1 

