18 32

12 15
11 17
8 16
8 14
8 13
7 16
7 14
7 12
6 16
6 13
6 12
5 16
5 14
5 11
4 15
4 12
4 11
3 17
3 13
3 10
2 17
2 15
2 11
2 9
1 17
1 15
1 10
1 9
0 14
0 13
0 10
0 9
----------

59215: 8 13, 7 16, 6 12, 5 14, 4 11, 3 17, 2 15, 1 9, 0 10
Frc: 9.2 | 0.1 0.1 0.5 0.5 1 1 0.3 0.7 0.3 0.7 1 0.2 1 0.8 0.8 0.2 1 1 0.45 0.55 0.45 1 0.1 0.45 0.45 0.1 0.45 1 0.2 0.25 1 0.55 
Int: 10 | 1 0 1 0 1 1 1 0 0 1 1 0 1 1 1 0 1 1 0 1 0 1 0 1 1 0 0 1 1 0 1 0 
BDS: 13 | 0 1 1 0 1 1 0 1 0 1 1 0 1 1 0 1 1 1 0 1 1 1 0 0 0 1 1 1 1 1 1 1 

