18 32

9 15
8 15
8 14
8 13
7 17
7 16
7 15
7 12
6 15
6 14
6 11
5 17
5 14
5 12
5 11
4 14
4 13
4 12
4 11
3 17
3 16
3 10
2 16
2 13
2 9
1 16
1 10
1 9
0 17
0 13
0 10
0 9
----------

61361: 8 14, 7 17, 6 15, 5 11, 4 12, 3 10, 2 16, 1 9, 0 13
Frc: 9.14286 | 0.142857 0.571429 1 0.428571 1 0.142857 0.285714 0.571429 1 0.428571 0.571429 0.142857 0.428571 0.428571 1 0.142857 0.428571 1 0.428571 0.571429 0.428571 1 1 0.428571 0.571429 0.428571 0.571429 1 0.285714 1 0.428571 0.285714 
Int: 10 | 0 0 1 1 1 1 1 0 1 0 1 0 0 1 1 1 0 1 0 1 0 1 1 0 1 0 1 1 1 1 0 0 
BDS: 13 | 0 0 1 1 1 1 1 1 1 1 1 0 0 1 1 0 1 1 0 1 0 1 1 1 1 0 1 1 1 1 0 0 

