18 32

10 17
9 13
8 17
8 16
8 14
8 13
7 17
7 16
7 15
7 12
6 17
6 15
6 14
6 11
5 15
5 12
5 11
4 14
4 12
4 11
3 16
3 13
3 10
2 15
2 14
2 9
1 16
1 10
1 9
0 13
0 10
0 9
----------

62433: 8 16, 7 12, 6 17, 5 15, 4 11, 3 13, 2 14, 1 9, 0 10
Frc: 9.16667 | 0.0833333 0.0833333 0.666667 1 0.25 0.0833333 0.25 0.25 0.5 1 1 0.25 0.25 0.5 1 0.5 0.5 0.5 0.5 1 0.833333 1 0.166667 0.25 1 0.75 0.25 0.75 1 0.833333 1 0.166667 
Int: 10 | 0 0 1 1 0 0 0 0 1 1 1 0 0 1 1 0 1 1 1 1 1 1 0 0 1 1 0 1 1 1 1 0 
BDS: 13 | 1 1 1 1 0 0 0 1 1 1 1 0 1 0 1 0 1 1 1 1 1 1 0 1 1 0 1 0 1 1 1 0 

