18 31

9 15
8 16
8 15
8 14
7 17
7 16
7 12
6 16
6 15
6 11
5 15
5 14
5 11
4 17
4 16
4 13
4 10
3 17
3 14
3 13
3 10
2 17
2 12
2 9
1 13
1 12
1 9
0 14
0 11
0 10
0 9
----------

40643: 8 16, 7 17, 6 11, 5 15, 4 13, 3 10, 2 9, 1 12, 0 14
Frc: 9.25 | 0.25 1 0.5 0.5 1 0.5 0.5 0.75 0.25 1 1 0.25 0.75 0.25 0.25 1 0.5 0.25 0.25 0.5 1 0.5 0.5 1 0.5 1 0.5 1 0.25 0.5 0.25 
Int: 10 | 1 1 0 1 1 0 1 1 0 1 1 0 1 1 0 1 0 0 0 1 1 0 1 1 1 1 0 1 0 1 0 
BDS: 13 | 0 1 1 0 1 0 1 1 0 1 1 0 1 0 1 1 1 1 1 1 1 0 1 1 1 1 0 1 1 0 1 

52506: 8 16, 7 12, 6 11, 5 15, 4 13, 3 10, 2 17, 1 9, 0 14
Frc: 9.25 | 0.25 1 0.5 0.5 0.5 0.5 1 0.75 0.25 1 1 0.25 0.75 0.25 0.25 1 0.5 0.25 0.25 0.5 1 1 0.5 0.5 0.5 0.5 1 1 0.25 0.5 0.25 
Int: 10 | 1 1 0 1 0 1 1 1 0 1 1 0 1 1 0 1 0 0 0 1 1 1 1 0 1 0 1 1 0 1 0 
BDS: 13 | 0 1 1 0 1 0 1 1 0 1 1 0 1 0 1 1 1 1 1 1 1 1 0 1 0 1 1 1 1 0 1 

