18 31

13 17
8 16
8 14
8 13
7 17
7 14
7 12
6 16
6 15
6 11
5 15
5 13
5 11
4 16
4 14
4 10
3 15
3 13
3 10
2 17
2 16
2 12
2 9
1 15
1 14
1 12
1 9
0 17
0 11
0 10
0 9
----------

40321: 8 14, 7 17, 6 15, 5 11, 4 16, 3 13, 2 9, 1 12, 0 10
Frc: 9.25 | 0.25 0.5 1 0.5 1 0.375 0.625 0.25 1 0.75 0.25 0.75 1 1 0.5 0.5 0.5 1 0.5 0.375 0.25 0.375 1 0.25 0.125 1 0.625 0.375 0.25 1 0.375 
Int: 10 | 0 1 1 0 1 1 0 0 1 1 0 1 1 1 0 1 0 1 1 0 0 1 1 1 0 1 0 1 0 0 1 
BDS: 13 | 1 1 1 1 1 0 1 0 1 1 0 1 1 1 1 1 1 1 0 0 0 1 1 0 1 1 0 0 1 1 1 

