18 31

10 14
8 16
8 15
8 13
7 17
7 16
7 12
6 15
6 14
6 11
5 16
5 13
5 11
4 15
4 14
4 10
3 17
3 14
3 13
3 10
2 16
2 12
2 9
1 17
1 15
1 12
1 9
0 17
0 11
0 10
0 9
----------

51126: 8 16, 7 17, 6 14, 5 13, 4 15, 3 10, 2 12, 1 9, 0 11
Frc: 9.125 | 0.125 1 0.25 0.75 1 0.375 0.625 0.5 1 0.5 0.25 1 0.75 1 0.5 0.5 0.375 0.375 0.25 1 0.375 1 0.625 0.375 0.25 0.375 1 0.25 1 0.375 0.375 
Int: 10 | 0 1 0 1 1 0 1 0 1 1 0 1 1 1 0 1 0 1 0 1 1 1 0 1 1 0 1 0 1 0 1 
BDS: 13 | 0 1 1 0 1 1 1 1 1 1 1 1 0 1 0 1 0 1 1 1 0 1 1 1 0 0 1 1 1 1 0 

