18 31

9 17
8 17
8 16
8 15
8 13
7 15
7 14
7 12
6 16
6 14
6 11
5 16
5 14
5 11
4 17
4 13
4 10
3 15
3 13
3 10
2 16
2 12
2 9
1 15
1 14
1 12
1 9
0 17
0 11
0 10
0 9
----------

56302: 8 16, 7 15, 6 11, 5 14, 4 17, 3 13, 2 12, 1 9, 0 10
Frc: 9.16667 | 0.166667 0.333333 1 0.166667 0.5 1 0.333333 0.666667 0.666667 0.333333 1 0.333333 1 0.666667 1 0.5 0.5 0.5 1 0.5 0.333333 1 0.666667 0.333333 0.333333 0.333333 1 0.5 0.333333 1 0.166667 
Int: 10 | 0 0 1 0 1 1 0 1 1 0 1 0 1 1 1 1 0 1 0 1 0 1 1 0 1 0 1 1 0 1 0 
BDS: 13 | 1 0 1 1 0 1 0 1 1 0 1 0 1 1 1 1 0 1 1 1 1 1 0 0 1 1 1 1 1 1 0 

