18 30

11 15
8 16
8 14
8 13
7 17
7 15
7 12
6 16
6 15
6 11
5 16
5 14
5 11
4 17
4 16
4 10
3 14
3 13
3 10
2 15
2 12
2 9
1 17
1 13
1 12
1 9
0 17
0 11
0 10
0 9
----------

45365: 8 14, 7 12, 6 16, 5 11, 4 17, 3 13, 2 15, 1 9, 0 10
Frc: 9.07143 | 0.0714286 0.142857 1 0.857143 0.5 0.5 1 1 0.428571 0.571429 0.142857 0.857143 1 1 0.714286 0.285714 0.142857 1 0.857143 1 0.5 0.5 0.357143 0.142857 0.5 1 0.142857 0.357143 1 0.5 
Int: 10 | 0 0 1 1 1 0 1 1 1 1 0 1 1 1 1 0 0 1 1 1 0 1 0 0 1 1 0 0 1 1 
BDS: 13 | 0 1 1 0 0 1 1 1 1 0 0 1 1 1 1 1 1 1 0 1 0 1 0 1 1 1 1 1 1 1 

