18 30

14 17
8 15
8 14
8 12
7 16
7 13
7 12
6 16
6 14
6 11
5 15
5 14
5 11
4 17
4 15
4 10
3 17
3 13
3 10
2 16
2 15
2 13
2 9
1 16
1 12
1 9
0 17
0 11
0 10
0 9
----------

53516: 8 15, 7 12, 6 14, 5 11, 4 10, 3 17, 2 13, 1 16, 0 9
Frc: 9.25 | 0.25 1 0.5 0.5 0.5 0.5 1 0.25 1 0.75 0.75 0.25 1 0.5 0.5 1 1 0.5 0.5 0.25 0.25 1 0.5 1 0.5 0.5 0.25 0.25 0.5 1 
Int: 10 | 0 1 1 1 1 0 1 0 1 1 1 0 1 1 0 1 1 1 0 0 1 1 0 1 0 1 0 0 1 1 
BDS: 13 | 0 1 1 1 1 1 1 0 1 1 1 0 1 1 1 1 1 1 0 0 1 1 0 1 0 1 0 1 1 1 

55989: 8 15, 7 12, 6 14, 5 11, 4 17, 3 10, 2 13, 1 16, 0 9
Frc: 9.25 | 0.25 1 0.5 0.5 0.5 0.5 1 0.25 1 0.75 0.75 0.25 1 1 0.5 0.5 0.5 0.5 1 0.25 0.25 1 0.5 1 0.5 0.5 0.25 0.25 0.5 1 
Int: 10 | 1 1 0 1 1 0 1 0 1 1 1 0 1 1 0 1 0 1 1 0 0 1 1 1 0 1 0 0 1 1 
BDS: 13 | 1 1 1 1 1 1 1 0 1 1 1 0 1 1 1 1 0 1 1 0 1 1 0 1 0 1 0 1 0 1 

