18 31

11 14
8 17
8 16
8 14
8 12
7 15
7 13
7 12
6 16
6 15
6 11
5 16
5 15
5 11
4 17
4 14
4 10
3 14
3 13
3 10
2 16
2 15
2 9
1 17
1 13
1 12
1 9
0 17
0 11
0 10
0 9
----------

61665: 8 17, 7 12, 6 11, 5 16, 4 10, 3 14, 2 15, 1 13, 0 9
Frc: 9.25 | 0.25 1 0.25 0.25 0.5 0.5 0.5 1 0.5 0.5 1 1 0.5 0.5 0.5 0.5 1 1 0.5 0.5 0.25 1 0.75 0.25 1 0.5 0.25 0.25 0.25 0.5 1 
Int: 10 | 0 1 1 0 0 1 0 1 0 1 1 1 0 1 0 1 1 1 1 0 0 1 1 0 1 1 0 1 0 1 1 
BDS: 13 | 0 1 1 1 0 0 1 1 0 1 1 1 1 0 0 1 1 1 1 0 0 1 1 1 1 1 1 0 1 1 1 

62336: 8 17, 7 12, 6 16, 5 11, 4 10, 3 14, 2 15, 1 13, 0 9
Frc: 9.25 | 0.25 1 0.25 0.25 0.5 0.5 0.5 1 1 0.5 0.5 0.5 0.5 1 0.5 0.5 1 1 0.5 0.5 0.25 1 0.75 0.25 1 0.5 0.25 0.25 0.25 0.5 1 
Int: 10 | 1 1 0 1 0 1 0 1 1 1 0 1 0 1 1 0 1 1 1 0 0 1 1 0 1 1 0 0 0 1 1 
BDS: 13 | 0 1 1 1 0 0 1 1 1 1 0 0 1 1 0 1 1 1 1 0 0 1 1 1 1 1 1 0 1 1 1 

