18 32

10 17
8 17
8 16
8 14
8 12
7 16
7 15
7 11
6 16
6 13
6 11
5 15
5 13
5 11
4 17
4 15
4 14
4 10
3 16
3 12
3 10
2 15
2 13
2 9
1 17
1 14
1 12
1 9
0 14
0 13
0 10
0 9
----------

77141: 8 17, 7 16, 6 13, 5 11, 4 14, 3 10, 2 15, 1 12, 0 9
Frc: 9.2 | 0.2 1 0.2 0.2 0.6 1 0.4 0.6 0.6 1 0.4 0.4 0.6 1 0.4 0.2 1 0.4 0.6 0.4 1 1 0.2 0.8 0.4 0.4 1 0.2 0.4 0.2 0.4 1 
Int: 10 | 0 1 1 0 0 1 1 1 1 1 0 0 1 1 1 0 1 0 0 1 1 1 0 1 0 1 1 0 0 0 1 1 
BDS: 13 | 1 1 1 0 1 1 0 1 1 1 0 0 1 1 0 1 1 1 0 1 1 1 1 1 0 1 1 0 0 0 1 1 

