18 32

12 17
8 17
8 16
8 15
8 12
7 16
7 15
7 11
6 16
6 13
6 11
5 15
5 13
5 11
4 17
4 15
4 14
4 10
3 14
3 12
3 10
2 16
2 13
2 9
1 17
1 14
1 12
1 9
0 14
0 13
0 10
0 9
----------

72643: 8 12, 7 15, 6 11, 5 13, 4 10, 3 14, 2 16, 1 17, 0 9
Frc: 9.2 | 0.2 0.5 0.2 0.3 1 0.4 1 0.6 0.4 0.6 1 0.6 1 0.4 0.3 0.5 0.2 1 1 0.5 0.5 1 0.2 0.8 1 0.5 0.3 0.2 0.3 0.2 0.5 1 
Int: 10 | 0 0 0 1 1 0 1 1 1 1 1 1 1 0 1 0 0 1 1 1 0 1 0 1 1 1 0 0 0 0 1 1 
BDS: 13 | 0 1 1 1 1 0 1 1 0 1 1 1 1 0 0 0 1 1 1 1 1 1 1 1 1 1 0 0 0 0 1 1 

