18 31

13 17
9 14
8 17
8 16
8 12
7 16
7 15
7 11
6 17
6 16
6 15
6 11
5 15
5 12
5 11
4 16
4 13
4 10
3 14
3 13
3 10
2 15
2 13
2 9
1 17
1 14
1 12
1 9
0 14
0 10
0 9
----------

38065: 8 17, 7 15, 6 16, 5 11, 4 10, 3 13, 2 9, 1 12, 0 14
Frc: 9.25 | 0.125 0.125 1 0.375 0.625 0.125 1 0.875 0.625 1 0.25 0.125 0.125 0.875 1 0.5 0.5 1 0.5 1 0.5 0.625 0.375 1 0.25 0.375 1 0.375 1 0.5 0.5 
Int: 10 | 0 0 1 0 1 0 1 1 1 1 0 0 0 1 1 1 0 1 1 1 0 1 1 1 0 0 1 1 1 1 0 
BDS: 13 | 0 0 1 1 1 0 1 1 0 1 0 1 0 1 1 0 1 1 1 1 0 1 1 1 1 1 1 1 1 1 0 

