18 31

11 17
8 17
8 16
8 14
8 12
7 16
7 15
7 11
6 16
6 13
6 11
5 15
5 14
5 12
5 11
4 16
4 13
4 10
3 15
3 13
3 10
2 17
2 14
2 9
1 17
1 15
1 12
1 9
0 14
0 10
0 9
----------

46386: 8 12, 7 11, 6 16, 5 15, 4 10, 3 13, 2 17, 1 9, 0 14
Frc: 9.18182 | 0.181818 0.454545 0.272727 0.272727 1 0.363636 0.636364 1 1 0.363636 0.636364 1 0.363636 0.454545 0.181818 0.363636 0.636364 1 0.636364 1 0.363636 1 0.363636 0.636364 0.363636 0.0909091 0.545455 1 1 0.636364 0.363636 
Int: 10 | 1 0 0 1 1 0 1 1 1 1 0 1 1 0 0 1 0 1 1 1 0 1 0 1 0 0 1 1 1 1 0 
BDS: 13 | 0 1 0 0 1 1 1 1 1 1 0 1 1 1 1 0 1 1 1 1 0 1 0 1 0 1 0 1 1 1 1 

