18 31

9 17
8 17
8 16
8 14
8 12
7 17
7 14
7 11
6 14
6 13
6 11
5 17
5 15
5 12
5 11
4 16
4 15
4 10
3 15
3 13
3 10
2 16
2 13
2 9
1 15
1 14
1 12
1 9
0 16
0 10
0 9
----------

62920: 8 12, 7 17, 6 14, 5 11, 4 10, 3 13, 2 16, 1 15, 0 9
Frc: 9.16667 | 0.166667 0.5 0.166667 0.333333 1 1 0.333333 0.666667 1 0.666667 0.333333 0.333333 0.166667 0.5 1 0.5 0.5 1 0.333333 1 0.666667 1 0.333333 0.666667 1 0.333333 0.5 0.166667 0.333333 0.666667 1 
Int: 10 | 0 1 0 0 1 1 1 0 1 0 1 0 1 0 1 0 1 1 0 1 1 1 1 0 1 0 1 1 1 0 1 
BDS: 13 | 0 1 0 0 1 1 0 1 1 1 1 0 1 0 1 0 1 1 0 1 1 1 1 0 1 1 1 1 1 1 1 

