18 31

12 17
9 14
8 15
8 14
8 12
7 16
7 13
7 11
6 15
6 13
6 11
5 17
5 16
5 12
5 11
4 17
4 16
4 10
3 17
3 16
3 15
3 10
2 15
2 13
2 9
1 14
1 12
1 9
0 14
0 10
0 9
----------

61278: 8 14, 7 13, 6 11, 5 16, 4 10, 3 17, 2 15, 1 12, 0 9
Frc: 9.25 | 0.125 0.125 0.5 1 0.5 0.375 1 0.625 0.625 0.375 1 0.25 1 0.375 0.375 0.625 0.375 1 1 0.25 0.375 0.375 1 0.625 0.375 0.5 1 0.5 0.375 0.625 1 
Int: 10 | 0 0 1 1 0 1 1 0 0 1 1 0 1 1 1 1 0 1 1 1 0 0 1 0 1 1 1 0 0 1 1 
BDS: 13 | 0 0 1 1 0 0 1 1 1 0 1 0 1 1 1 1 1 1 1 0 1 1 1 1 1 1 1 0 1 0 1 

