18 31

13 17
8 15
8 14
8 12
7 17
7 16
7 14
7 11
6 16
6 13
6 11
5 15
5 12
5 11
4 16
4 13
4 10
3 17
3 16
3 13
3 10
2 15
2 14
2 9
1 14
1 12
1 9
0 17
0 15
0 10
0 9
----------

51951: 8 12, 7 17, 6 16, 5 11, 4 13, 3 10, 2 14, 1 9, 0 15
Frc: 9.25 | 0.25 0.5 0.5 1 1 0.375 0.25 0.375 1 0.375 0.625 0.25 0.75 1 0.375 1 0.625 0.375 0.25 0.375 1 0.25 1 0.75 0.25 0.75 1 0.375 1 0.375 0.25 
Int: 10 | 1 1 0 1 1 0 1 0 1 0 1 0 1 1 1 1 0 0 0 1 1 0 1 1 0 1 1 0 1 1 0 
BDS: 13 | 0 0 1 1 1 0 0 1 1 0 1 1 1 1 1 1 1 1 0 1 1 0 1 1 0 1 1 0 1 1 1 

