18 30

10 17
8 17
8 16
8 14
8 12
7 16
7 13
7 11
6 17
6 15
6 13
6 11
5 16
5 12
5 11
4 16
4 14
4 10
3 15
3 14
3 10
2 15
2 13
2 9
1 17
1 12
1 9
0 15
0 10
0 9
----------

39587: 8 16, 7 11, 6 17, 5 12, 4 10, 3 14, 2 13, 1 9, 0 15
Frc: 9.25 | 0.25 0.125 1 0.25 0.625 0.375 0.625 1 1 0.25 0.375 0.375 0.375 1 0.625 0.25 0.75 1 0.75 1 0.25 0.5 1 0.5 0.625 0.375 1 1 0.5 0.5 
Int: 10 | 1 1 1 0 0 0 1 1 1 0 0 1 1 1 0 0 1 1 1 1 0 0 1 1 0 1 1 1 0 1 
BDS: 13 | 0 1 1 1 1 0 1 1 1 0 0 1 1 1 1 0 1 1 1 1 0 1 1 1 1 0 1 1 1 0 

