18 31

10 17
8 17
8 16
8 12
7 15
7 14
7 11
6 15
6 12
6 11
5 14
5 12
5 11
4 16
4 14
4 10
3 16
3 13
3 10
2 17
2 16
2 13
2 9
1 15
1 14
1 13
1 9
0 17
0 15
0 10
0 9
----------

64448: 8 17, 7 11, 6 15, 5 12, 4 16, 3 10, 2 13, 1 14, 0 9
Frc: 9.125 | 0.125 1 0.5 0.5 0.5 0.5 1 1 0.5 0.5 0.5 1 0.5 1 0.25 0.75 0.25 0.75 1 0.375 0.25 1 0.375 0.125 1 0.25 0.625 0.5 0.375 0.125 1 
Int: 10 | 1 1 0 1 1 0 1 1 1 0 0 1 1 1 1 0 1 0 1 0 0 1 1 0 1 1 0 0 1 0 1 
BDS: 13 | 1 1 0 1 0 1 1 1 1 1 1 1 0 1 1 0 1 1 1 1 0 1 0 0 1 0 1 1 1 0 1 

