18 31

13 17
8 16
8 15
8 12
7 16
7 14
7 11
6 15
6 12
6 11
5 14
5 12
5 11
4 17
4 16
4 14
4 10
3 17
3 15
3 13
3 10
2 17
2 13
2 9
1 16
1 13
1 9
0 15
0 14
0 10
0 9
----------

39948: 8 12, 7 14, 6 15, 5 11, 4 16, 3 17, 2 9, 1 13, 0 10
Frc: 9.25 | 0.25 0.5 0.5 1 0.5 1 0.5 1 0.5 0.5 0.5 0.5 1 0.25 1 0.25 0.5 1 0.25 0.25 0.5 0.5 0.5 1 0.5 1 0.5 0.25 0.25 1 0.5 
Int: 11 | 0 1 0 1 0 1 1 1 1 0 0 1 1 1 1 1 1 1 1 0 0 0 1 1 1 1 0 0 0 1 1 
BDS: 13 | 0 1 0 1 1 1 1 1 1 0 0 1 1 1 1 1 1 1 1 1 0 0 1 1 1 1 0 0 0 1 1 

