18 31

8 17
8 16
8 12
7 16
7 14
7 11
6 16
6 12
6 11
5 17
5 14
5 12
5 11
4 15
4 14
4 10
3 17
3 16
3 13
3 10
2 15
2 13
2 9
1 15
1 14
1 13
1 9
0 17
0 15
0 10
0 9
----------

54472: 8 12, 7 16, 6 11, 5 14, 4 15, 3 17, 2 13, 1 9, 0 10
Frc: 9.25 | 0.625 0.375 1 1 0.375 0.625 0.375 0.625 1 0.25 1 0.375 0.375 1 0.4375 0.5625 1 0.25 0.5625 0.4375 0.4375 1 0.5625 0.125 0.4375 0.4375 1 0.125 0.4375 1 0.4375 
Int: 10 | 1 0 1 1 0 1 0 1 1 1 1 0 0 1 1 0 1 1 0 1 1 1 0 0 0 1 1 0 0 1 1 
BDS: 13 | 1 0 1 1 1 1 0 1 1 1 1 0 0 1 1 0 1 1 1 1 1 1 0 0 0 1 1 0 1 1 1 

