18 31

9 14
8 16
8 15
8 12
7 17
7 16
7 15
7 11
6 17
6 12
6 11
5 16
5 12
5 11
4 15
4 14
4 10
3 17
3 16
3 13
3 10
2 17
2 15
2 13
2 9
1 14
1 13
1 9
0 14
0 10
0 9
----------

53215: 8 12, 7 15, 6 11, 5 16, 4 14, 3 17, 2 13, 1 9, 0 10
Frc: 9.25 | 0.25 0.5 0.5 1 0.25 0.25 1 0.5 0.5 0.5 1 1 0.5 0.5 0.5 1 0.5 1 0.25 0.25 0.5 0.25 0.5 1 0.25 0.25 0.75 1 0.5 1 0.5 
Int: 11 | 1 0 1 1 1 0 1 0 0 1 1 1 0 1 0 1 1 1 1 0 1 0 1 1 0 0 1 1 0 1 1 
BDS: 13 | 0 1 0 1 0 0 1 1 0 1 1 1 0 1 1 1 0 1 1 1 1 1 1 1 1 1 0 1 1 1 0 

