18 31

13 17
8 16
8 14
8 12
7 17
7 16
7 14
7 11
6 17
6 12
6 11
5 15
5 14
5 12
5 11
4 16
4 15
4 10
3 15
3 13
3 10
2 16
2 13
2 9
1 15
1 13
1 9
0 17
0 14
0 10
0 9
----------

54966: 8 14, 7 17, 6 12, 5 11, 4 16, 3 15, 2 13, 1 9, 0 10
Frc: 9.25 | 0.25 0.375 1 0.625 1 0.375 0.25 0.375 0.375 1 0.625 0.25 0.375 0.375 1 1 0.5 0.5 1 0.5 0.5 0.25 1 0.75 0.75 0.25 1 0.375 0.375 1 0.25 
Int: 10 | 0 0 1 1 1 0 1 0 0 1 1 1 0 0 1 1 0 1 1 1 0 1 1 1 1 0 1 1 0 1 0 
BDS: 13 | 1 0 1 1 1 0 0 1 0 1 1 1 0 0 1 1 1 1 1 1 0 1 1 1 1 0 1 0 1 1 1 

