18 30

10 17
9 16
8 16
8 15
8 13
7 16
7 14
7 13
6 15
6 14
6 13
5 17
5 15
5 12
4 14
4 12
4 11
3 16
3 14
3 10
2 17
2 12
2 10
1 15
1 11
1 9
0 17
0 11
0 10
0 9
----------

52483: 8 15, 7 16, 6 13, 5 17, 4 14, 3 10, 2 12, 1 11, 0 9
Frc: 9.27273 | 0.0909091 0.181818 0.636364 1 0.363636 1 0.363636 0.636364 0.636364 0.363636 1 1 0.181818 0.818182 1 0.181818 0.818182 0.727273 0.272727 1 0.181818 1 0.818182 0.181818 1 0.818182 0.727273 0.181818 0.0909091 1 
Int: 10 | 0 0 1 1 0 0 1 1 1 0 1 1 0 1 1 0 1 1 0 1 0 1 1 0 1 1 1 0 0 1 
BDS: 13 | 0 1 1 1 0 1 0 1 1 0 1 1 1 0 1 1 1 1 1 1 1 1 1 1 1 0 1 0 0 1 

