18 31

10 14
8 17
8 16
8 14
8 12
7 15
7 14
7 11
6 17
6 15
6 12
6 11
5 14
5 12
5 11
4 16
4 15
4 10
3 17
3 13
3 10
2 17
2 16
2 13
2 9
1 15
1 13
1 9
0 16
0 10
0 9
----------

48179: 8 17, 7 14, 6 11, 5 12, 4 15, 3 10, 2 13, 1 9, 0 16
Frc: 9.125 | 0.125 1 0.125 0.375 0.5 0.5 1 0.5 0.125 0.375 0.5 1 0.5 1 0.5 0.5 1 0.5 0.625 0.375 1 0.25 0.375 1 0.375 0.375 0.625 1 1 0.375 0.625 
Int: 10 | 0 1 1 0 1 0 1 1 0 1 0 1 1 1 0 0 1 1 1 0 1 1 0 1 0 0 1 1 1 0 1 
BDS: 13 | 0 1 1 0 0 1 1 1 1 0 1 1 1 1 0 1 1 0 1 1 1 0 0 1 1 1 0 1 1 1 1 

