18 32

11 15
8 16
8 14
8 12
7 16
7 13
7 11
6 16
6 12
6 11
5 14
5 13
5 12
5 11
4 17
4 15
4 10
3 17
3 16
3 13
3 10
2 17
2 15
2 14
2 9
1 17
1 15
1 13
1 9
0 14
0 10
0 9
----------

60014: 8 16, 7 11, 6 12, 5 14, 4 17, 3 13, 2 15, 1 9, 0 10
Frc: 9.14286 | 0.142857 1 0.428571 0.571429 0.428571 0.571429 1 0.428571 1 0.571429 1 0.285714 0.428571 0.285714 1 0.428571 0.571429 0.428571 0.142857 1 0.428571 0.142857 1 0.285714 0.571429 0.428571 0.428571 0.142857 1 0.571429 1 0.428571 
Int: 10 | 0 1 0 1 1 1 1 0 1 1 1 0 1 0 1 0 1 1 0 1 0 0 1 1 0 0 1 0 1 0 1 1 
BDS: 13 | 0 1 1 1 0 1 1 0 1 1 1 1 0 0 1 1 1 1 1 1 0 1 1 0 0 0 1 0 1 1 1 1 

