18 30

13 17
9 14
8 17
8 15
8 14
7 16
7 15
7 13
6 16
6 13
6 12
5 15
5 13
5 12
4 17
4 15
4 11
3 16
3 14
3 10
2 16
2 12
2 10
1 14
1 11
1 9
0 17
0 11
0 10
0 9
----------

53836: 8 14, 7 13, 6 12, 5 15, 4 17, 3 16, 2 10, 1 11, 0 9
Frc: 9.22222 | 0.111111 0.111111 0.777778 0.222222 1 0.333333 0.666667 1 0.444444 0.555556 1 1 0.333333 0.666667 1 0.111111 0.888889 1 0.777778 0.222222 0.222222 0.777778 1 0.111111 1 0.888889 0.111111 0.111111 0.777778 1 
Int: 10 | 0 0 1 0 1 1 1 1 0 1 1 1 0 1 1 0 1 1 1 0 0 1 1 0 1 1 0 0 1 1 
BDS: 13 | 1 1 0 1 1 0 1 1 0 1 1 1 0 1 1 0 1 1 1 1 1 1 1 1 1 0 0 1 0 1 

