18 30

9 16
8 16
8 15
8 14
7 17
7 16
7 13
6 17
6 13
6 12
5 14
5 13
5 12
4 15
4 14
4 11
3 16
3 15
3 10
2 17
2 14
2 12
2 10
1 17
1 15
1 11
1 9
0 11
0 10
0 9
----------

41152: 8 15, 7 13, 6 17, 5 12, 4 14, 3 16, 2 10, 1 9, 0 11
Frc: 9.16667 | 0.166667 0.666667 1 0.333333 0.5 0.5 1 1 0.5 0.5 0.5 0.5 1 0.166667 1 0.833333 1 0.166667 0.833333 0.333333 0.166667 0.5 1 0.166667 0.666667 0.166667 1 1 0.166667 0.833333 
Int: 10 | 0 1 1 0 0 1 1 1 0 1 0 1 1 0 1 1 1 0 1 1 1 0 1 0 1 0 1 1 0 1 
BDS: 13 | 1 0 1 1 1 1 1 1 0 1 1 1 1 0 1 1 1 0 1 0 1 0 1 0 1 1 1 1 1 0 

