18 31

12 17
8 16
8 15
8 11
7 16
7 14
7 11
6 17
6 14
6 13
6 11
5 17
5 13
5 10
4 15
4 13
4 10
3 17
3 15
3 12
3 10
2 16
2 14
2 9
1 16
1 12
1 9
0 15
0 14
0 12
0 9
----------

60929: 8 11, 7 14, 6 17, 5 10, 4 13, 3 15, 2 16, 1 12, 0 9
Frc: 9.25 | 0.25 0.25 0.75 1 0.25 1 0.75 1 0.25 0.5 0.25 0.5 0.5 1 0.5 1 0.5 0.25 1 0.25 0.5 1 0.5 0.5 0.5 1 0.5 0.25 0.25 0.5 1 
Int: 10 | 1 0 1 1 0 1 1 1 0 1 0 0 1 1 1 1 0 0 1 0 1 1 0 1 1 1 0 0 1 0 1 
BDS: 13 | 1 1 0 1 1 1 0 1 0 1 1 0 1 1 1 1 0 0 1 0 1 1 1 1 1 1 0 1 0 1 1 

