18 31

10 17
8 17
8 16
8 15
8 11
7 17
7 16
7 14
7 11
6 14
6 13
6 11
5 15
5 13
5 10
4 14
4 13
4 10
3 17
3 16
3 12
3 10
2 15
2 14
2 9
1 16
1 12
1 9
0 15
0 12
0 9
----------

49983: 8 11, 7 17, 6 14, 5 13, 4 10, 3 16, 2 15, 1 9, 0 12
Frc: 9.2 | 0.2 0.5 0.2 0.3 1 1 0.4 0.1 0.5 1 0.5 0.5 0.5 1 0.5 0.5 0.5 1 0.3 1 0.4 0.3 1 0.4 0.6 0.4 0.6 1 0.6 1 0.4 
Int: 10 | 1 0 1 0 1 1 0 0 1 1 1 0 1 1 0 1 0 1 0 1 1 0 1 0 1 1 0 1 1 1 0 
BDS: 13 | 0 1 0 1 1 1 1 1 1 1 1 0 1 1 0 0 1 1 0 1 1 1 1 0 1 0 1 1 1 1 0 

50422: 8 17, 7 11, 6 14, 5 13, 4 10, 3 16, 2 15, 1 9, 0 12
Frc: 9.2 | 0.2 1 0.2 0.3 0.5 0.5 0.4 0.1 1 1 0.5 0.5 0.5 1 0.5 0.5 0.5 1 0.3 1 0.4 0.3 1 0.4 0.6 0.4 0.6 1 0.6 1 0.4 
Int: 10 | 1 1 0 0 1 0 1 0 1 1 1 0 1 1 0 1 0 1 0 1 1 0 1 0 1 1 0 1 1 1 0 
BDS: 13 | 0 1 0 1 1 1 1 1 1 1 1 0 1 1 0 0 1 1 0 1 1 1 1 0 1 0 1 1 1 1 0 

