18 31

13 17
8 16
8 14
8 11
7 17
7 15
7 14
7 11
6 16
6 13
6 11
5 17
5 16
5 13
5 10
4 17
4 15
4 13
4 10
3 16
3 12
3 10
2 15
2 14
2 9
1 15
1 12
1 9
0 14
0 12
0 9
----------

38795: 8 16, 7 14, 6 11, 5 13, 4 17, 3 10, 2 9, 1 15, 0 12
Frc: 9.125 | 0.125 1 0.25 0.75 0.625 0.125 1 0.25 0.25 0.75 1 0.25 0.25 1 0.5 1 0.375 0.125 0.5 0.5 0.5 1 0.5 0.5 1 1 0.5 0.5 0.5 1 0.5 
Int: 10 | 0 1 0 1 1 0 1 0 0 1 1 1 0 1 0 1 1 0 1 1 0 1 0 1 1 1 1 0 0 1 1 
BDS: 13 | 0 1 1 0 1 0 1 1 1 1 1 0 0 1 1 1 1 0 1 0 1 1 0 1 1 1 1 1 1 1 0 

