18 31

12 17
8 17
8 16
8 15
8 11
7 17
7 16
7 14
7 11
6 16
6 13
6 11
5 16
5 13
5 10
4 15
4 13
4 10
3 17
3 14
3 12
3 10
2 15
2 14
2 9
1 15
1 12
1 9
0 14
0 12
0 9
----------

60139: 8 11, 7 17, 6 16, 5 10, 4 13, 3 14, 2 15, 1 12, 0 9
Frc: 9.2 | 0.2 0.5 0.2 0.3 1 1 0.3 0.2 0.5 1 0.5 0.5 0.5 0.5 1 0.5 1 0.5 0.3 1 0.2 0.5 1 0.4 0.6 0.6 1 0.4 0.4 0.6 1 
Int: 10 | 1 0 0 1 1 1 1 0 0 1 0 1 0 1 1 1 1 0 0 1 0 1 1 0 1 1 1 0 1 0 1 
BDS: 13 | 0 1 0 1 1 1 1 1 1 1 1 0 0 1 1 1 1 0 0 1 1 1 1 0 1 1 1 0 0 1 1 

60671: 8 17, 7 11, 6 16, 5 10, 4 13, 3 14, 2 15, 1 12, 0 9
Frc: 9.2 | 0.2 1 0.2 0.3 0.5 0.5 0.3 0.2 1 1 0.5 0.5 0.5 0.5 1 0.5 1 0.5 0.3 1 0.2 0.5 1 0.4 0.6 0.6 1 0.4 0.4 0.6 1 
Int: 10 | 1 1 0 0 1 0 1 0 1 1 1 0 0 1 1 0 1 1 0 1 0 1 1 0 1 1 1 0 1 0 1 
BDS: 13 | 0 1 0 1 1 1 1 1 1 1 1 0 0 1 1 1 1 0 0 1 1 1 1 0 1 1 1 0 0 1 1 

63085: 8 11, 7 17, 6 13, 5 16, 4 10, 3 14, 2 15, 1 12, 0 9
Frc: 9.2 | 0.2 0.5 0.2 0.3 1 1 0.3 0.2 0.5 0.5 1 0.5 1 0.5 0.5 0.5 0.5 1 0.3 1 0.2 0.5 1 0.4 0.6 0.6 1 0.4 0.4 0.6 1 
Int: 10 | 1 1 0 0 1 1 1 0 0 0 1 1 1 1 0 0 1 1 0 1 0 1 1 0 1 1 1 0 1 0 1 
BDS: 13 | 0 1 0 1 1 1 1 1 1 1 1 0 1 0 1 0 1 1 0 1 1 1 1 0 1 1 1 0 0 1 1 

