18 31

12 17
8 16
8 14
8 11
7 16
7 14
7 11
6 17
6 16
6 13
6 11
5 17
5 13
5 10
4 15
4 14
4 13
4 10
3 17
3 15
3 12
3 10
2 15
2 14
2 9
1 16
1 12
1 9
0 15
0 12
0 9
----------

51906: 8 14, 7 11, 6 16, 5 17, 4 13, 3 10, 2 15, 1 9, 0 12
Frc: 9.25 | 0.25 0.25 1 0.75 0.75 0.25 1 0.25 1 0.5 0.25 1 0.5 0.5 0.25 0.25 1 0.5 0.5 0.25 0.25 1 1 0.5 0.5 0.5 0.5 1 0.5 1 0.5 
Int: 10 | 1 0 1 1 1 0 1 1 1 0 0 1 1 0 0 0 1 1 0 1 0 1 1 1 0 1 0 1 0 1 1 
BDS: 13 | 0 1 1 0 0 1 1 0 1 1 1 1 1 0 0 1 1 1 1 0 0 1 1 1 1 1 1 1 1 1 0 

