18 31

12 14
8 17
8 14
8 11
7 17
7 16
7 13
7 11
6 14
6 13
6 11
5 17
5 15
5 14
5 10
4 17
4 15
4 13
4 10
3 16
3 12
3 10
2 16
2 15
2 9
1 16
1 12
1 9
0 15
0 12
0 9
----------

48604: 8 11, 7 13, 6 14, 5 17, 4 10, 3 16, 2 15, 1 9, 0 12
Frc: 9.21429 | 0.214286 0.5 0.5 1 0.214286 0.285714 1 0.5 1 0.5 0.5 1 0.5 0.285714 0.214286 0.285714 0.214286 0.5 1 1 0.214286 0.785714 0.428571 1 0.571429 0.428571 0.571429 1 0.571429 1 0.428571 
Int: 10 | 1 1 0 1 0 0 1 1 1 1 0 1 0 0 1 0 1 0 1 1 1 0 1 1 0 1 0 1 0 1 1 
BDS: 13 | 0 0 1 1 0 1 1 1 1 1 0 1 1 1 1 1 0 1 1 1 1 0 0 1 1 0 1 1 1 1 0 

