18 31

12 17
8 17
8 15
8 14
8 11
7 17
7 13
7 11
6 15
6 13
6 11
5 16
5 15
5 14
5 10
4 17
4 16
4 13
4 10
3 14
3 12
3 10
2 16
2 14
2 9
1 16
1 12
1 9
0 15
0 12
0 9
----------

32605: 8 15, 7 11, 6 13, 5 10, 4 17, 3 14, 2 9, 1 16, 0 12
Frc: 9.25 | 0.25 0.25 1 0.25 0.5 0.5 0.5 1 0.5 1 0.5 0.25 0.5 0.25 1 1 0.25 0.5 0.25 1 0.25 0.75 0.5 0.5 1 1 0.5 0.5 0.5 1 0.5 
Int: 10 | 0 0 1 0 1 1 0 1 0 1 1 0 1 0 1 1 1 1 0 1 0 1 0 1 1 1 1 0 0 1 1 
BDS: 13 | 1 0 1 0 1 0 1 1 1 1 0 0 0 1 1 1 1 1 1 1 1 0 0 1 1 1 1 1 1 1 0 

