18 31

13 17
12 14
8 17
8 14
8 11
7 16
7 13
7 11
6 14
6 13
6 11
5 17
5 16
5 14
5 10
4 17
4 15
4 13
4 10
3 15
3 12
3 10
2 16
2 15
2 9
1 16
1 12
1 9
0 15
0 12
0 9
----------

61766: 8 14, 7 11, 6 13, 5 17, 4 10, 3 12, 2 15, 1 16, 0 9
Frc: 9.22222 | 0.111111 0.111111 0.5 1 0.5 0.5 0.5 1 0.5 1 0.5 1 0.388889 0.388889 0.222222 0.388889 0.222222 0.388889 1 0.222222 1 0.777778 0.555556 1 0.444444 1 0.444444 0.555556 0.555556 0.444444 1 
Int: 10 | 0 1 1 1 0 1 0 1 0 1 1 1 0 0 1 0 0 1 1 1 1 0 1 1 0 1 0 1 1 0 1 
BDS: 13 | 0 1 1 1 1 1 1 1 1 1 0 1 0 1 0 1 0 0 1 1 1 1 1 1 0 1 0 1 1 0 1 

