18 32

9 17
8 16
8 14
8 11
7 16
7 13
7 11
6 14
6 13
6 11
5 16
5 14
5 10
4 17
4 15
4 13
4 10
3 17
3 16
3 12
3 10
2 15
2 14
2 13
2 9
1 15
1 12
1 9
0 17
0 15
0 12
0 9
----------

50916: 8 11, 7 16, 6 13, 5 14, 4 17, 3 10, 2 9, 1 15, 0 12
Frc: 9.2 | 0.2 0.6 0.4 1 1 0.6 0.4 0.4 1 0.6 0.2 1 0.8 1 0.3 0.5 0.2 0.3 0.2 0.5 1 0.5 0.2 0.3 1 1 0.5 0.5 0.5 0.2 1 0.3 
Int: 10 | 0 1 0 1 1 1 0 1 0 1 0 1 1 1 1 0 0 0 0 1 1 0 0 1 1 1 0 1 1 0 1 0 
BDS: 13 | 1 1 0 1 1 1 0 0 1 1 1 1 1 1 1 0 0 1 0 0 1 1 1 1 1 1 1 0 1 0 1 0 

