18 32

9 17
8 16
8 15
8 11
7 16
7 13
7 11
6 15
6 13
6 11
5 17
5 15
5 14
5 10
4 16
4 13
4 10
3 14
3 13
3 12
3 10
2 17
2 15
2 14
2 9
1 17
1 16
1 12
1 9
0 14
0 12
0 9
----------

50367: 8 15, 7 11, 6 13, 5 14, 4 16, 3 10, 2 9, 1 17, 0 12
Frc: 9.2 | 0.2 0.4 1 0.6 0.4 0.6 1 0.6 1 0.4 0.3 0.5 1 0.2 1 0.2 0.8 0.3 0.2 0.5 1 0.5 0.3 0.2 1 1 0.2 0.5 0.3 0.5 1 0.5 
Int: 10 | 0 1 1 1 0 1 1 1 1 0 1 0 1 0 1 0 1 1 0 0 1 0 1 0 1 1 0 1 0 0 1 1 
BDS: 13 | 0 0 1 1 0 1 1 1 1 0 1 0 1 0 1 1 1 1 0 0 1 1 1 0 1 1 1 1 0 1 1 1 

