18 32

10 17
8 16
8 15
8 11
7 15
7 13
7 11
6 17
6 14
6 13
6 11
5 16
5 15
5 10
4 16
4 14
4 10
3 14
3 13
3 12
3 10
2 17
2 16
2 15
2 9
1 17
1 14
1 12
1 9
0 13
0 12
0 9
----------

41886: 8 15, 7 13, 6 11, 5 10, 4 16, 3 14, 2 9, 1 17, 0 12
Frc: 9.16667 | 0.166667 0.5 1 0.5 0.5 1 0.5 0.166667 0.333333 0.5 1 0.333333 0.666667 1 1 0.333333 0.666667 1 0.166667 0.666667 0.166667 0.666667 0.166667 0.166667 1 1 0.333333 0.333333 0.333333 0.333333 1 0.666667 
Int: 10 | 1 0 1 1 1 1 0 1 0 0 1 1 0 1 1 1 0 1 0 1 0 0 0 1 1 1 0 0 1 1 1 0 
BDS: 13 | 0 1 1 0 1 1 1 1 1 0 1 0 1 1 1 0 1 1 1 1 1 0 0 1 1 1 0 0 1 0 1 1 

