18 32

9 17
8 16
8 15
8 11
7 16
7 14
7 11
6 14
6 13
6 11
5 16
5 13
5 10
4 15
4 14
4 13
4 10
3 17
3 15
3 12
3 10
2 17
2 16
2 13
2 9
1 15
1 12
1 9
0 17
0 14
0 12
0 9
----------

61696: 8 11, 7 16, 6 14, 5 13, 4 10, 3 15, 2 17, 1 9, 0 12
Frc: 9.2 | 0.2 0.5 0.5 1 1 0.5 0.5 1 0.5 0.5 0.2 1 0.8 0.5 0.3 0.2 1 0.4 1 0.4 0.2 1 0.3 0.3 0.4 0.4 0.6 1 0.4 0.2 1 0.4 
Int: 10 | 0 1 0 1 1 1 0 1 1 1 0 1 1 1 0 0 1 1 1 0 0 1 0 0 1 0 1 1 0 1 1 0 
BDS: 13 | 0 1 1 1 1 1 0 1 1 1 1 1 0 0 0 1 1 1 1 1 1 1 0 0 1 1 0 1 0 0 1 1 

