18 29

9 12
8 17
8 16
8 15
7 17
7 16
7 14
6 16
6 15
6 14
5 15
5 13
5 12
4 16
4 13
4 11
3 17
3 14
3 13
3 10
2 17
2 12
2 10
1 15
1 11
1 9
0 11
0 10
0 9
----------

44822: 8 16, 7 14, 6 15, 5 12, 4 13, 3 10, 2 17, 1 11, 0 9
Frc: 9.125 | 0.125 0.375 1 0.625 0.5 0.5 1 0.375 1 0.625 0.25 0.75 1 0.125 1 0.875 0.125 0.625 0.25 1 1 0.875 0.125 0.125 1 0.875 0.125 0.875 1 
Int: 10 | 0 0 1 1 1 1 1 0 1 1 0 1 1 0 1 1 0 1 0 1 1 1 0 0 1 1 0 1 1 
BDS: 13 | 1 0 1 1 0 1 1 0 1 1 1 0 1 0 1 1 1 1 1 1 1 1 1 1 1 0 1 0 1 

