18 30

12 17
9 12
8 16
8 15
8 13
7 16
7 14
7 13
6 15
6 14
6 13
5 17
5 14
5 12
4 17
4 14
4 11
3 16
3 15
3 10
2 16
2 12
2 10
1 15
1 11
1 9
0 17
0 11
0 10
0 9
----------

51747: 8 15, 7 13, 6 14, 5 12, 4 17, 3 10, 2 16, 1 11, 0 9
Frc: 9.25 | 0.125 0.125 0.375 1 0.625 0.375 0.625 1 0.625 1 0.375 0.75 0.25 1 1 0.125 0.875 0.25 0.75 1 1 0.75 0.25 0.125 1 0.875 0.125 0.125 0.75 1 
Int: 10 | 0 0 0 1 1 1 1 1 1 1 0 1 0 1 1 0 1 0 1 1 1 1 0 0 1 1 0 0 1 1 
BDS: 13 | 0 1 0 1 1 0 1 1 1 1 0 1 1 1 1 0 1 1 1 1 1 1 1 1 1 0 0 1 0 1 

