18 30

11 13
10 16
9 17
9 14
8 17
8 16
7 15
7 14
7 12
6 15
6 13
6 12
5 14
5 13
5 12
4 17
4 16
4 11
3 17
3 14
3 11
2 16
2 15
2 10
1 15
1 13
1 9
0 12
0 10
0 8
----------

39916: 8 16, 7 12, 6 13, 5 14, 4 11, 3 17, 2 15, 1 9, 0 10
Frc: 9.26316 | 0.105263 0.0526316 0.789474 0.210526 0.105263 1 0.315789 0.684211 1 0.421053 1 0.578947 1 0.684211 0.315789 0.105263 0.894737 1 1 0.105263 0.894737 0.0526316 1 0.947368 0.263158 0.736842 1 0.105263 1 0.894737 
Int: 10 | 0 0 1 0 0 1 0 1 1 1 1 0 1 1 0 0 1 1 1 0 1 0 1 1 0 1 1 1 1 1 
BDS: 13 | 1 1 0 1 1 1 0 1 1 0 1 1 1 1 0 0 1 1 1 1 0 0 1 1 1 1 1 1 1 0 

