18 30

11 17
10 13
9 17
9 16
8 17
8 16
7 17
7 14
7 13
6 16
6 15
6 12
5 16
5 14
5 12
4 15
4 14
4 12
3 13
3 12
3 11
2 13
2 11
2 10
1 15
1 14
1 9
0 15
0 10
0 8
----------

40152: 8 17, 7 14, 6 16, 5 12, 4 15, 3 13, 2 11, 1 9, 0 10
Frc: 9.25 | 0.125 0.0625 0.75 0.25 1 0.0625 0.125 1 0.875 1 0.6875 0.3125 0.6875 0.3125 1 1 0.4375 0.5625 1 0.125 0.875 0.0625 1 0.9375 0.75 0.25 1 0.0625 1 0.9375 
Int: 10 | 0 0 1 0 1 0 0 1 1 1 1 0 1 1 1 1 0 1 1 0 1 0 1 1 1 0 1 0 1 1 
BDS: 13 | 1 1 0 1 1 1 0 1 1 1 1 0 1 0 1 1 0 1 1 1 0 0 1 1 1 1 1 1 1 0 

