18 30

11 17
10 14
9 16
9 15
8 16
8 15
7 16
7 15
7 12
6 16
6 14
6 12
5 15
5 14
5 12
4 17
4 13
4 12
3 17
3 13
3 11
2 13
2 11
2 10
1 17
1 14
1 9
0 13
0 10
0 8
----------

40429: 8 16, 7 15, 6 12, 5 14, 4 17, 3 13, 2 11, 1 9, 0 10
Frc: 9.27273 | 0.0909091 0.0909091 0.272727 0.727273 1 0.0909091 0.454545 1 0.545455 0.272727 0.727273 1 0.727273 1 0.272727 1 0.818182 0.181818 0.0909091 1 0.909091 0.0909091 1 0.909091 0.818182 0.181818 1 0.0909091 1 0.909091 
Int: 10 | 0 0 0 1 1 0 0 1 1 1 1 1 1 1 0 1 1 0 0 1 1 0 1 1 1 0 1 0 1 1 
BDS: 13 | 1 1 1 1 1 0 0 1 1 0 1 1 1 1 0 1 0 1 0 1 1 0 1 1 0 1 1 1 1 1 

40544: 8 15, 7 16, 6 14, 5 12, 4 17, 3 13, 2 11, 1 9, 0 10
Frc: 9.27273 | 0.0909091 0.0909091 0.727273 0.272727 0.0909091 1 1 0.454545 0.545455 0.727273 1 0.272727 0.272727 0.727273 1 1 0.818182 0.181818 0.0909091 1 0.909091 0.0909091 1 0.909091 0.818182 0.181818 1 0.0909091 1 0.909091 
Int: 10 | 0 0 1 0 0 1 1 0 1 1 1 0 1 1 1 1 1 0 0 1 1 0 1 1 1 0 1 0 1 1 
BDS: 13 | 1 1 1 1 0 1 1 0 1 1 1 0 0 1 1 1 0 1 0 1 1 0 1 1 0 1 1 1 1 1 

