18 30

11 17
10 15
9 17
9 15
8 16
8 13
7 17
7 14
7 13
6 16
6 15
6 12
5 16
5 14
5 12
4 15
4 14
4 12
3 17
3 13
3 11
2 13
2 11
2 10
1 16
1 14
1 9
0 11
0 10
0 8
----------

41134: 8 16, 7 17, 6 12, 5 14, 4 15, 3 13, 2 11, 1 9, 0 10
Frc: 9.27273 | 0.0909091 0.0909091 0.727273 0.272727 1 0.0909091 1 0.181818 0.818182 0.363636 0.636364 1 0.363636 1 0.636364 1 0.636364 0.363636 0.181818 1 0.818182 0.0909091 1 0.909091 0.272727 0.727273 1 0.0909091 1 0.909091 
Int: 10 | 0 0 1 0 1 0 1 0 1 1 1 1 0 1 1 1 1 0 0 1 1 0 1 1 0 1 1 0 1 1 
BDS: 13 | 1 1 0 1 1 1 1 1 0 0 1 1 0 1 1 1 1 0 0 1 1 0 1 1 1 1 1 0 1 1 

