18 29

10 17
9 17
9 12
8 15
8 14
7 16
7 15
7 13
6 16
6 14
6 13
5 15
5 14
5 13
4 17
4 15
4 11
3 16
3 14
3 11
2 16
2 12
2 10
1 12
1 11
1 9
0 17
0 10
0 8
----------

42462: 9 17, 7 16, 6 13, 5 15, 4 11, 3 14, 2 10, 1 12, 0 8
Frc: 9.27273 | 0.0909091 1 0.181818 0.727273 0.272727 1 0.636364 0.363636 0.636364 0.363636 1 1 0.363636 0.636364 0.818182 0.181818 1 0.181818 1 0.818182 0.181818 0.818182 1 1 0.181818 0.818182 0.0909091 0.909091 1 
Int: 10 | 0 1 0 1 0 1 1 0 1 1 1 1 0 1 1 0 1 0 1 1 0 1 1 1 0 1 0 1 1 
BDS: 13 | 1 1 0 1 1 1 1 0 1 0 1 1 0 1 0 1 1 0 1 1 1 1 1 1 1 1 0 1 1 

