18 30

11 17
10 17
9 14
9 12
8 17
8 16
7 15
7 14
7 13
6 15
6 14
6 12
5 15
5 13
5 12
4 17
4 16
4 11
3 16
3 15
3 11
2 16
2 14
2 10
1 13
1 11
1 9
0 13
0 10
0 8
----------

40977: 8 17, 7 15, 6 12, 5 13, 4 16, 3 11, 2 14, 1 9, 0 10
Frc: 9.23077 | 0.0769231 0.0769231 0.230769 0.769231 1 0.0769231 1 0.307692 0.692308 0.538462 0.461538 1 0.307692 1 0.692308 0.846154 1 0.153846 0.846154 0.153846 1 0.0769231 1 0.923077 0.230769 0.769231 1 0.0769231 1 0.923077 
Int: 10 | 0 0 0 1 1 0 1 0 1 1 1 1 0 1 1 1 1 0 1 0 1 0 1 1 0 1 1 0 1 1 
BDS: 13 | 1 0 1 1 1 0 1 0 1 1 0 1 0 1 1 1 1 0 0 1 1 1 1 1 1 0 1 1 1 1 

