18 30

10 17
9 17
9 15
8 15
8 12
7 16
7 15
7 13
6 16
6 14
6 13
5 15
5 14
5 13
4 17
4 16
4 11
3 14
3 12
3 11
2 17
2 12
2 11
2 10
1 16
1 14
1 9
0 13
0 10
0 8
----------

41638: 8 12, 7 15, 6 16, 5 13, 4 17, 3 14, 2 11, 1 9, 0 10
Frc: 9.25 | 0.166667 0.75 0.25 0.0833333 1 0.666667 1 0.333333 1 0.416667 0.583333 0.666667 0.333333 1 1 0.0833333 0.916667 1 0.916667 0.0833333 0.0833333 0.0833333 1 0.833333 0.75 0.25 1 0.0833333 1 0.916667 
Int: 10 | 0 1 0 0 1 1 1 0 1 1 1 1 0 1 1 0 1 1 1 0 0 0 1 1 1 0 1 0 1 1 
BDS: 13 | 1 0 1 1 1 1 1 0 1 0 1 1 0 1 1 1 0 1 1 1 0 0 1 1 1 1 1 1 1 0 

