18 30

9 15
8 17
8 16
8 14
7 15
7 14
7 13
6 17
6 16
6 12
5 16
5 14
5 12
4 16
4 15
4 11
3 17
3 13
3 12
3 10
2 15
2 11
2 10
1 14
1 13
1 9
0 17
0 11
0 10
0 9
----------

39378: 8 16, 7 13, 6 12, 5 14, 4 15, 3 10, 2 11, 1 9, 0 17
Frc: 9.11765 | 0.117647 0.411765 1 0.588235 0.823529 0.176471 1 0.470588 0.529412 1 0.411765 1 0.588235 0.0588235 1 0.941176 0.117647 0.235294 0.647059 1 0.0588235 1 0.941176 0.235294 0.764706 1 1 0.0588235 0.0588235 0.882353 
Int: 10 | 0 1 1 1 1 0 1 0 1 1 0 1 1 0 1 1 0 0 1 1 0 1 1 0 1 1 1 0 0 1 
BDS: 13 | 0 0 1 1 1 0 1 0 1 1 0 1 1 1 1 0 1 1 1 1 1 1 0 1 0 1 1 1 1 1 

