18 29

10 17
9 16
9 15
8 17
8 14
7 16
7 15
7 13
6 16
6 14
6 13
5 15
5 14
5 13
4 15
4 12
4 11
3 17
3 11
3 10
2 12
2 11
2 10
1 17
1 14
1 9
0 16
0 12
0 8
----------

36052: 8 17, 7 16, 6 14, 5 13, 4 15, 3 11, 2 10, 1 9, 0 12
Frc: 9.25 | 0.125 0.75 0.25 1 0.125 1 0.375 0.625 0.625 1 0.375 0.375 0.625 1 1 0.125 0.875 0.125 1 0.875 0.875 0.125 1 0.75 0.25 1 0.125 1 0.875 
Int: 10 | 0 1 0 1 0 1 1 1 1 1 0 0 1 1 1 0 1 0 1 1 1 0 1 1 0 1 0 1 1 
BDS: 13 | 1 1 1 1 1 1 0 1 1 1 0 0 1 1 1 1 1 1 1 0 1 0 1 0 1 1 1 1 0 

