18 29

10 16
9 17
9 16
8 17
8 16
7 17
7 15
7 14
6 17
6 15
6 13
5 15
5 14
5 13
4 14
4 12
4 11
3 16
3 11
3 10
2 12
2 11
2 10
1 14
1 13
1 9
0 15
0 12
0 8
----------

35841: 8 16, 7 15, 6 17, 5 13, 4 14, 3 11, 2 10, 1 9, 0 12
Frc: 9.22222 | 0.111111 0.222222 0.777778 0.111111 1 0.666667 1 0.333333 1 0.333333 0.666667 0.555556 0.444444 1 1 0.111111 0.888889 0.111111 1 0.888889 0.888889 0.111111 1 0.222222 0.777778 1 0.111111 1 0.888889 
Int: 10 | 0 0 1 0 1 1 1 0 1 0 1 1 1 1 1 0 1 0 1 1 1 0 1 0 1 1 0 1 1 
BDS: 13 | 1 1 0 1 1 1 1 0 1 0 1 1 0 1 1 1 1 1 1 0 1 0 1 1 1 1 1 1 0 

