18 29

10 15
9 15
9 13
8 17
8 13
7 17
7 16
7 14
6 16
6 13
6 12
5 17
5 16
5 11
4 16
4 14
4 11
3 17
3 15
3 10
2 14
2 12
2 10
1 15
1 12
1 9
0 14
0 11
0 8
----------

41796: 9 15, 7 16, 6 13, 5 17, 4 11, 3 10, 2 14, 1 12, 0 8
Frc: 9.22222 | 0.111111 1 0.111111 0.111111 0.888889 0.666667 1 0.333333 0.111111 1 0.888889 1 0.333333 0.666667 0.555556 0.444444 1 0.222222 0.777778 1 1 0.111111 0.888889 0.111111 1 0.888889 0.222222 0.777778 1 
Int: 10 | 0 1 0 0 1 1 1 0 0 1 1 1 0 1 1 1 1 0 1 1 1 0 1 0 1 1 0 1 1 
BDS: 13 | 0 1 1 1 0 1 1 0 1 1 0 1 0 1 1 0 1 1 1 1 1 1 1 0 1 1 1 1 1 

