18 29

9 12
8 17
8 16
8 15
7 17
7 16
7 14
6 16
6 15
6 14
5 15
5 13
5 12
4 17
4 14
4 11
3 16
3 13
3 10
2 13
2 11
2 10
1 15
1 12
1 9
0 17
0 11
0 10
0 9
----------

35826: 8 16, 7 14, 6 15, 5 12, 4 11, 3 13, 2 10, 1 9, 0 17
Frc: 9.22222 | 0.222222 0.333333 1 0.666667 0.444444 0.555556 1 0.333333 1 0.666667 0.111111 0.888889 1 0.222222 0.777778 1 0.111111 1 0.888889 0.111111 0.888889 1 0.222222 0.777778 1 1 0.111111 0.111111 0.777778 
Int: 10 | 0 0 1 1 1 1 1 0 1 1 0 1 1 0 1 1 0 1 1 0 1 1 0 1 1 1 0 0 1 
BDS: 13 | 0 0 1 1 0 1 1 0 1 1 0 1 1 1 1 1 1 1 0 1 0 1 1 1 1 1 1 1 1 

