18 30

11 17
10 13
9 17
9 16
8 15
8 12
7 17
7 16
7 13
6 15
6 14
6 12
5 15
5 14
5 11
4 14
4 12
4 11
3 17
3 14
3 10
2 16
2 13
2 10
1 16
1 15
1 9
0 13
0 11
0 8
----------

47895: 9 17, 7 13, 6 12, 5 14, 4 11, 3 10, 2 16, 1 15, 0 8
Frc: 9.23529 | 0.0588235 0.117647 1 0.0588235 0.235294 0.764706 0.117647 0.882353 1 0.470588 0.529412 1 0.294118 1 0.705882 0.294118 0.705882 1 0.823529 0.176471 1 1 0.117647 0.882353 0.0588235 1 0.941176 0.764706 0.235294 1 
Int: 10 | 0 0 1 0 0 1 0 1 1 0 1 1 1 1 1 0 1 1 1 0 1 1 0 1 0 1 1 1 0 1 
BDS: 13 | 1 1 1 0 1 1 1 0 1 0 1 1 0 1 1 0 1 1 0 1 1 1 0 1 1 1 1 0 1 1 

