18 31

9 12
8 16
8 15
8 13
7 16
7 14
7 13
6 15
6 14
6 13
5 16
5 15
5 12
4 17
4 16
4 15
4 11
3 14
3 12
3 10
2 17
2 13
2 11
2 10
1 17
1 14
1 9
0 17
0 11
0 10
0 9
----------

64346: 8 15, 7 13, 6 14, 5 16, 4 11, 3 12, 2 10, 1 17, 0 9
Frc: 9.16667 | 0.166667 0.5 1 0.5 0.333333 0.666667 1 0.666667 1 0.333333 1 0.166667 0.833333 0.333333 0.166667 0.5 1 0.166667 1 0.833333 0.5 0.166667 0.333333 1 1 0.166667 0.833333 0.166667 0.666667 0.166667 1 
Int: 10 | 0 1 1 0 1 0 1 0 1 1 1 0 1 0 0 1 1 1 1 1 1 0 0 1 1 0 1 0 1 0 1 
BDS: 13 | 1 0 1 1 0 1 1 1 1 0 1 0 1 0 1 1 1 1 1 1 1 0 0 1 1 1 0 1 1 0 1 

