18 29

10 17
9 16
9 14
8 16
8 13
7 16
7 15
7 12
6 17
6 15
6 11
5 17
5 14
5 11
4 15
4 14
4 11
3 14
3 13
3 10
2 17
2 12
2 10
1 15
1 13
1 9
0 16
0 12
0 8
----------

33747: 8 13, 7 16, 6 15, 5 11, 4 14, 3 10, 2 17, 1 9, 0 12
Frc: 9.22222 | 0.111111 0.777778 0.222222 0.111111 1 1 0.111111 0.888889 0.444444 1 0.555556 0.444444 0.555556 1 0.555556 1 0.444444 0.222222 0.777778 1 1 0.111111 0.888889 0.777778 0.222222 1 0.111111 1 0.888889 
Int: 10 | 0 1 0 0 1 1 0 1 0 1 1 1 1 1 0 1 1 0 1 1 1 0 1 1 0 1 0 1 1 
BDS: 13 | 0 0 1 1 1 1 1 0 1 1 1 0 1 1 1 1 0 1 0 1 1 1 1 1 1 1 0 1 1 

