18 29

10 15
9 16
9 13
8 15
8 11
7 17
7 16
7 14
6 17
6 16
6 13
5 17
5 14
5 13
4 17
4 15
4 12
3 16
3 15
3 10
2 14
2 11
2 10
1 14
1 12
1 9
0 12
0 11
0 8
----------

36091: 8 15, 7 17, 6 13, 5 14, 4 12, 3 16, 2 10, 1 9, 0 11
Frc: 9.23077 | 0.0769231 0.230769 0.769231 1 0.153846 1 0.307692 0.692308 0.538462 0.461538 1 0.307692 1 0.692308 0.153846 0.846154 1 1 0.0769231 0.923077 0.153846 0.846154 1 0.153846 0.846154 1 0.153846 1 0.846154 
Int: 10 | 0 0 1 1 0 1 1 1 1 0 1 0 1 1 0 1 1 1 0 1 0 1 1 0 1 1 0 1 1 
BDS: 13 | 0 1 1 1 0 1 0 1 1 0 1 0 1 1 1 0 1 1 1 1 1 1 1 1 0 1 1 1 1 

