18 29

10 15
9 16
9 15
8 17
8 11
7 16
7 15
7 13
6 16
6 14
6 13
5 15
5 14
5 13
4 16
4 12
4 11
3 17
3 14
3 10
2 17
2 12
2 10
1 17
1 14
1 9
0 12
0 11
0 8
----------

36223: 8 11, 7 15, 6 13, 5 14, 4 16, 3 17, 2 10, 1 9, 0 12
Frc: 9.25 | 0.125 0.25 0.75 0.125 1 0.375 1 0.625 0.375 0.625 1 0.625 1 0.375 1 0.125 0.875 1 0.125 0.875 0.125 0.875 1 0.75 0.25 1 1 0.125 0.875 
Int: 10 | 0 0 1 0 1 1 1 1 0 1 1 1 1 0 1 0 1 1 0 1 0 1 1 1 0 1 1 0 1 
BDS: 13 | 1 1 1 1 1 0 1 1 0 1 1 1 1 0 1 1 1 1 1 0 0 1 1 0 1 1 1 0 1 

