18 29

10 11
9 16
9 15
8 16
8 12
7 17
7 15
7 14
6 17
6 15
6 13
5 17
5 14
5 13
4 17
4 16
4 12
3 14
3 12
3 10
2 15
2 11
2 10
1 14
1 13
1 9
0 16
0 11
0 8
----------

35467: 8 12, 7 17, 6 15, 5 13, 4 16, 3 14, 2 10, 1 9, 0 11
Frc: 9.22222 | 0.111111 0.777778 0.222222 0.111111 1 1 0.666667 0.333333 0.333333 1 0.666667 0.555556 0.444444 1 0.111111 1 0.888889 1 0.111111 0.888889 0.111111 0.888889 1 0.222222 0.777778 1 0.111111 1 0.888889 
Int: 10 | 0 1 0 0 1 1 1 0 0 1 1 1 1 1 0 1 1 1 0 1 0 1 1 0 1 1 0 1 1 
BDS: 13 | 0 0 1 0 1 1 1 0 0 1 1 1 0 1 1 1 0 1 1 1 1 1 1 1 1 1 1 1 1 

