18 30

9 14
8 16
8 15
8 14
7 16
7 14
7 12
6 17
6 16
6 13
6 12
5 16
5 15
5 11
4 15
4 13
4 11
3 17
3 15
3 10
2 17
2 12
2 10
1 14
1 13
1 9
0 17
0 11
0 10
0 9
----------

54953: 8 16, 7 14, 6 12, 5 15, 4 11, 3 17, 2 10, 1 13, 0 9
Frc: 9.125 | 0.125 1 0.25 0.75 0.25 1 0.75 0.375 0.375 0.25 1 0.375 1 0.625 0.25 0.75 1 1 0.5 0.5 0.5 0.5 1 0.125 1 0.875 0.125 0.375 0.5 1 
Int: 10 | 0 1 0 1 0 1 1 1 0 0 1 1 1 1 0 1 1 1 1 0 0 1 1 0 1 1 0 0 1 1 
BDS: 13 | 1 1 0 1 0 1 1 0 1 0 1 1 1 0 1 1 1 1 1 0 1 1 1 1 1 0 0 1 1 1 

