18 29

13 17
9 15
9 14
8 16
8 13
7 17
7 15
7 14
6 17
6 15
6 13
5 16
5 15
5 13
4 16
4 14
4 12
3 16
3 12
3 10
2 12
2 11
2 10
1 17
1 11
1 9
0 11
0 10
0 8
----------

44552: 9 14, 7 17, 6 15, 5 13, 4 12, 3 16, 2 10, 1 11, 0 8
Frc: 9.16667 | 0.0833333 0.0833333 1 0.25 0.75 1 0.166667 0.833333 0.833333 1 0.166667 0.25 0.75 1 0.5 0.5 1 1 0.5 0.5 0.5 0.5 1 0.0833333 1 0.916667 0.5 0.5 1 
Int: 10 | 0 1 1 0 1 1 0 1 1 1 0 1 0 1 0 1 1 1 0 1 1 0 1 0 1 1 1 0 1 
BDS: 13 | 1 1 1 0 1 1 0 1 1 1 0 1 0 1 1 1 1 1 0 1 1 1 1 0 1 1 1 0 1 

