18 30

9 17
9 14
8 17
8 15
7 16
7 15
7 13
6 15
6 14
6 12
5 17
5 16
5 13
5 12
4 14
4 13
4 12
3 16
3 14
3 10
2 15
2 11
2 10
1 16
1 11
1 9
0 17
0 11
0 10
0 8
----------

52468: 9 17, 7 15, 6 12, 5 13, 4 14, 3 16, 2 10, 1 11, 0 8
Frc: 9.16667 | 1 0.166667 0.5 0.5 0.5 1 0.5 0.5 0.5 1 0.166667 0.333333 1 0.5 1 0.5 0.5 1 0.333333 0.666667 0.333333 0.666667 1 0.166667 1 0.833333 0.333333 0.333333 0.333333 1 
Int: 10 | 1 0 0 1 0 1 1 1 0 1 1 1 1 0 1 0 1 1 1 0 0 1 1 0 1 1 0 0 1 1 
BDS: 13 | 1 1 0 1 0 1 1 1 0 1 1 1 1 1 1 0 1 1 1 1 1 0 1 0 1 1 0 1 0 1 

