18 28

9 16
9 15
8 16
8 15
7 17
7 16
7 14
6 17
6 14
6 13
5 16
5 14
5 13
4 17
4 12
4 11
3 17
3 15
3 10
2 13
2 12
2 10
1 12
1 11
1 9
0 11
0 10
0 8
----------

37271: 9 15, 7 17, 6 14, 5 16, 4 11, 3 10, 2 13, 1 12, 0 8
Frc: 9.16667 | 0.166667 1 0.666667 0.333333 1 0.5 0.5 0.5 1 0.5 1 0.5 0.5 0.166667 0.833333 1 0.333333 0.666667 1 1 0.166667 0.833333 1 0.166667 0.833333 0.833333 0.166667 1 
Int: 10 | 0 1 1 0 1 1 0 1 1 1 1 1 0 0 1 1 0 1 1 1 0 1 1 0 1 1 0 1 
BDS: 13 | 0 1 1 1 1 1 0 1 1 0 1 1 1 1 0 1 1 0 1 1 1 1 1 1 1 0 1 1 

