18 30

9 17
9 13
8 16
8 14
7 17
7 16
7 15
6 16
6 14
6 12
5 15
5 13
5 12
4 14
4 13
4 12
4 11
3 17
3 15
3 10
2 16
2 15
2 10
1 14
1 11
1 9
0 17
0 11
0 10
0 8
----------

50611: 9 17, 7 15, 6 14, 5 12, 4 13, 3 10, 2 16, 1 11, 0 8
Frc: 9.125 | 1 0.125 0.25 0.75 0.375 0.625 1 0.125 1 0.875 0.125 0.875 1 0.125 1 0.125 0.75 0.5 0.5 1 1 0.375 0.625 0.125 1 0.875 0.125 0.25 0.625 1 
Int: 10 | 1 0 0 1 1 0 1 1 1 1 0 1 1 0 1 0 1 0 1 1 1 0 1 0 1 1 0 0 1 1 
BDS: 13 | 1 1 1 0 0 1 1 1 1 1 0 1 1 1 1 0 0 0 1 1 1 0 1 0 1 1 1 1 1 1 

