18 30

9 15
9 13
8 15
8 14
7 17
7 16
7 14
6 17
6 16
6 12
5 15
5 13
5 12
4 14
4 13
4 12
4 11
3 17
3 16
3 10
2 16
2 14
2 10
1 15
1 11
1 9
0 17
0 11
0 10
0 8
----------

50368: 9 13, 7 16, 6 17, 5 15, 4 12, 3 10, 2 14, 1 11, 0 8
Frc: 9.125 | 0.125 1 0.75 0.25 0.375 1 0.625 1 0.125 0.875 1 0.875 0.125 0.125 0.125 1 0.75 0.5 0.5 1 0.375 1 0.625 0.125 1 0.875 0.125 0.25 0.625 1 
Int: 10 | 0 1 1 0 0 1 1 1 0 1 1 1 0 0 0 1 1 1 1 1 0 1 1 0 1 1 0 0 1 1 
BDS: 13 | 1 1 0 1 0 1 1 1 0 1 1 0 1 1 1 1 0 0 1 1 0 1 1 0 1 1 1 1 1 1 

