18 30

10 17
9 17
9 15
8 17
8 12
7 16
7 15
7 14
6 14
6 13
6 12
5 14
5 13
5 12
4 16
4 15
4 11
3 16
3 14
3 10
2 16
2 13
2 10
1 15
1 11
1 9
0 17
0 11
0 10
0 8
----------

51696: 9 17, 7 14, 6 12, 5 13, 4 15, 3 16, 2 10, 1 11, 0 8
Frc: 9.25 | 0.125 1 0.125 0.5 0.5 0.25 0.75 1 0.5 0.5 1 0.5 1 0.5 0.25 1 0.75 1 0.5 0.5 0.5 0.5 1 0.125 1 0.875 0.375 0.25 0.375 1 
Int: 10 | 0 1 0 1 0 0 1 1 1 0 1 0 1 1 1 1 1 1 0 1 0 1 1 0 1 1 0 0 1 1 
BDS: 13 | 0 1 1 1 1 1 0 1 1 0 1 1 1 0 1 1 0 1 1 0 1 1 1 0 1 1 0 1 1 1 

