18 29

9 15
9 12
8 15
8 14
7 17
7 16
7 15
6 16
6 14
6 13
5 17
5 13
5 12
4 14
4 13
4 11
3 17
3 16
3 10
2 16
2 15
2 10
1 12
1 11
1 9
0 17
0 11
0 10
0 8
----------

42956: 9 12, 7 16, 6 14, 5 17, 4 13, 3 10, 2 15, 1 11, 0 8
Frc: 9.16667 | 0.166667 1 0.166667 0.833333 0.333333 1 0.666667 0.166667 1 0.833333 1 0.166667 0.833333 0.166667 1 0.833333 0.5 0.5 1 0.333333 1 0.666667 0.166667 1 0.833333 0.166667 0.166667 0.666667 1 
Int: 10 | 0 1 0 1 0 1 1 0 1 1 1 0 1 0 1 1 1 1 1 0 1 1 0 1 1 0 0 1 1 
BDS: 13 | 1 1 1 0 0 1 1 1 1 0 1 1 1 1 1 1 0 1 1 0 1 1 0 1 1 1 0 1 1 

