18 28

9 17
9 14
8 14
8 13
7 17
7 16
7 15
6 17
6 15
6 12
5 16
5 15
5 12
4 16
4 14
4 11
3 16
3 13
3 10
2 12
2 11
2 10
1 17
1 13
1 9
0 11
0 10
0 8
----------

29180: 8 13, 7 16, 6 17, 5 15, 4 14, 3 10, 2 12, 1 9, 0 11
Frc: 9.16667 | 0.166667 0.833333 0.166667 1 0.5 1 0.5 1 0.5 0.5 0.5 1 0.5 0.166667 1 0.833333 0.333333 0.666667 1 1 0.166667 0.833333 0.666667 0.333333 1 1 0.166667 0.833333 
Int: 10 | 0 1 0 1 0 1 1 1 0 1 0 1 1 0 1 1 1 1 1 1 0 1 1 0 1 1 0 1 
BDS: 13 | 1 0 1 1 1 1 0 1 1 1 1 1 0 1 1 0 1 0 1 1 1 1 1 1 1 1 0 1 

31816: 8 14, 7 16, 6 17, 5 15, 4 11, 3 13, 2 12, 1 9, 0 10
Frc: 9.16667 | 0.666667 0.333333 1 0.166667 0.5 1 0.5 1 0.5 0.5 0.5 1 0.5 0.333333 0.666667 1 0.166667 1 0.833333 1 0.833333 0.166667 0.166667 0.833333 1 0.166667 1 0.833333 
Int: 10 | 0 1 1 0 1 1 0 1 1 0 0 1 1 0 1 1 1 1 0 1 0 1 0 1 1 1 1 1 
BDS: 13 | 1 1 1 1 1 1 0 1 1 1 1 1 0 1 0 1 1 1 0 1 1 1 1 0 1 0 1 1 

