18 28

9 17
9 16
8 15
8 14
7 17
7 16
7 15
6 17
6 16
6 15
5 16
5 13
5 11
4 13
4 12
4 11
3 14
3 12
3 10
2 13
2 12
2 10
1 17
1 14
1 9
0 11
0 10
0 8
----------

36925: 9 16, 7 15, 6 17, 5 11, 4 12, 3 10, 2 13, 1 14, 0 8
Frc: 9.25 | 0.25 1 0.5 0.5 0.5 0.5 1 1 0.5 0.5 0.5 0.5 1 0.5 1 0.5 0.5 0.5 1 1 0.5 0.5 0.25 1 0.75 0.5 0.5 1 
Int: 10 | 0 1 1 0 1 0 1 1 1 0 0 1 1 1 1 0 1 1 1 1 0 1 0 1 1 1 0 1 
BDS: 13 | 0 1 1 1 0 1 1 1 0 1 1 1 1 1 1 0 0 1 1 1 0 1 1 1 1 1 1 1 

36932: 9 16, 7 17, 6 15, 5 11, 4 12, 3 10, 2 13, 1 14, 0 8
Frc: 9.25 | 0.25 1 0.5 0.5 1 0.5 0.5 0.5 0.5 1 0.5 0.5 1 0.5 1 0.5 0.5 0.5 1 1 0.5 0.5 0.25 1 0.75 0.5 0.5 1 
Int: 10 | 0 1 1 0 1 1 0 1 0 1 0 1 1 1 1 0 1 0 1 0 1 1 0 1 1 1 0 1 
BDS: 13 | 0 1 1 1 1 0 1 0 1 1 1 1 1 1 1 0 0 1 1 1 0 1 1 1 1 1 1 1 

