18 30

11 14
9 17
9 16
8 17
8 15
7 16
7 14
7 13
6 17
6 15
6 12
5 16
5 15
5 11
4 16
4 14
4 11
3 15
3 12
3 10
2 17
2 13
2 12
2 10
1 14
1 13
1 9
0 11
0 10
0 8
----------

48927: 9 17, 7 14, 6 15, 5 11, 4 16, 3 10, 2 12, 1 13, 0 8
Frc: 9.25 | 0.125 1 0.125 0.5 0.5 0.25 1 0.75 0.375 1 0.625 0.625 0.375 1 1 0.75 0.25 0.625 0.375 1 0.125 0.25 1 0.625 0.125 1 0.875 0.625 0.375 1 
Int: 10 | 0 1 0 0 1 0 1 1 0 1 1 1 0 1 1 1 0 1 0 1 1 0 1 1 0 1 1 1 0 1 
BDS: 13 | 1 1 1 1 1 0 1 1 0 1 1 0 1 1 1 1 0 1 0 1 0 1 1 1 0 1 1 0 1 1 

