18 31

9 14
8 16
8 15
8 14
7 16
7 14
7 13
6 15
6 14
6 13
5 16
5 15
5 11
4 17
4 13
4 10
3 17
3 12
3 11
3 10
2 13
2 12
2 11
2 10
1 17
1 16
1 9
0 17
0 15
0 12
0 9
----------

59758: 8 14, 7 16, 6 13, 5 15, 4 10, 3 12, 2 11, 1 17, 0 9
Frc: 9.16667 | 0.166667 0.666667 0.333333 1 1 0.333333 0.666667 0.5 0.5 1 0.166667 1 0.833333 0.5 0.5 1 0.333333 1 0.166667 0.5 0.166667 0.333333 1 0.5 1 0.166667 0.833333 0.166667 0.166667 0.666667 1 
Int: 10 | 1 0 1 1 1 0 1 0 1 1 0 1 1 1 0 1 0 1 0 1 0 1 1 0 1 1 0 1 0 0 1 
BDS: 13 | 1 1 0 1 1 0 1 0 1 1 1 1 1 0 1 1 0 1 0 1 0 1 1 0 1 1 0 1 1 1 1 

