18 29

9 15
9 14
8 14
8 13
7 17
7 16
7 15
6 16
6 15
6 14
5 17
5 16
5 11
4 15
4 12
4 10
3 17
3 11
3 10
2 12
2 11
2 10
1 16
1 13
1 9
0 17
0 13
0 12
0 8
----------

44333: 9 14, 7 17, 6 15, 5 16, 4 12, 3 10, 2 11, 1 13, 0 8
Frc: 9.16667 | 0.166667 1 0.166667 0.833333 1 0.666667 0.333333 0.166667 1 0.833333 0.5 1 0.5 0.5 1 0.5 0.5 0.5 1 0.5 1 0.5 0.166667 1 0.833333 0.333333 0.166667 0.5 1 
Int: 10 | 0 1 0 1 1 1 0 0 1 1 0 1 1 1 1 0 0 1 1 1 1 1 0 1 1 1 0 0 1 
BDS: 13 | 1 1 1 1 1 1 0 1 1 0 0 1 1 1 1 1 1 1 1 1 1 0 1 1 0 0 0 1 1 

