18 30

13 17
9 14
8 16
8 15
8 14
7 16
7 14
7 13
6 16
6 15
6 12
5 17
5 13
5 11
4 17
4 15
4 12
4 10
3 17
3 11
3 10
2 12
2 11
2 10
1 16
1 15
1 9
0 14
0 13
0 9
----------

39114: 8 14, 7 16, 6 15, 5 11, 4 17, 3 10, 2 12, 1 9, 0 13
Frc: 9.25 | 0.125 0.125 0.25 0.75 1 1 0.75 0.25 0.125 1 0.875 0.375 0.625 1 1 0.375 0.125 0.5 0.5 0.5 1 1 0.5 0.5 0.625 0.375 1 0.125 1 0.875 
Int: 10 | 0 0 0 1 1 1 1 0 0 1 1 1 1 1 1 0 0 1 0 1 1 1 0 1 1 0 1 0 1 1 
BDS: 13 | 1 1 0 1 1 1 1 0 1 1 1 0 1 1 1 1 0 1 0 1 1 1 1 0 0 1 1 1 1 0 

