18 28

9 16
8 17
8 16
8 14
7 16
7 15
7 13
6 17
6 15
6 12
5 16
5 13
5 11
4 14
4 12
4 10
3 13
3 11
3 10
2 12
2 11
2 10
1 17
1 15
1 9
0 17
0 14
0 9
----------

28308: 8 14, 7 13, 6 15, 5 16, 4 10, 3 11, 2 12, 1 9, 0 17
Frc: 9.16667 | 0.166667 0.666667 0.333333 1 0.5 0.5 1 0.166667 1 0.833333 1 0.5 0.5 0.833333 0.166667 1 0.5 1 0.5 1 0.5 0.5 0.166667 0.833333 1 1 0.166667 0.833333 
Int: 10 | 1 1 0 1 0 1 1 0 1 1 1 0 1 1 0 1 1 1 0 1 0 1 0 1 1 1 0 1 
BDS: 13 | 0 0 1 1 1 1 1 1 1 1 1 0 1 0 1 1 1 1 1 1 0 1 0 1 1 1 1 1 

