18 31

11 17
10 17
9 17
9 15
8 14
8 13
7 15
7 13
7 12
6 15
6 14
6 11
5 17
5 15
5 12
5 11
4 16
4 14
4 10
3 16
3 13
3 10
2 14
2 13
2 10
1 16
1 12
1 9
0 16
0 11
0 8
----------

56801: 9 17, 7 13, 6 11, 5 15, 4 16, 3 10, 2 14, 1 12, 0 8
Frc: 9.26667 | 0.133333 0.0666667 1 0.0666667 0.733333 0.266667 0.0666667 1 0.933333 0.866667 0.133333 1 0.8 1 0.0666667 0.133333 1 0.666667 0.333333 0.666667 0.333333 1 1 0.4 0.6 0.0666667 1 0.933333 0.266667 0.733333 1 
Int: 10 | 0 0 1 0 1 0 0 1 1 1 0 1 1 1 0 0 1 1 0 1 0 1 1 1 1 0 1 1 0 1 1 
BDS: 13 | 1 0 1 0 1 1 1 1 1 0 1 1 1 1 0 0 1 1 0 1 0 1 1 0 1 1 1 1 1 0 1 

