18 30

9 14
8 16
8 15
8 14
7 15
7 14
7 12
6 17
6 15
6 13
6 12
5 17
5 16
5 11
4 17
4 14
4 13
4 10
3 17
3 11
3 10
2 16
2 11
2 10
1 16
1 13
1 9
0 15
0 12
0 9
----------

38564: 8 15, 7 14, 6 13, 5 17, 4 10, 3 11, 2 16, 1 9, 0 12
Frc: 9.25 | 0.25 0.625 1 0.375 0.625 1 0.375 0.25 0.125 1 0.625 1 0.5 0.5 0.25 0.375 0.375 1 0.5 1 0.5 1 0.5 0.5 0.375 0.625 1 0.25 1 0.75 
Int: 10 | 1 1 1 0 0 1 1 1 0 1 0 1 0 1 1 0 0 1 0 1 1 1 1 0 0 1 1 1 1 0 
BDS: 13 | 1 0 1 1 1 1 0 0 0 1 1 1 1 0 1 1 0 1 1 1 0 1 1 1 1 1 1 1 1 0 

