18 31

9 14
8 15
8 14
8 13
7 17
7 15
7 12
6 17
6 15
6 14
6 12
5 17
5 16
5 14
5 11
4 17
4 16
4 13
4 10
3 16
3 11
3 10
2 13
2 11
2 10
1 16
1 15
1 9
0 13
0 12
0 9
----------

63115: 8 14, 7 12, 6 17, 5 16, 4 13, 3 10, 2 11, 1 15, 0 9
Frc: 9.25 | 0.25 0.25 1 0.75 0.5 0.5 1 1 0.25 0.5 0.25 0.25 1 0.25 0.5 0.25 0.25 1 0.5 0.5 0.5 1 0.5 1 0.5 0.25 1 0.75 0.25 0.75 1 
Int: 10 | 1 0 1 1 1 0 1 1 1 0 0 0 1 0 1 0 0 1 1 1 0 1 0 1 1 1 1 0 0 1 1 
BDS: 13 | 0 1 1 0 1 1 1 1 0 1 0 0 1 1 1 0 0 1 1 0 1 1 1 1 0 1 1 1 1 1 1 

