18 28

9 16
8 17
8 16
8 15
7 17
7 16
7 12
6 15
6 14
6 12
5 17
5 13
5 11
4 14
4 13
4 10
3 13
3 11
3 10
2 12
2 11
2 10
1 16
1 15
1 9
0 17
0 14
0 9
----------

36633: 8 15, 7 17, 6 14, 5 13, 4 10, 3 11, 2 12, 1 16, 0 9
Frc: 9.25 | 0.25 0.5 0.5 1 1 0.25 0.75 0.75 1 0.25 0.5 1 0.5 0.5 0.5 1 0.5 1 0.5 1 0.5 0.5 1 0.25 0.75 0.5 0.5 1 
Int: 10 | 0 1 0 1 1 1 0 1 1 1 1 1 0 0 1 1 0 1 1 1 1 0 1 0 1 0 1 1 
BDS: 13 | 0 1 0 1 1 1 1 0 1 1 1 1 1 1 1 1 0 1 1 1 0 1 1 1 1 0 1 1 

38319: 8 16, 7 17, 6 14, 5 11, 4 13, 3 10, 2 12, 1 15, 0 9
Frc: 9.16667 | 0.166667 0.333333 1 0.666667 1 0.666667 0.333333 0.333333 1 0.666667 0.5 0.5 1 0.5 1 0.5 0.5 0.5 1 1 0.5 0.5 0.166667 1 0.833333 0.166667 0.833333 1 
Int: 10 | 0 0 1 1 1 1 0 0 1 1 1 1 0 0 1 1 0 1 1 1 1 0 0 1 1 0 1 1 
BDS: 13 | 1 1 1 0 1 0 1 1 1 1 1 1 1 1 1 1 0 1 1 1 1 0 0 1 1 1 0 1 

