18 30

9 16
8 16
8 15
8 14
7 17
7 13
7 12
6 14
6 13
6 12
5 16
5 15
5 11
4 17
4 15
4 12
4 10
3 15
3 11
3 10
2 14
2 11
2 10
1 17
1 16
1 9
0 17
0 14
0 13
0 9
----------

53462: 8 16, 7 13, 6 14, 5 15, 4 12, 3 10, 2 11, 1 17, 0 9
Frc: 9.21429 | 0.214286 1 0.428571 0.571429 0.5 1 0.5 1 0.5 0.5 0.571429 1 0.428571 0.285714 0.142857 1 0.571429 0.428571 0.571429 1 0.571429 1 0.428571 1 0.214286 0.785714 0.214286 0.285714 0.5 1 
Int: 11 | 0 1 1 0 1 1 0 1 1 1 0 1 1 0 0 1 1 0 1 1 1 1 0 1 1 1 0 1 0 1 
BDS: 13 | 0 1 1 1 1 1 0 1 1 1 0 1 1 1 0 1 1 0 1 1 1 1 0 1 1 1 0 1 0 1 

