18 30

9 14
8 17
8 15
8 14
7 17
7 16
7 12
6 17
6 14
6 13
6 12
5 15
5 13
5 11
4 16
4 12
4 10
3 17
3 16
3 11
3 10
2 14
2 11
2 10
1 16
1 15
1 9
0 15
0 13
0 9
----------

55893: 8 14, 7 17, 6 12, 5 13, 4 16, 3 11, 2 10, 1 15, 0 9
Frc: 9.125 | 0.125 0.375 0.625 1 1 0.5 0.5 0.5 0.125 0.375 1 0.25 1 0.75 1 0.5 0.5 0.125 0.375 1 0.5 0.75 0.25 1 0.125 1 0.875 0.125 0.875 1 
Int: 10 | 0 0 1 1 1 0 1 0 1 0 1 0 1 1 1 0 1 1 1 1 0 0 1 1 0 1 1 0 1 1 
BDS: 13 | 1 1 0 1 1 1 0 1 0 1 1 1 1 1 1 1 1 0 0 1 1 0 1 1 0 1 1 0 1 1 

