18 32

9 15
8 16
8 15
8 13
7 16
7 15
7 12
6 15
6 14
6 12
5 17
5 16
5 14
5 11
4 17
4 16
4 13
4 10
3 13
3 11
3 10
2 17
2 12
2 11
2 10
1 17
1 14
1 9
0 14
0 13
0 12
0 9
----------

76652: 8 15, 7 16, 6 12, 5 17, 4 13, 3 11, 2 10, 1 14, 0 9
Frc: 9.2 | 0.2 0.5 1 0.5 1 0.5 0.5 0.3 0.7 1 1 0.3 0.1 0.6 0.4 0.2 1 0.4 0.4 1 0.6 0.4 0.2 0.4 1 0.2 1 0.8 0.2 0.5 0.3 1 
Int: 10 | 1 1 1 0 1 0 1 0 1 1 1 0 0 1 0 0 1 1 1 1 0 1 0 0 1 1 1 0 0 1 0 1 
BDS: 13 | 0 0 1 1 1 1 0 1 0 1 1 1 0 1 0 0 1 1 1 1 0 0 0 1 1 1 1 1 1 1 1 1 

