18 32

9 13
8 16
8 15
8 14
7 15
7 13
7 12
6 17
6 16
6 13
6 11
5 14
5 13
5 12
5 11
4 16
4 15
4 10
3 17
3 14
3 10
2 16
2 14
2 10
1 17
1 15
1 12
1 9
0 17
0 12
0 11
0 9
----------

70437: 8 15, 7 13, 6 17, 5 11, 4 10, 3 14, 2 16, 1 12, 0 9
Frc: 9.25 | 0.25 0.5 1 0.5 0.625 1 0.375 1 0.25 0.375 0.375 0.25 0.375 0.375 1 0.25 0.75 1 0.75 1 0.25 1 0.25 0.75 0.125 0.125 1 0.75 0.125 0.25 0.625 1 
Int: 10 | 1 1 1 0 1 1 0 1 0 0 1 1 0 0 1 0 1 1 0 1 1 1 0 1 1 0 1 0 0 1 0 1 
BDS: 13 | 1 1 1 0 1 1 0 1 0 0 1 1 1 0 1 0 1 1 1 1 1 1 0 1 1 0 1 0 0 1 1 1 

