18 28

9 17
9 16
8 12
8 10
7 17
7 15
7 14
6 16
6 15
6 13
5 15
5 14
5 13
4 17
4 16
4 12
3 14
3 13
3 12
2 17
2 16
2 11
1 11
1 10
1 9
0 11
0 10
0 8
----------

30741: 8 10, 7 15, 6 13, 5 14, 4 17, 3 12, 2 16, 1 9, 0 11
Frc: 9.25 | 0.75 0.25 0.25 1 0.5 1 0.5 0.5 0.5 1 0.5 1 0.5 1 0.25 0.75 0.5 0.5 1 0.25 1 0.75 0.25 0.75 1 1 0.25 0.75 
Int: 10 | 1 0 0 1 1 1 0 1 0 1 1 1 0 1 0 1 1 1 1 0 1 1 0 1 1 1 0 1 
BDS: 13 | 0 1 1 1 1 1 1 1 1 1 0 1 1 1 0 1 0 1 1 1 1 0 1 1 1 1 0 1 

30790: 8 10, 7 14, 6 15, 5 13, 4 16, 3 12, 2 17, 1 9, 0 11
Frc: 9.25 | 0.25 0.75 0.25 1 0.5 0.5 1 0.5 1 0.5 0.5 0.5 1 0.25 1 0.75 0.5 0.5 1 1 0.25 0.75 0.25 0.75 1 1 0.25 0.75 
Int: 10 | 0 1 0 1 1 1 1 0 1 1 0 1 1 0 1 1 0 1 1 1 0 1 0 1 1 1 0 1 
BDS: 13 | 1 0 1 1 1 1 1 1 1 1 0 1 1 0 1 1 1 0 1 1 1 0 1 1 1 1 0 1 

39077: 9 16, 7 15, 6 13, 5 14, 4 17, 3 12, 2 11, 1 10, 0 8
Frc: 9.25 | 0.25 1 0.25 0.75 0.5 1 0.5 0.5 0.5 1 0.5 1 0.5 1 0.25 0.75 0.5 0.5 1 0.75 0.25 1 0.25 1 0.75 0.75 0.25 1 
Int: 10 | 0 1 0 1 0 1 1 1 1 1 0 1 1 1 0 1 1 0 1 1 0 1 0 1 1 1 0 1 
BDS: 13 | 1 1 1 1 1 1 1 1 1 1 0 1 1 1 0 1 0 1 1 0 1 1 1 1 0 1 0 1 

39130: 9 17, 7 14, 6 15, 5 13, 4 16, 3 12, 2 11, 1 10, 0 8
Frc: 9.25 | 1 0.25 0.25 0.75 0.5 0.5 1 0.5 1 0.5 0.5 0.5 1 0.25 1 0.75 0.5 0.5 1 0.25 0.75 1 0.25 1 0.75 0.75 0.25 1 
Int: 10 | 1 0 0 1 1 1 1 0 1 1 0 1 1 0 1 1 0 1 1 0 1 1 0 1 1 1 0 1 
BDS: 13 | 1 1 1 1 1 1 1 1 1 1 0 1 1 0 1 1 1 0 1 1 0 1 1 1 0 1 0 1 

