18 30

12 17
11 14
10 14
9 13
8 16
8 15
7 17
7 16
7 15
6 16
6 15
6 12
5 17
5 14
5 12
4 15
4 14
4 12
3 16
3 13
3 11
2 13
2 11
2 10
1 13
1 10
1 9
0 17
0 9
0 8
----------

40772: 8 16, 7 17, 6 12, 5 14, 4 15, 3 13, 2 11, 1 10, 0 9
Frc: 9.22222 | 0.111111 0.333333 0.333333 0.333333 1 0.111111 1 0.444444 0.555556 0.666667 0.333333 1 0.777778 1 0.222222 1 0.333333 0.666667 0.333333 1 0.666667 0.333333 1 0.666667 0.333333 1 0.666667 0.111111 1 0.888889 
Int: 10 | 0 0 1 1 1 0 1 0 1 1 0 1 1 1 0 1 0 1 0 1 1 0 1 1 0 1 1 0 1 1 
BDS: 13 | 0 0 1 1 1 1 1 1 0 1 0 1 1 1 1 1 0 1 1 1 1 0 1 1 0 1 1 0 1 1 

