18 29

11 14
10 16
9 15
8 16
8 15
7 17
7 16
7 14
6 17
6 16
6 13
5 15
5 13
5 12
4 17
4 14
4 11
3 14
3 13
3 11
2 17
2 12
2 10
1 15
1 10
1 9
0 12
0 9
0 8
----------

35456: 8 15, 7 14, 6 16, 5 13, 4 17, 3 11, 2 12, 1 10, 0 9
Frc: 9.22222 | 0.222222 0.333333 0.333333 0.333333 1 0.222222 0.777778 1 0.444444 1 0.555556 0.333333 1 0.666667 1 0.222222 0.777778 0.555556 0.444444 1 0.333333 1 0.666667 0.333333 1 0.666667 0.333333 1 0.666667 
Int: 10 | 0 0 0 0 1 0 1 1 0 1 1 1 1 0 1 0 1 1 0 1 1 1 1 0 1 1 1 1 1 
BDS: 13 | 0 1 1 0 1 1 0 1 0 1 1 1 1 0 1 0 1 1 1 1 1 1 1 1 1 0 1 1 1 

