18 29

11 15
10 16
9 14
8 17
8 15
7 17
7 15
7 14
6 17
6 16
6 12
5 14
5 13
5 12
4 15
4 13
4 11
3 14
3 13
3 11
2 16
2 12
2 10
1 17
1 10
1 9
0 16
0 9
0 8
----------

35356: 8 15, 7 17, 6 12, 5 14, 4 13, 3 11, 2 16, 1 10, 0 9
Frc: 9.25 | 0.375 0.625 0.125 0.125 1 1 0.25 0.75 0.75 0.25 1 1 0.625 0.375 0.375 1 0.625 0.625 0.375 1 1 0.625 0.375 0.125 1 0.875 0.125 1 0.875 
Int: 10 | 0 0 1 0 1 1 1 0 0 1 1 0 1 1 0 1 1 1 0 1 1 0 1 1 1 0 0 1 1 
BDS: 13 | 1 1 1 1 1 1 1 0 1 0 1 1 1 1 1 1 0 1 0 1 1 1 0 1 1 0 1 1 0 

