18 29

11 14
10 17
9 16
8 15
8 13
7 17
7 16
7 15
6 16
6 14
6 12
5 14
5 13
5 12
4 17
4 16
4 11
3 17
3 15
3 11
2 13
2 12
2 10
1 14
1 10
1 9
0 15
0 9
0 8
----------

36473: 8 15, 7 17, 6 14, 5 12, 4 16, 3 11, 2 13, 1 10, 0 9
Frc: 9.16667 | 0.666667 0.166667 0.166667 1 0.166667 1 0.666667 0.333333 0.166667 1 0.833333 0.166667 0.833333 1 0.333333 1 0.666667 0.5 0.5 1 1 0.166667 0.833333 0.166667 1 0.833333 0.166667 1 0.833333 
Int: 10 | 1 0 1 1 0 1 0 1 0 1 1 0 1 1 1 1 0 1 0 1 1 0 1 0 1 1 0 1 1 
BDS: 13 | 1 0 1 1 1 1 1 0 1 1 0 1 0 1 0 1 1 1 1 1 1 1 1 1 1 0 0 1 1 

