18 29

11 16
10 17
9 16
8 15
8 13
7 16
7 15
7 14
6 16
6 15
6 13
5 17
5 14
5 12
4 17
4 12
4 11
3 14
3 12
3 11
2 17
2 13
2 10
1 14
1 10
1 9
0 15
0 9
0 8
----------

35464: 8 13, 7 16, 6 15, 5 12, 4 11, 3 14, 2 17, 1 10, 0 9
Frc: 9.14286 | 0.714286 0.142857 0.142857 0.142857 1 1 0.714286 0.285714 0.142857 1 0.857143 0.428571 0.571429 1 0.428571 0.571429 1 1 0.428571 0.571429 1 0.142857 0.857143 0.142857 1 0.857143 0.142857 1 0.857143 
Int: 10 | 1 0 0 0 1 1 1 0 0 1 1 1 1 1 0 1 1 1 0 1 1 0 1 0 1 1 0 1 1 
BDS: 13 | 1 0 1 0 1 1 0 1 1 1 0 0 1 1 1 1 1 1 0 1 1 1 1 1 1 0 1 1 1 

