18 30

12 17
11 13
10 16
9 14
8 14
8 13
7 16
7 15
7 14
6 17
6 15
6 12
5 16
5 15
5 12
4 17
4 16
4 11
3 17
3 14
3 11
2 13
2 12
2 10
1 15
1 10
1 9
0 13
0 9
0 8
----------

40184: 8 14, 7 16, 6 15, 5 12, 4 11, 3 17, 2 13, 1 10, 0 9
Frc: 9.1875 | 0.125 0.5 0.25 0.0625 1 0.25 1 0.5625 0.4375 0.375 1 0.625 0.625 0.375 1 0.5 0.5 1 1 0.5 0.5 1 0.25 0.75 0.0625 1 0.9375 0.25 1 0.75 
Int: 10 | 0 1 1 0 1 0 1 1 0 0 1 1 1 0 1 1 0 1 1 1 0 1 1 0 0 1 1 0 1 1 
BDS: 13 | 0 1 1 1 1 1 1 1 0 0 1 1 1 0 1 1 1 1 1 1 0 1 1 0 0 1 1 1 1 0 

