18 29

11 17
10 17
9 17
8 17
8 15
7 15
7 14
7 13
6 16
6 14
6 12
5 16
5 14
5 12
4 15
4 14
4 11
3 13
3 12
3 11
2 16
2 13
2 10
1 15
1 10
1 9
0 16
0 9
0 8
----------

36214: 8 17, 7 14, 6 12, 5 16, 4 15, 3 11, 2 13, 1 10, 0 9
Frc: 9.25 | 0.5 0.25 0.25 1 0.25 0.5 1 0.5 0.5 0.5 1 1 0.5 0.5 1 0.5 0.5 0.5 0.5 1 0.25 1 0.75 0.25 1 0.75 0.25 1 0.75 
Int: 10 | 0 0 1 1 1 1 1 0 0 1 1 1 0 1 1 0 1 1 0 1 0 1 1 1 1 0 1 1 0 
BDS: 13 | 1 0 1 1 1 1 1 0 0 1 1 1 0 1 1 0 1 1 1 1 1 1 1 1 1 0 1 1 0 

36354: 8 17, 7 14, 6 16, 5 12, 4 15, 3 11, 2 13, 1 10, 0 9
Frc: 9.25 | 0.5 0.25 0.25 1 0.25 0.5 1 0.5 1 0.5 0.5 0.5 0.5 1 1 0.5 0.5 0.5 0.5 1 0.25 1 0.75 0.25 1 0.75 0.25 1 0.75 
Int: 10 | 1 0 0 1 0 1 1 1 1 1 0 1 0 1 1 0 1 0 1 1 0 1 1 0 1 1 0 1 1 
BDS: 13 | 1 0 1 1 1 1 1 0 1 0 1 0 1 1 1 0 1 1 1 1 1 1 1 1 1 0 1 1 0 

