18 29

11 16
10 17
9 15
8 16
8 13
7 16
7 14
7 13
6 17
6 15
6 12
5 15
5 14
5 12
4 15
4 14
4 11
3 17
3 12
3 11
2 17
2 13
2 10
1 14
1 10
1 9
0 16
0 9
0 8
----------

36110: 8 13, 7 16, 6 12, 5 14, 4 15, 3 11, 2 17, 1 10, 0 9
Frc: 9.16667 | 0.666667 0.166667 0.166667 0.166667 1 1 0.166667 0.833333 0.5 0.5 1 0.333333 1 0.666667 1 0.666667 0.333333 0.333333 0.666667 1 1 0.166667 0.833333 0.166667 1 0.833333 0.166667 1 0.833333 
Int: 10 | 1 0 0 0 1 1 0 1 1 1 1 0 1 1 1 1 0 0 1 1 1 0 1 0 1 1 0 1 1 
BDS: 13 | 0 0 1 0 1 1 1 0 0 1 1 0 1 1 1 1 1 1 1 1 1 1 1 1 1 0 1 1 1 

