18 30

12 17
11 16
10 14
9 16
8 16
8 15
7 17
7 14
7 12
6 16
6 13
6 12
5 14
5 13
5 12
4 17
4 15
4 11
3 17
3 14
3 11
2 15
2 13
2 10
1 13
1 10
1 9
0 15
0 9
0 8
----------

41085: 8 16, 7 14, 6 12, 5 13, 4 17, 3 11, 2 15, 1 10, 0 9
Frc: 9.1875 | 0.0625 0.5 0.25 0.125 1 0.25 0.4375 1 0.5625 0.375 0.625 1 0.625 1 0.375 1 0.5 0.5 0.5 0.5 1 1 0.25 0.75 0.125 1 0.875 0.25 1 0.75 
Int: 10 | 0 1 1 0 1 0 0 1 1 1 0 1 1 1 0 1 1 0 1 0 1 1 1 0 0 1 1 0 1 1 
BDS: 13 | 0 0 1 1 1 1 0 1 1 0 1 1 1 1 0 1 1 1 1 1 1 1 1 0 0 1 1 1 1 0 

