18 29

11 15
10 16
9 15
8 17
8 13
7 16
7 15
7 12
6 16
6 14
6 12
5 15
5 14
5 12
4 17
4 14
4 11
3 17
3 13
3 11
2 16
2 13
2 10
1 14
1 10
1 9
0 17
0 9
0 8
----------

35722: 8 13, 7 15, 6 12, 5 14, 4 11, 3 17, 2 16, 1 10, 0 9
Frc: 9.25 | 0.75 0.25 0.125 0.125 1 0.375 1 0.625 0.375 0.625 1 0.625 1 0.375 0.75 0.25 1 1 0.75 0.25 1 0.25 0.75 0.125 1 0.875 0.125 1 0.875 
Int: 10 | 1 0 0 0 1 1 1 1 0 1 1 1 1 0 1 0 1 1 1 0 1 0 1 0 1 1 0 1 1 
BDS: 13 | 1 0 1 0 1 1 1 1 0 1 1 1 1 0 0 1 1 1 0 1 1 1 1 1 1 0 1 1 1 

