18 29

11 17
10 17
9 15
8 16
8 15
7 15
7 14
7 12
6 15
6 13
6 12
5 14
5 13
5 12
4 17
4 16
4 11
3 16
3 13
3 11
2 17
2 14
2 10
1 14
1 10
1 9
0 16
0 9
0 8
----------

35276: 8 15, 7 12, 6 13, 5 14, 4 16, 3 11, 2 17, 1 10, 0 9
Frc: 9.11111 | 0.333333 0.333333 0.111111 0.333333 1 0.444444 0.555556 1 0.444444 1 0.555556 1 0.555556 0.444444 0.333333 1 0.666667 0.333333 0.666667 1 1 0.333333 0.666667 0.111111 1 0.888889 0.333333 1 0.666667 
Int: 10 | 0 1 0 1 1 1 0 1 0 1 1 1 1 0 0 1 1 1 0 1 1 1 0 0 1 1 1 1 0 
BDS: 13 | 1 0 1 1 1 0 1 1 0 1 1 1 1 0 1 1 0 1 1 1 1 1 1 0 1 1 1 1 0 

