18 30

12 17
11 13
10 17
9 14
8 17
8 15
7 17
7 15
7 13
6 16
6 14
6 12
5 15
5 13
5 12
4 16
4 15
4 11
3 13
3 12
3 11
2 16
2 14
2 10
1 14
1 10
1 9
0 16
0 9
0 8
----------

40037: 8 17, 7 13, 6 14, 5 15, 4 11, 3 12, 2 16, 1 10, 0 9
Frc: 9 | 0.142857 0.142857 0.142857 0.428571 1 0.142857 0.714286 0.285714 1 0.428571 1 0.571429 1 0.714286 0.285714 0.428571 0.571429 1 0.142857 1 0.857143 1 0.142857 0.857143 0.428571 1 0.571429 0.142857 1 0.857143 
Int: 10 | 0 0 0 1 1 0 1 0 1 0 1 1 1 1 0 1 1 1 0 1 1 1 0 1 1 1 0 0 1 1 
BDS: 13 | 0 1 1 1 1 1 1 0 1 1 1 1 1 1 0 1 0 1 0 1 1 1 1 0 1 1 0 0 1 1 

