18 30

12 17
11 14
10 17
9 16
8 17
8 13
7 17
7 15
7 13
6 16
6 14
6 12
5 15
5 13
5 12
4 16
4 15
4 11
3 14
3 12
3 11
2 16
2 14
2 10
1 15
1 10
1 9
0 13
0 9
0 8
----------

40135: 8 17, 7 15, 6 16, 5 13, 4 11, 3 12, 2 14, 1 10, 0 9
Frc: 9 | 0.25 0.125 0.25 0.125 1 0.25 0.5 1 0.5 1 0.75 0.25 0.5 1 0.5 0.625 0.375 1 0.125 1 0.875 0.25 1 0.75 0.125 1 0.875 0.25 1 0.75 
Int: 10 | 0 0 0 0 1 0 1 1 1 1 1 0 1 1 1 1 0 1 0 1 1 0 1 1 0 1 1 0 1 1 
BDS: 13 | 0 0 1 1 1 1 0 1 1 1 1 0 1 1 1 0 1 1 1 1 1 0 1 1 0 1 1 1 1 0 

