18 30

12 17
11 13
10 14
9 14
8 15
8 14
7 16
7 15
7 13
6 16
6 15
6 12
5 16
5 13
5 12
4 15
4 14
4 11
3 17
3 12
3 11
2 17
2 16
2 10
1 17
1 10
1 9
0 13
0 9
0 8
----------

40702: 8 14, 7 15, 6 16, 5 13, 4 11, 3 12, 2 17, 1 10, 0 9
Frc: 9.22222 | 0.222222 0.666667 0.111111 0.111111 0.111111 1 0.333333 1 0.666667 1 0.666667 0.333333 0.555556 1 0.444444 0.222222 0.777778 1 0.666667 1 0.333333 1 0.111111 0.888889 0.111111 1 0.888889 0.111111 1 0.888889 
Int: 10 | 0 1 0 0 0 1 0 1 1 1 1 0 1 1 1 0 1 1 1 1 0 1 0 1 0 1 1 0 1 1 
BDS: 13 | 0 1 1 0 1 1 0 1 1 1 1 0 1 1 1 1 0 1 1 1 0 1 1 0 1 1 1 1 1 0 

