18 29

11 15
10 14
9 12
8 17
8 16
7 17
7 15
7 14
6 17
6 15
6 13
5 16
5 14
5 13
4 17
4 16
4 11
3 15
3 14
3 11
2 13
2 12
2 10
1 12
1 10
1 9
0 16
0 9
0 8
----------

34328: 8 16, 7 17, 6 15, 5 13, 4 11, 3 14, 2 12, 1 10, 0 9
Frc: 9.16667 | 0.0833333 0.5 0.5 0.0833333 1 1 0.833333 0.166667 0.166667 1 0.833333 0.666667 0.333333 1 0.75 0.25 1 0.0833333 1 0.916667 0.5 1 0.5 0.5 1 0.5 0.0833333 1 0.916667 
Int: 10 | 0 1 0 0 1 1 1 0 0 1 1 1 0 1 1 0 1 0 1 1 1 1 0 1 1 1 0 1 1 
BDS: 13 | 1 1 1 1 1 1 1 0 0 1 1 1 0 1 0 1 1 0 1 1 1 1 1 0 1 1 1 1 0 

