18 30

12 17
11 13
10 16
9 14
8 16
8 14
7 15
7 14
7 13
6 15
6 14
6 12
5 15
5 13
5 12
4 16
4 15
4 11
3 17
3 12
3 11
2 17
2 16
2 10
1 17
1 10
1 9
0 13
0 9
0 8
----------

40073: 8 16, 7 14, 6 15, 5 13, 4 11, 3 12, 2 17, 1 10, 0 9
Frc: 9.25 | 0.25 0.625 0.125 0.125 1 0.125 0.25 1 0.75 1 0.75 0.25 0.5 1 0.5 0.75 0.25 1 0.625 1 0.375 1 0.125 0.875 0.125 1 0.875 0.125 1 0.875 
Int: 10 | 0 1 0 0 1 0 0 1 1 1 1 0 0 1 1 1 1 1 1 1 0 1 0 1 0 1 1 0 1 1 
BDS: 13 | 0 1 1 0 1 1 0 1 1 1 1 0 1 1 1 0 1 1 1 1 0 1 1 0 1 1 1 1 1 0 

