18 30

12 17
11 12
10 15
9 14
8 17
8 16
7 17
7 14
7 13
6 16
6 15
6 12
5 15
5 14
5 12
4 17
4 13
4 11
3 14
3 13
3 11
2 16
2 15
2 10
1 16
1 10
1 9
0 13
0 9
0 8
----------

40467: 8 17, 7 13, 6 15, 5 12, 4 11, 3 14, 2 16, 1 10, 0 9
Frc: 9.125 | 0.125 0.625 0.125 0.125 1 0.125 0.375 0.625 1 0.75 1 0.25 0.75 0.25 1 0.5 0.5 1 1 0.375 0.625 1 0.125 0.875 0.125 1 0.875 0.125 1 0.875 
Int: 10 | 0 1 0 0 1 0 0 1 1 1 1 0 1 0 1 1 1 1 1 0 1 1 0 1 0 1 1 0 1 1 
BDS: 13 | 1 1 1 1 1 1 0 1 1 0 1 1 0 1 1 0 1 1 1 0 1 1 0 1 0 1 1 0 1 1 

