18 30

12 17
11 12
10 14
9 14
8 16
8 14
7 17
7 15
7 13
6 16
6 15
6 12
5 17
5 14
5 12
4 17
4 13
4 11
3 15
3 13
3 11
2 16
2 15
2 10
1 13
1 10
1 9
0 16
0 9
0 8
----------

40272: 8 14, 7 13, 6 12, 5 17, 4 11, 3 15, 2 16, 1 10, 0 9
Frc: 9.23077 | 0.153846 0.692308 0.0769231 0.0769231 0.0769231 1 0.384615 0.615385 1 0.846154 0.153846 1 1 0.846154 0.153846 0.461538 0.538462 1 1 0.384615 0.615385 1 0.230769 0.923077 0.0769231 1 0.923077 0.0769231 1 0.923077 
Int: 10 | 0 1 0 0 0 1 0 1 1 1 0 1 1 1 0 1 0 1 1 0 1 1 0 1 1 1 1 0 1 1 
BDS: 13 | 1 1 0 1 1 1 0 1 1 0 1 1 1 1 0 0 1 1 1 0 1 1 1 1 0 1 1 1 1 0 

