18 29

11 12
10 15
9 16
8 14
8 13
7 17
7 16
7 14
6 17
6 16
6 12
5 17
5 14
5 12
4 16
4 15
4 11
3 15
3 13
3 11
2 15
2 13
2 10
1 17
1 10
1 9
0 14
0 9
0 8
----------

35432: 8 14, 7 17, 6 16, 5 12, 4 11, 3 15, 2 13, 1 10, 0 9
Frc: 9.22222 | 0.777778 0.111111 0.111111 1 0.222222 1 0.666667 0.333333 0.333333 1 0.666667 0.555556 0.444444 1 0.222222 0.777778 1 1 0.777778 0.222222 0.111111 1 0.888889 0.111111 1 0.888889 0.222222 1 0.777778 
Int: 10 | 1 0 0 1 0 1 1 0 0 1 1 1 1 1 0 1 1 1 1 0 0 1 1 0 1 1 0 1 1 
BDS: 13 | 1 1 1 1 1 1 1 0 0 1 1 1 1 1 1 0 1 1 0 1 0 1 1 1 1 0 0 1 1 

