18 29

11 12
10 15
9 16
8 15
8 14
7 17
7 15
7 13
6 16
6 14
6 13
5 17
5 13
5 12
4 17
4 15
4 11
3 16
3 14
3 11
2 16
2 12
2 10
1 17
1 10
1 9
0 14
0 9
0 8
----------

35141: 8 15, 7 13, 6 14, 5 17, 4 11, 3 16, 2 12, 1 10, 0 9
Frc: 9.25 | 0.5 0.375 0.125 1 0.25 0.75 0.25 1 0.5 1 0.5 1 0.5 0.5 0.625 0.375 1 1 0.5 0.5 0.375 1 0.625 0.125 1 0.875 0.25 1 0.75 
Int: 10 | 0 0 0 1 0 0 1 1 1 1 1 1 0 1 1 0 1 1 1 1 0 1 1 0 1 1 0 1 1 
BDS: 13 | 1 1 0 1 1 0 1 1 1 1 0 1 1 1 0 1 1 1 1 0 1 1 0 1 1 1 1 1 0 

35149: 8 15, 7 13, 6 16, 5 17, 4 11, 3 14, 2 12, 1 10, 0 9
Frc: 9.25 | 0.5 0.375 0.125 1 0.25 0.75 0.25 1 1 0.5 0.5 1 0.5 0.5 0.625 0.375 1 0.5 1 0.5 0.375 1 0.625 0.125 1 0.875 0.25 1 0.75 
Int: 10 | 0 0 0 1 0 0 1 1 1 1 1 1 0 1 1 0 1 1 1 1 0 1 1 0 1 1 0 1 1 
BDS: 13 | 1 1 0 1 1 0 1 1 1 1 0 1 1 1 0 1 1 1 1 0 1 1 0 1 1 1 1 1 0 

