18 30

13 17
12 17
10 16
9 14
8 14
8 13
7 17
7 15
7 14
6 16
6 15
6 13
5 16
5 15
5 12
4 16
4 13
4 12
3 17
3 12
3 11
2 15
2 11
2 10
1 14
1 10
1 9
0 11
0 9
0 8
----------

41317: 8 14, 7 17, 6 15, 5 16, 4 13, 3 12, 2 11, 1 10, 0 9
Frc: 9.22222 | 0.666667 0.222222 0.111111 0.111111 1 0.111111 1 0.222222 0.777778 0.333333 1 0.666667 1 0.666667 0.333333 0.555556 1 0.444444 0.111111 1 0.888889 0.111111 1 0.888889 0.111111 1 0.888889 0.111111 1 0.888889 
Int: 10 | 0 0 1 0 1 0 1 0 1 0 1 1 1 1 0 0 1 1 1 1 0 0 1 1 0 1 1 1 1 1 
BDS: 13 | 1 1 1 0 1 1 1 1 0 0 1 1 1 1 0 1 1 0 0 1 1 1 1 0 1 1 1 1 1 0 

