18 29

12 17
10 16
9 17
8 15
8 14
7 16
7 15
7 13
6 17
6 14
6 12
5 16
5 13
5 12
4 15
4 13
4 12
3 17
3 14
3 11
2 16
2 11
2 10
1 15
1 10
1 9
0 11
0 9
0 8
----------

36572: 8 15, 7 13, 6 14, 5 16, 4 12, 3 17, 2 11, 1 10, 0 9
Frc: 9.21429 | 0.214286 0.214286 0.285714 1 0.5 0.571429 0.428571 1 0.5 1 0.5 1 0.428571 0.571429 0.428571 0.571429 1 1 0.5 0.5 0.214286 1 0.785714 0.285714 1 0.714286 0.5 1 0.5 
Int: 10 | 0 1 0 1 1 0 1 1 1 1 0 1 0 1 0 1 1 1 0 1 0 1 1 0 1 1 1 1 0 
BDS: 13 | 0 1 0 1 1 1 0 1 1 1 1 1 0 1 1 1 1 1 0 1 1 1 0 0 1 1 1 1 1 

