18 30

13 17
10 15
9 16
8 14
8 13
7 17
7 15
7 13
6 15
6 14
6 13
5 17
5 16
5 12
4 17
4 15
4 12
3 16
3 12
3 11
2 14
2 11
2 10
1 16
1 10
1 9
0 14
0 11
0 9
0 8
----------

43203: 8 13, 7 15, 6 14, 5 17, 4 12, 3 16, 2 11, 1 10, 0 9
Frc: 9.1875 | 0.0625 0.25 0.25 0.625 1 0.4375 1 0.5625 0.625 1 0.375 1 0.5 0.5 0.5 0.5 1 1 0.5 0.5 0.25 1 0.75 0.25 1 0.75 0.125 0.5 1 0.375 
Int: 10 | 0 1 0 0 1 1 1 0 0 1 1 1 1 1 0 1 1 1 0 1 1 1 0 0 1 1 0 0 1 1 
BDS: 13 | 0 1 1 1 1 0 1 1 1 1 0 1 1 0 1 1 1 1 1 1 1 1 0 0 1 1 0 0 1 1 

