18 30

13 17
10 16
9 17
9 15
8 17
8 14
7 15
7 14
7 13
6 16
6 15
6 12
5 16
5 14
5 12
4 15
4 13
4 12
3 14
3 13
3 11
2 16
2 11
2 10
1 17
1 10
1 9
0 11
0 9
0 8
----------

41578: 8 17, 7 14, 6 16, 5 12, 4 15, 3 13, 2 11, 1 10, 0 9
Frc: 9.25 | 0.25 0.25 0.25 0.25 1 0.25 0.5 1 0.5 1 0.25 0.75 0.5 0.5 1 1 0.25 0.75 0.25 1 0.75 0.25 1 0.75 0.5 1 0.5 0.25 1 0.75 
Int: 10 | 0 1 0 1 1 0 0 1 1 1 1 0 0 1 1 1 0 1 0 1 1 1 1 0 1 1 0 0 1 1 
BDS: 13 | 0 1 0 1 1 0 1 1 1 1 1 0 1 1 1 1 0 1 0 1 1 1 1 0 1 1 0 1 1 1 

