18 30

13 17
12 17
10 16
9 15
8 17
8 14
7 15
7 14
7 13
6 17
6 16
6 12
5 15
5 14
5 12
4 14
4 13
4 12
3 16
3 13
3 11
2 16
2 11
2 10
1 15
1 10
1 9
0 11
0 9
0 8
----------

40639: 8 17, 7 15, 6 12, 5 14, 4 13, 3 16, 2 11, 1 10, 0 9
Frc: 9.16667 | 0.5 0.166667 0.166667 0.166667 1 0.166667 1 0.333333 0.666667 0.333333 0.666667 1 0.666667 1 0.333333 0.5 1 0.5 1 0.166667 0.833333 0.166667 1 0.833333 0.166667 1 0.833333 0.166667 1 0.833333 
Int: 10 | 1 0 0 0 1 0 1 0 1 0 1 1 1 1 1 1 1 0 1 0 1 0 1 1 0 1 1 0 1 1 
BDS: 13 | 1 1 1 1 1 1 1 0 1 0 1 1 1 1 0 1 1 0 1 1 0 0 1 1 1 1 0 1 1 0 

