18 30

13 17
12 17
10 17
9 14
8 14
8 13
7 17
7 15
7 14
6 16
6 15
6 13
5 16
5 15
5 12
4 16
4 13
4 12
3 16
3 12
3 11
2 15
2 11
2 10
1 14
1 10
1 9
0 11
0 9
0 8
----------

41699: 8 14, 7 17, 6 15, 5 16, 4 13, 3 12, 2 11, 1 10, 0 9
Frc: 9.18182 | 0.636364 0.181818 0.181818 0.0909091 1 0.0909091 1 0.181818 0.818182 0.363636 1 0.636364 1 0.636364 0.363636 0.545455 1 0.454545 0.0909091 1 0.909091 0.181818 1 0.818182 0.0909091 1 0.909091 0.0909091 1 0.909091 
Int: 10 | 1 0 0 0 1 0 1 0 1 0 1 1 1 1 0 1 1 1 0 1 1 0 1 1 0 1 1 0 1 1 
BDS: 13 | 1 1 1 0 1 1 1 1 0 0 1 1 1 1 0 1 1 0 0 1 1 1 1 0 1 1 1 1 1 0 

