18 31

10 14
9 17
8 17
8 15
8 14
7 16
7 15
7 13
6 16
6 15
6 12
5 16
5 14
5 12
4 15
4 13
4 12
3 17
3 16
3 13
3 11
2 14
2 11
2 10
1 17
1 13
1 10
1 9
0 11
0 9
0 8
----------

52246: 8 14, 7 13, 6 15, 5 16, 4 12, 3 17, 2 11, 1 10, 0 9
Frc: 9.25 | 0.125 0.5 0.375 0.25 1 0.5 0.5 1 0.25 1 0.75 1 0.75 0.25 0.25 0.75 1 1 0.25 0.375 0.375 0.125 1 0.875 0.125 0.375 1 0.5 0.625 1 0.375 
Int: 10 | 0 1 0 1 1 1 0 1 0 1 1 1 1 0 0 1 1 1 0 0 1 0 1 1 0 1 1 0 0 1 1 
BDS: 13 | 1 1 0 0 1 0 1 1 0 1 1 1 1 1 0 1 1 1 1 1 0 0 1 1 0 0 1 1 1 1 1 

