18 29

12 17
10 17
9 15
8 17
8 14
7 16
7 15
7 13
6 16
6 14
6 13
5 16
5 15
5 12
4 16
4 14
4 11
3 13
3 12
3 11
2 12
2 11
2 10
1 15
1 10
1 9
0 17
0 9
0 8
----------

36149: 8 17, 7 15, 6 13, 5 16, 4 14, 3 11, 2 12, 1 10, 0 9
Frc: 9.18182 | 0.181818 0.181818 0.181818 1 0.636364 0.363636 1 0.636364 0.454545 0.545455 1 1 0.636364 0.363636 0.181818 1 0.818182 0.545455 0.454545 1 1 0.181818 0.818182 0.181818 1 0.818182 0.636364 1 0.363636 
Int: 10 | 0 0 0 1 1 0 1 1 0 1 1 1 1 0 1 0 1 0 1 1 1 0 1 0 1 1 1 1 0 
BDS: 13 | 0 1 1 1 1 0 1 1 0 1 1 1 1 0 1 1 1 1 1 1 1 0 1 1 1 0 1 1 0 

