18 30

10 16
9 16
8 16
8 14
7 17
7 14
7 13
6 15
6 14
6 13
5 17
5 15
5 12
4 15
4 13
4 11
3 14
3 12
3 11
2 12
2 11
2 10
1 17
1 16
1 10
1 9
0 17
0 15
0 9
0 8
----------

44194: 8 16, 7 14, 6 15, 5 17, 4 13, 3 12, 2 11, 1 10, 0 9
Frc: 9.25 | 0.25 0.5 1 0.5 0.375 1 0.625 1 0.625 0.375 1 0.25 0.75 0.625 1 0.375 0.375 1 0.625 0.25 1 0.75 0.25 0.25 1 0.5 0.375 0.125 1 0.5 
Int: 10 | 0 0 1 1 1 1 0 1 0 1 1 0 1 0 1 1 0 1 1 0 1 1 0 1 1 1 0 1 1 0 
BDS: 13 | 1 0 1 0 1 1 1 1 1 0 1 1 0 1 1 1 1 1 0 1 1 1 1 0 1 1 0 0 1 1 

