18 30

11 17
10 17
9 14
8 17
8 15
8 13
7 16
7 15
7 14
6 16
6 15
6 12
5 16
5 13
5 12
4 16
4 14
4 11
3 15
3 13
3 11
2 12
2 11
2 10
1 14
1 10
1 9
0 17
0 9
0 8
----------

44255: 8 17, 7 14, 6 15, 5 12, 4 16, 3 13, 2 11, 1 10, 0 9
Frc: 9.16667 | 0.166667 0.166667 0.166667 1 0.166667 0.5 0.333333 0.666667 1 0.166667 1 0.833333 0.5 0.5 1 1 0.666667 0.333333 0.5 1 0.5 0.166667 1 0.833333 0.166667 1 0.833333 0.666667 1 0.333333 
Int: 10 | 0 0 1 1 0 1 0 1 1 0 1 1 1 0 1 1 0 1 0 1 1 0 1 1 1 1 0 1 1 0 
BDS: 13 | 0 1 1 1 0 1 0 1 1 1 1 1 0 1 1 1 1 0 1 1 1 0 1 1 1 1 0 1 1 0 

