18 29

12 17
10 13
9 17
8 16
8 13
7 17
7 15
7 14
6 17
6 14
6 12
5 15
5 14
5 12
4 16
4 15
4 11
3 16
3 13
3 11
2 12
2 11
2 10
1 15
1 10
1 9
0 16
0 9
0 8
----------

35452: 8 13, 7 17, 6 14, 5 15, 4 11, 3 16, 2 12, 1 10, 0 9
Frc: 9.16667 | 0.166667 0.5 0.25 0.25 1 1 0.583333 0.416667 0.583333 1 0.416667 1 0.583333 0.416667 0.5 0.5 1 1 0.5 0.5 1 0.5 0.5 0.25 1 0.75 0.25 1 0.75 
Int: 10 | 0 0 1 0 1 1 1 0 0 1 1 1 1 0 1 0 1 1 1 0 1 1 1 0 1 1 0 1 1 
BDS: 13 | 0 1 1 0 1 1 1 0 1 1 0 1 1 1 1 1 1 1 1 0 1 1 1 1 1 0 0 1 1 

