18 29

9 15
8 17
8 16
8 15
7 17
7 14
7 12
6 17
6 16
6 11
5 16
5 15
5 11
4 15
4 14
4 10
3 16
3 13
3 10
2 17
2 12
2 11
2 10
1 14
1 13
1 9
0 13
0 12
0 9
----------

45096: 8 16, 7 17, 6 11, 5 15, 4 14, 3 10, 2 12, 1 13, 0 9
Frc: 9.125 | 0.125 0.375 1 0.625 1 0.875 0.125 0.5 0.5 1 0.375 1 0.625 0.25 1 0.75 0.125 0.875 1 0.125 1 0.625 0.25 0.125 1 0.875 0.125 0.875 1 
Int: 10 | 0 0 1 1 1 1 0 1 1 1 0 1 1 0 1 1 0 1 1 0 1 1 0 0 1 1 0 1 1 
BDS: 13 | 1 0 1 1 1 1 1 0 1 1 0 1 1 1 1 0 0 1 1 1 1 1 1 1 1 0 1 0 1 

