18 30

12 17
11 17
10 16
9 17
8 16
8 13
7 17
7 14
7 13
6 15
6 14
6 12
5 15
5 14
5 11
4 16
4 13
4 11
3 14
3 12
3 11
2 16
2 12
2 10
1 15
1 10
1 9
0 15
0 9
0 8
----------

41879: 8 16, 7 17, 6 14, 5 15, 4 13, 3 11, 2 12, 1 10, 0 9
Frc: 9.17647 | 0.176471 0.588235 0.0588235 0.235294 1 0.117647 1 0.117647 0.882353 0.647059 1 0.352941 1 0.352941 0.647059 0.882353 1 0.117647 0.529412 0.470588 1 0.0588235 1 0.941176 0.235294 1 0.764706 0.117647 1 0.882353 
Int: 10 | 0 0 0 1 1 0 1 1 1 1 1 0 1 0 1 1 1 0 0 1 1 0 1 1 0 1 1 0 1 1 
BDS: 13 | 1 1 0 1 1 1 1 1 0 1 1 0 1 0 1 0 1 1 1 0 1 1 1 1 1 1 0 0 1 1 

