18 30

12 14
11 17
10 16
9 14
8 16
8 13
7 17
7 15
7 13
6 17
6 13
6 12
5 17
5 15
5 11
4 15
4 14
4 11
3 14
3 12
3 11
2 16
2 12
2 10
1 15
1 10
1 9
0 16
0 9
0 8
----------

41146: 8 16, 7 13, 6 17, 5 15, 4 14, 3 11, 2 12, 1 10, 0 9
Frc: 9.1875 | 0.125 0.0625 0.25 0.25 1 0.5 0.5 0.5 1 1 0.5 0.5 0.4375 1 0.5625 0.625 1 0.375 0.625 0.375 1 0.25 1 0.75 0.25 1 0.75 0.5 1 0.5 
Int: 10 | 0 0 0 1 1 1 1 0 1 1 0 1 0 1 1 1 1 0 1 0 1 0 1 1 1 1 0 1 1 0 
BDS: 13 | 0 0 1 1 1 1 1 1 1 1 1 1 0 1 1 1 1 0 1 0 1 0 1 1 1 1 0 1 1 0 

