18 31

10 17
10 14
9 15
8 15
8 14
7 16
7 14
7 13
6 17
6 16
6 15
6 12
5 16
5 14
5 11
4 16
4 13
4 11
3 13
3 12
3 11
2 17
2 12
2 10
1 15
1 10
1 9
0 17
0 13
0 9
0 8
----------

49833: 8 15, 7 14, 6 12, 5 11, 4 16, 3 13, 2 17, 1 10, 0 9
Frc: 9.25 | 0.166667 0.0833333 0.333333 1 0.666667 0.5 1 0.5 0.416667 0.25 0.333333 1 0.25 0.75 1 1 0.25 0.75 1 0.75 0.25 1 0.25 0.75 0.333333 1 0.666667 0.416667 0.25 1 0.333333 
Int: 10 | 0 0 0 1 0 0 1 1 1 1 1 1 0 1 1 1 0 1 1 1 0 1 0 1 0 1 1 0 0 1 1 
BDS: 13 | 0 1 1 1 0 1 1 0 0 0 1 1 0 1 1 1 0 1 1 1 1 1 0 1 1 1 0 1 1 1 1 

