18 30

13 17
12 17
10 16
9 17
8 16
8 15
7 17
7 15
7 14
6 16
6 15
6 12
5 14
5 13
5 11
4 14
4 12
4 11
3 13
3 12
3 11
2 16
2 13
2 10
1 14
1 10
1 9
0 15
0 9
0 8
----------

39976: 8 16, 7 17, 6 15, 5 11, 4 14, 3 12, 2 13, 1 10, 0 9
Frc: 9.15789 | 0.157895 0.631579 0.0526316 0.210526 1 0.105263 1 0.789474 0.210526 0.894737 1 0.105263 0.578947 0.421053 1 1 0.578947 0.421053 0.421053 1 0.578947 0.0526316 1 0.947368 0.210526 1 0.789474 0.105263 1 0.894737 
Int: 10 | 0 1 0 0 1 0 1 1 1 1 1 0 0 1 1 1 0 1 1 1 0 0 1 1 0 1 1 0 1 1 
BDS: 13 | 1 1 0 1 1 0 1 0 1 0 1 1 1 0 1 1 1 0 0 1 1 1 1 1 1 1 0 1 1 1 

