18 30

13 17
12 17
10 16
9 16
8 16
8 15
7 17
7 15
7 14
6 16
6 15
6 12
5 14
5 13
5 11
4 14
4 12
4 11
3 13
3 12
3 11
2 17
2 13
2 10
1 14
1 10
1 9
0 15
0 9
0 8
----------

40297: 8 16, 7 17, 6 15, 5 11, 4 14, 3 12, 2 13, 1 10, 0 9
Frc: 9.25 | 0.25 0.625 0.125 0.125 1 0.125 1 0.75 0.25 0.75 1 0.25 0.625 0.375 1 1 0.625 0.375 0.375 1 0.625 0.125 1 0.875 0.125 1 0.875 0.125 1 0.875 
Int: 10 | 0 1 0 0 1 0 1 1 0 1 1 0 1 0 1 1 1 0 1 1 1 0 1 1 0 1 1 0 1 1 
BDS: 13 | 1 1 1 0 1 0 1 0 1 0 1 1 1 0 1 1 1 0 0 1 1 0 1 1 1 1 1 1 1 1 

