18 30

10 14
9 14
8 15
8 14
7 15
7 14
7 13
6 17
6 16
6 12
5 17
5 15
5 13
5 11
4 16
4 12
4 11
3 17
3 15
3 12
3 11
2 16
2 13
2 10
1 17
1 10
1 9
0 16
0 9
0 8
----------

50534: 9 14, 7 13, 6 12, 5 15, 4 16, 3 11, 2 10, 1 17, 0 8
Frc: 9.16667 | 0.166667 1 0.833333 0.166667 0.333333 0.666667 1 0.5 0.5 1 0.166667 1 0.333333 0.5 1 0.5 0.5 0.333333 0.166667 0.5 1 0.333333 0.666667 1 1 0.833333 0.166667 0.166667 0.833333 1 
Int: 10 | 0 1 1 0 0 1 1 0 1 1 0 1 0 1 1 0 1 1 0 1 1 0 1 1 1 1 0 0 1 1 
BDS: 13 | 0 1 0 1 0 1 1 0 1 1 1 1 1 1 1 0 1 0 1 1 1 1 0 1 1 1 1 1 0 1 

