18 29

13 17
10 17
9 15
8 17
8 14
7 16
7 14
7 13
6 16
6 14
6 12
5 15
5 13
5 11
4 16
4 12
4 11
3 15
3 12
3 11
2 16
2 13
2 10
1 15
1 10
1 9
0 17
0 9
0 8
----------

35884: 8 17, 7 16, 6 14, 5 11, 4 12, 3 15, 2 13, 1 10, 0 9
Frc: 9.22222 | 0.222222 0.222222 0.222222 1 0.555556 1 0.666667 0.333333 0.333333 1 0.666667 0.555556 0.444444 1 0.444444 1 0.555556 1 0.555556 0.444444 0.222222 1 0.777778 0.222222 1 0.777778 0.555556 1 0.444444 
Int: 10 | 0 0 0 1 1 1 0 1 0 1 1 1 0 1 1 1 1 1 1 0 0 1 1 0 1 1 1 1 0 
BDS: 13 | 0 1 1 1 1 1 1 1 1 1 1 1 0 1 0 1 1 1 1 0 0 1 1 1 1 0 1 1 0 

