18 30

13 17
12 17
10 17
9 15
8 16
8 15
7 17
7 15
7 14
6 16
6 13
6 12
5 14
5 13
5 11
4 14
4 12
4 11
3 13
3 12
3 11
2 16
2 14
2 10
1 15
1 10
1 9
0 16
0 9
0 8
----------

40263: 8 15, 7 17, 6 13, 5 11, 4 14, 3 12, 2 16, 1 10, 0 9
Frc: 9.2 | 0.2 0.6 0.2 0.1 0.1 1 1 0.8 0.2 0.8 1 0.2 0.6 0.4 1 1 0.6 0.4 0.4 1 0.6 1 0.2 0.8 0.1 1 0.9 0.1 1 0.9 
Int: 10 | 0 1 0 0 0 1 1 1 1 1 1 0 0 1 1 1 0 1 1 1 0 1 0 1 0 1 1 0 1 1 
BDS: 13 | 1 1 1 1 1 1 1 0 1 1 1 0 1 0 1 1 1 0 0 1 1 1 1 0 0 1 1 1 1 0 

40745: 8 15, 7 17, 6 12, 5 14, 4 11, 3 13, 2 16, 1 10, 0 9
Frc: 9.2 | 0.6 0.2 0.2 0.1 0.1 1 1 0.8 0.2 0.8 0.2 1 1 0.6 0.4 0.6 0.4 1 1 0.4 0.6 1 0.2 0.8 0.1 1 0.9 0.1 1 0.9 
Int: 10 | 1 0 0 0 0 1 1 1 0 1 0 1 1 1 0 1 1 1 1 0 1 1 0 1 0 1 1 0 1 1 
BDS: 13 | 1 1 1 1 1 1 1 0 1 1 0 1 1 1 0 1 0 1 1 0 1 1 1 0 0 1 1 1 1 0 

