18 30

12 17
11 17
10 16
9 14
8 15
8 13
7 17
7 15
7 14
6 16
6 15
6 12
5 16
5 15
5 11
4 16
4 12
4 11
3 13
3 12
3 11
2 14
2 13
2 10
1 14
1 10
1 9
0 17
0 9
0 8
----------

41447: 8 13, 7 17, 6 16, 5 15, 4 11, 3 12, 2 14, 1 10, 0 9
Frc: 9.18182 | 0.181818 0.636364 0.0909091 0.0909091 0.181818 1 1 0.181818 0.818182 1 0.636364 0.363636 0.363636 1 0.636364 0.545455 0.454545 1 0.909091 1 0.0909091 1 0.0909091 0.909091 0.0909091 1 0.909091 0.181818 1 0.818182 
Int: 10 | 0 1 0 0 1 1 1 0 1 1 0 1 1 1 0 0 1 1 1 1 0 1 0 1 0 1 1 0 1 1 
BDS: 13 | 1 1 1 1 1 1 1 1 0 1 1 0 0 1 1 1 0 1 1 1 0 1 1 0 0 1 1 1 1 0 

41979: 8 13, 7 17, 6 15, 5 16, 4 12, 3 11, 2 14, 1 10, 0 9
Frc: 9.18182 | 0.636364 0.181818 0.0909091 0.0909091 0.181818 1 1 0.181818 0.818182 0.363636 1 0.636364 1 0.636364 0.363636 0.545455 1 0.454545 0.909091 0.0909091 1 1 0.0909091 0.909091 0.0909091 1 0.909091 0.181818 1 0.818182 
Int: 10 | 1 0 0 0 0 1 1 0 1 0 1 1 1 1 1 1 1 0 1 0 1 1 0 1 0 1 1 0 1 1 
BDS: 13 | 1 1 1 1 1 1 1 1 0 0 1 1 1 1 0 1 1 0 1 0 1 1 1 0 0 1 1 1 1 0 

