18 28

10 16
9 16
8 17
8 15
7 17
7 16
7 14
6 17
6 13
6 12
5 15
5 13
5 11
4 14
4 12
4 11
3 13
3 12
3 11
2 15
2 14
2 10
1 17
1 10
1 9
0 16
0 9
0 8
----------

40073: 10 16, 7 17, 6 12, 5 13, 4 14, 3 11, 2 15, 1 9, 0 8
Frc: 9.16667 | 1 0.166667 0.166667 0.833333 1 0.666667 0.333333 0.5 0.5 1 0.5 1 0.5 1 0.5 0.5 0.5 0.5 1 1 0.666667 0.333333 0.333333 0.666667 1 0.166667 0.833333 1 
Int: 10 | 1 0 0 1 1 1 0 1 0 1 0 1 1 1 0 1 1 1 0 1 1 0 0 1 1 0 1 1 
BDS: 13 | 1 0 1 0 1 0 1 1 1 1 1 1 1 1 1 0 0 1 1 1 1 1 1 0 1 1 1 1 

