18 31

10 17
10 14
9 17
9 13
8 16
8 14
7 16
7 15
7 14
6 17
6 15
6 12
5 15
5 14
5 11
4 17
4 16
4 12
4 11
3 15
3 12
3 11
2 16
2 13
2 10
1 13
1 10
1 9
0 13
0 9
0 8
----------

48225: 8 16, 7 14, 6 15, 5 11, 4 17, 3 12, 2 13, 1 10, 0 9
Frc: 9.25 | 0.416667 0.0833333 0.25 0.25 1 0.25 0.666667 0.333333 1 0.333333 1 0.666667 0.333333 0.666667 1 1 0.333333 0.333333 0.333333 0.333333 1 0.666667 0.5 1 0.5 0.5 1 0.5 0.25 1 0.75 
Int: 10 | 0 1 1 0 1 0 0 1 1 0 1 1 1 0 1 1 0 0 1 1 1 0 1 1 0 1 1 0 0 1 1 
BDS: 13 | 1 0 1 0 1 1 1 1 1 1 1 1 0 1 1 1 1 0 0 0 1 1 1 1 0 1 1 0 1 1 0 

