18 31

10 17
10 13
9 14
8 16
8 14
7 16
7 14
7 13
6 17
6 16
6 15
6 12
5 17
5 16
5 14
5 11
4 17
4 12
4 11
3 15
3 12
3 11
2 15
2 13
2 10
1 15
1 10
1 9
0 13
0 9
0 8
----------

49333: 8 14, 7 13, 6 16, 5 11, 4 17, 3 12, 2 15, 1 10, 0 9
Frc: 9 | 0.25 0.25 0.25 0.25 1 0.5 0.5 1 0.25 1 0.25 0.5 0.5 0.25 0.25 1 1 0.5 0.5 0.5 1 0.5 1 0.5 0.5 0.25 1 0.75 0.25 1 0.75 
Int: 9 | 1 0 0 0 1 0 1 1 0 1 1 0 0 1 0 1 1 1 0 0 1 1 1 1 0 0 1 1 0 1 1 
BDS: 13 | 0 1 1 1 1 1 0 1 0 1 1 0 1 1 0 1 1 1 0 1 1 1 1 1 0 0 1 1 1 1 0 

