18 31

10 13
9 17
9 14
8 17
8 16
7 16
7 14
7 13
6 17
6 16
6 15
6 12
5 17
5 15
5 14
5 11
4 15
4 12
4 11
3 14
3 12
3 11
2 16
2 13
2 10
1 15
1 10
1 9
0 13
0 9
0 8
----------

49208: 8 17, 7 13, 6 15, 5 14, 4 11, 3 12, 2 16, 1 10, 0 9
Frc: 9.05556 | 0.388889 0.222222 0.222222 1 0.222222 0.611111 0.388889 1 0.333333 0.166667 1 0.5 0.444444 0.0555556 1 0.5 0.5 0.5 1 0.5 1 0.5 1 0.388889 0.611111 0.444444 1 0.555556 0.222222 1 0.777778 
Int: 10 | 0 1 0 1 1 0 1 1 0 0 1 1 0 0 1 1 0 1 1 1 1 0 1 0 1 1 1 0 1 1 0 
BDS: 13 | 1 0 0 1 1 1 0 1 0 1 1 0 1 0 1 1 1 1 1 1 1 0 1 1 0 1 1 1 1 1 0 

