18 31

10 17
10 16
9 17
9 14
8 17
8 13
7 17
7 15
7 14
7 12
6 16
6 13
6 12
5 15
5 14
5 11
4 15
4 13
4 11
3 14
3 13
3 11
2 16
2 12
2 10
1 16
1 10
1 9
0 15
0 9
0 8
----------

48132: 8 17, 7 14, 6 16, 5 11, 4 15, 3 13, 2 12, 1 10, 0 9
Frc: 9.16667 | 0.416667 0.0833333 0.25 0.166667 1 0.25 0.333333 0.166667 1 0.5 1 0.5 0.5 0.583333 0.416667 1 1 0.583333 0.416667 0.416667 1 0.583333 0.5 1 0.5 0.416667 1 0.583333 0.25 1 0.75 
Int: 10 | 1 0 0 0 1 1 0 0 1 1 1 1 0 0 1 1 1 0 1 1 1 0 1 1 0 0 1 1 1 1 0 
BDS: 13 | 0 0 1 0 1 1 1 0 1 0 1 1 1 1 0 1 1 1 0 1 1 1 0 1 1 1 1 1 1 1 0 

