18 31

10 15
9 17
9 16
8 17
8 14
8 13
7 17
7 16
7 12
6 17
6 15
6 13
6 12
5 15
5 14
5 11
4 15
4 13
4 11
3 14
3 13
3 11
2 14
2 12
2 10
1 16
1 10
1 9
0 16
0 9
0 8
----------

59123: 9 17, 7 12, 6 13, 5 15, 4 11, 3 14, 2 10, 1 16, 0 8
Frc: 9.27273 | 0.0909091 1 0.181818 0.272727 0.454545 0.272727 0.454545 0.545455 1 0.272727 0.272727 1 0.454545 1 0.636364 0.363636 0.636364 0.363636 1 1 0.363636 0.636364 0.454545 0.545455 1 1 0.909091 0.0909091 0.272727 0.727273 1 
Int: 10 | 1 1 0 0 1 0 1 0 1 0 1 1 0 1 0 1 0 1 1 1 0 1 0 1 1 1 0 1 1 0 1 
BDS: 13 | 0 1 0 1 1 1 0 1 1 0 1 1 1 1 1 0 1 0 1 1 0 1 1 0 1 1 1 1 1 0 1 

