18 30

13 17
11 14
10 15
9 16
8 17
8 16
7 17
7 16
7 12
6 15
6 13
6 12
5 16
5 14
5 11
4 15
4 13
4 11
3 13
3 12
3 11
2 15
2 14
2 10
1 14
1 10
1 9
0 17
0 9
0 8
----------

40206: 8 17, 7 16, 6 15, 5 11, 4 13, 3 12, 2 14, 1 10, 0 9
Frc: 9.16667 | 0.166667 0.166667 0.166667 0.166667 1 0.5 0.333333 1 0.666667 1 0.333333 0.666667 0.333333 0.666667 1 0.666667 1 0.333333 0.5 1 0.5 0.166667 1 0.833333 0.166667 1 0.833333 0.5 1 0.5 
Int: 10 | 1 0 0 1 1 0 0 1 1 1 0 1 0 1 1 1 1 0 0 1 1 0 1 1 0 1 1 0 1 1 
BDS: 13 | 0 0 1 1 1 0 1 1 1 1 0 1 0 1 1 1 1 0 1 1 1 1 1 0 1 1 1 0 1 1 

