18 30

10 16
9 15
8 15
8 14
7 17
7 15
7 12
6 17
6 16
6 13
6 12
5 16
5 14
5 11
4 17
4 15
4 13
4 11
3 13
3 12
3 11
2 16
2 14
2 10
1 17
1 10
1 9
0 14
0 9
0 8
----------

41895: 8 15, 7 17, 6 13, 5 16, 4 11, 3 12, 2 14, 1 10, 0 9
Frc: 9 | 0.333333 0.333333 1 0.333333 1 0.333333 0.666667 0.333333 0.333333 1 0.333333 1 0.333333 0.666667 0.333333 0.333333 0.333333 1 0.666667 1 0.333333 0.333333 1 0.666667 0.333333 1 0.666667 0.333333 1 0.666667 
Int: 10 | 0 1 1 1 1 0 1 0 1 1 0 1 0 1 0 1 0 1 1 1 0 0 1 1 1 1 0 1 1 0 
BDS: 13 | 1 1 1 1 1 1 1 1 0 1 0 1 0 1 0 1 0 1 1 1 1 0 1 1 1 1 0 1 1 0 

