18 30

13 17
11 14
10 17
9 14
8 16
8 14
7 16
7 15
7 12
6 17
6 13
6 12
5 16
5 15
5 11
4 14
4 13
4 11
3 15
3 12
3 11
2 17
2 13
2 10
1 16
1 10
1 9
0 15
0 9
0 8
----------

40127: 8 14, 7 16, 6 17, 5 15, 4 11, 3 12, 2 13, 1 10, 0 9
Frc: 9.16667 | 0.333333 0.166667 0.333333 0.166667 0.166667 1 1 0.333333 0.666667 1 0.333333 0.666667 0.666667 1 0.333333 0.666667 0.333333 1 0.5 1 0.5 0.333333 1 0.666667 0.166667 1 0.833333 0.166667 1 0.833333 
Int: 10 | 1 0 0 0 1 1 1 0 1 1 0 1 0 1 1 1 0 1 1 1 0 0 1 1 0 1 1 0 1 1 
BDS: 13 | 0 0 1 1 1 1 1 0 1 1 1 1 1 1 0 1 0 1 1 1 1 0 1 1 1 1 0 1 1 0 

