18 30

12 17
11 17
10 17
9 15
8 15
8 14
7 17
7 15
7 12
6 16
6 13
6 12
5 16
5 14
5 11
4 16
4 13
4 11
3 16
3 12
3 11
2 14
2 13
2 10
1 15
1 10
1 9
0 14
0 9
0 8
----------

40007: 8 15, 7 17, 6 13, 5 11, 4 16, 3 12, 2 14, 1 10, 0 9
Frc: 9.25 | 0.5 0.25 0.25 0.125 1 0.125 1 0.75 0.25 0.25 1 0.75 0.25 0.75 1 1 0.75 0.25 0.5 1 0.5 1 0.25 0.75 0.125 1 0.875 0.125 1 0.875 
Int: 10 | 1 0 0 0 1 0 1 1 0 0 1 1 0 1 1 1 1 0 1 1 1 1 0 1 0 1 1 0 1 1 
BDS: 13 | 1 1 1 1 1 1 1 0 1 0 1 1 0 1 1 1 1 0 1 1 0 1 1 0 0 1 1 1 1 0 

