18 30

10 16
9 16
8 16
8 15
7 15
7 14
7 12
6 17
6 16
6 13
6 12
5 15
5 13
5 11
4 14
4 13
4 11
3 17
3 14
3 12
3 11
2 17
2 14
2 10
1 17
1 10
1 9
0 15
0 9
0 8
----------

42936: 8 16, 7 14, 6 13, 5 15, 4 11, 3 12, 2 17, 1 10, 0 9
Frc: 9 | 0.333333 0.333333 1 0.333333 0.333333 1 0.666667 0.333333 0.333333 1 0.333333 1 0.333333 0.666667 0.333333 0.666667 1 0.333333 0.333333 1 0.333333 1 0.333333 0.666667 0.333333 1 0.666667 0.333333 1 0.666667 
Int: 10 | 0 0 1 0 1 1 0 0 1 1 1 1 0 1 0 1 1 1 1 1 0 1 0 1 0 1 1 0 1 1 
BDS: 13 | 1 0 1 1 1 1 0 1 0 1 1 1 0 1 1 1 1 0 1 1 0 1 1 0 1 1 1 1 1 0 

