18 30

10 14
9 16
8 17
8 15
7 16
7 14
7 12
6 17
6 13
6 12
5 17
5 15
5 13
5 11
4 17
4 15
4 13
4 11
3 16
3 12
3 11
2 15
2 14
2 10
1 16
1 10
1 9
0 14
0 9
0 8
----------

42366: 8 15, 7 16, 6 17, 5 13, 4 11, 3 12, 2 14, 1 10, 0 9
Frc: 9 | 0.333333 0.333333 0.333333 1 1 0.333333 0.666667 1 0.666667 0.333333 0.333333 0.333333 1 0.333333 0.333333 0.333333 0.333333 1 0.333333 1 0.666667 0.333333 1 0.666667 0.333333 1 0.666667 0.333333 1 0.666667 
Int: 10 | 0 0 0 1 1 1 0 1 1 1 1 0 1 1 0 1 0 1 1 1 0 0 1 1 0 1 1 0 1 1 
BDS: 13 | 0 1 1 1 1 1 0 1 1 1 1 0 1 0 0 0 1 1 1 1 1 1 1 1 0 1 1 0 1 1 

