18 30

10 16
9 17
9 16
8 17
8 15
7 16
7 14
7 12
6 15
6 13
6 12
5 15
5 14
5 11
4 15
4 13
4 11
3 17
3 13
3 12
3 11
2 16
2 14
2 10
1 17
1 10
1 9
0 14
0 9
0 8
----------

40842: 8 17, 7 16, 6 15, 5 11, 4 13, 3 12, 2 14, 1 10, 0 9
Frc: 9.125 | 0.375 0.25 0.25 1 0.25 1 0.125 0.875 1 0.625 0.375 0.375 0.625 1 0.375 1 0.625 0.25 0.375 1 0.375 0.375 1 0.625 0.5 1 0.5 0.25 1 0.75 
Int: 10 | 0 0 1 1 0 1 0 1 1 0 1 0 1 1 1 1 0 0 1 1 1 0 1 1 1 1 0 0 1 1 
BDS: 13 | 1 0 1 1 1 1 1 0 1 1 1 0 1 1 0 1 1 1 0 1 0 1 1 0 1 1 0 1 1 1 

