18 30

10 17
9 17
9 16
8 17
8 13
7 16
7 15
7 12
6 15
6 14
6 12
5 16
5 14
5 11
4 15
4 14
4 11
3 13
3 12
3 11
2 17
2 14
2 13
2 10
1 16
1 10
1 9
0 15
0 9
0 8
----------

42387: 8 17, 7 12, 6 15, 5 16, 4 14, 3 11, 2 13, 1 10, 0 9
Frc: 9.25 | 0.5 0.25 0.25 1 0.25 0.75 0.25 1 1 0.25 0.75 1 0.5 0.5 0.5 1 0.5 0.75 0.25 1 0.25 0.25 1 0.5 0.5 1 0.5 0.25 1 0.75 
Int: 10 | 0 0 0 1 0 1 0 1 1 0 1 1 1 0 0 1 1 1 0 1 1 0 1 1 0 1 1 1 1 1 
BDS: 13 | 1 1 0 1 1 1 0 1 1 0 1 1 1 1 1 1 0 1 1 1 1 0 1 0 1 1 0 1 1 0 

42537: 8 17, 7 15, 6 12, 5 16, 4 14, 3 11, 2 13, 1 10, 0 9
Frc: 9.25 | 0.5 0.25 0.25 1 0.25 0.25 1 0.75 0.25 0.75 1 1 0.5 0.5 0.5 1 0.5 0.75 0.25 1 0.25 0.25 1 0.5 0.5 1 0.5 0.25 1 0.75 
Int: 10 | 1 0 0 1 1 1 1 0 1 0 1 1 0 1 1 1 0 0 1 1 0 1 1 0 0 1 1 1 1 0 
BDS: 13 | 1 1 0 1 1 0 1 1 0 1 1 1 1 1 1 1 0 1 1 1 1 0 1 0 1 1 0 1 1 0 

