18 31

10 16
9 16
8 16
8 14
7 17
7 15
7 12
6 17
6 14
6 13
6 12
5 15
5 13
5 11
4 14
4 13
4 11
3 15
3 12
3 11
2 14
2 13
2 10
1 17
1 16
1 10
1 9
0 17
0 15
0 9
0 8
----------

51118: 8 16, 7 17, 6 12, 5 11, 4 13, 3 15, 2 14, 1 10, 0 9
Frc: 9.25 | 0.25 0.5 1 0.5 1 0.416667 0.583333 0.416667 0.416667 0.166667 1 0.416667 0.583333 1 0.583333 1 0.416667 1 0.416667 0.583333 1 0.25 0.75 0.25 0.25 1 0.5 0.333333 0.166667 1 0.5 
Int: 10 | 0 1 1 1 1 1 0 0 0 1 1 1 0 1 0 1 1 1 1 0 1 0 1 1 0 1 0 0 1 1 0 
BDS: 13 | 1 0 1 0 1 1 0 1 1 0 1 1 0 1 0 1 1 1 1 1 1 1 1 0 0 1 1 0 1 1 1 

