18 32

10 17
10 15
9 14
8 16
8 15
7 16
7 15
7 13
6 17
6 15
6 12
5 17
5 16
5 14
5 11
4 17
4 13
4 12
4 11
3 14
3 13
3 12
3 11
2 14
2 13
2 10
1 12
1 10
1 9
0 16
0 9
0 8
----------

57168: 8 15, 7 16, 6 17, 5 11, 4 12, 3 14, 2 13, 1 10, 0 9
Frc: 9 | 0.375 0.125 0.125 0.375 1 1 0.625 0.375 1 0.25 0.75 0.375 0.25 0.375 1 0.25 0.125 1 0.625 1 0.5 0.125 0.375 0.5 1 0.5 0.125 1 0.875 0.375 1 0.625 
Int: 9 | 0 0 1 0 1 1 0 1 1 1 0 0 1 0 1 1 0 1 0 1 0 0 1 0 1 1 1 1 0 0 1 1 
BDS: 13 | 1 0 1 1 1 1 1 0 1 1 1 0 1 0 1 0 1 1 1 1 1 0 0 0 1 1 0 1 1 1 1 0 

