18 30

10 17
9 14
8 17
8 15
8 11
7 16
7 15
7 14
6 17
6 16
6 13
5 16
5 15
5 12
4 17
4 15
4 13
4 12
3 14
3 13
3 12
2 16
2 11
2 10
1 14
1 10
1 9
0 11
0 9
0 8
----------

45226: 8 17, 7 14, 6 16, 5 15, 4 13, 3 12, 2 11, 1 10, 0 9
Frc: 9.11111 | 0.222222 0.333333 1 0.111111 0.444444 0.444444 0.555556 1 0.666667 1 0.333333 0.333333 1 0.666667 0.333333 0.333333 1 0.333333 0.333333 0.666667 1 0.222222 1 0.777778 0.333333 1 0.666667 0.555556 1 0.444444 
Int: 10 | 1 0 1 1 0 1 0 1 0 1 1 0 1 1 1 0 1 0 1 0 1 1 1 0 0 1 1 1 1 0 
BDS: 13 | 1 1 1 1 0 0 1 1 1 1 1 1 1 1 0 0 1 1 1 0 1 0 1 1 1 1 0 1 1 0 

