18 30

10 15
9 14
8 17
8 14
8 11
7 17
7 16
7 14
6 17
6 16
6 13
5 16
5 15
5 12
4 16
4 13
4 12
3 17
3 15
3 13
3 12
2 15
2 11
2 10
1 14
1 10
1 9
0 11
0 9
0 8
----------

44842: 8 14, 7 16, 6 13, 5 15, 4 12, 3 17, 2 11, 1 10, 0 9
Frc: 9.16667 | 0.5 0.0833333 0.166667 1 0.416667 0.166667 1 0.833333 0.666667 0.333333 1 0.333333 1 0.666667 0.333333 0.666667 1 1 0.333333 0.333333 0.333333 0.5 1 0.5 0.0833333 1 0.916667 0.583333 1 0.416667 
Int: 10 | 1 0 1 1 0 0 1 1 0 1 1 0 1 1 0 1 1 1 1 0 0 1 1 0 0 1 1 1 1 0 
BDS: 13 | 0 1 0 1 0 1 1 1 1 0 1 1 1 1 0 1 1 1 1 0 0 1 1 1 1 1 0 1 1 1 

