18 30

10 17
9 16
8 17
8 14
8 11
7 16
7 15
7 14
6 17
6 15
6 13
5 16
5 14
5 12
4 15
4 13
4 12
3 17
3 14
3 13
3 12
2 15
2 11
2 10
1 16
1 10
1 9
0 11
0 9
0 8
----------

45309: 8 17, 7 16, 6 13, 5 14, 4 15, 3 12, 2 11, 1 10, 0 9
Frc: 9.11111 | 0.222222 0.333333 1 0.111111 0.444444 1 0.444444 0.555556 0.666667 0.333333 1 0.333333 1 0.666667 1 0.666667 0.333333 0.333333 0.333333 0.333333 1 0.222222 1 0.777778 0.333333 1 0.666667 0.555556 1 0.444444 
Int: 10 | 0 1 1 1 0 1 1 0 1 0 1 1 1 0 1 0 1 0 0 1 1 0 1 1 1 1 0 1 1 0 
BDS: 13 | 1 1 1 1 0 1 1 1 1 0 1 1 1 0 1 1 1 0 1 0 1 0 1 1 1 1 0 1 1 0 

