18 29

10 15
9 11
8 16
8 15
7 17
7 16
7 15
6 17
6 16
6 13
5 16
5 14
5 13
4 17
4 14
4 12
3 17
3 14
3 13
3 12
2 15
2 11
2 10
1 12
1 10
1 9
0 11
0 9
0 8
----------

35774: 8 15, 7 17, 6 13, 5 16, 4 12, 3 14, 2 11, 1 10, 0 9
Frc: 9.25 | 0.0833333 0.916667 0.25 1 1 0.166667 0.833333 0.416667 0.583333 1 1 0.583333 0.416667 0.25 0.75 1 0.333333 1 0.583333 0.0833333 0.0833333 1 0.916667 0.916667 1 0.0833333 0.0833333 1 0.916667 
Int: 10 | 0 1 1 1 1 0 1 1 0 1 1 1 0 1 0 1 0 1 1 0 0 1 1 1 1 0 0 1 1 
BDS: 13 | 1 1 1 1 1 0 1 0 1 1 1 1 0 1 1 1 0 1 1 1 1 1 0 0 1 1 0 1 1 

