18 28

10 17
9 11
8 16
8 14
7 17
7 15
7 14
6 17
6 15
6 13
5 16
5 15
5 12
4 16
4 13
4 12
3 14
3 13
3 12
2 17
2 11
2 10
1 11
1 10
1 9
0 16
0 9
0 8
----------

31157: 8 14, 7 17, 6 15, 5 16, 4 12, 3 13, 2 11, 1 10, 0 9
Frc: 9.25 | 0.5 0.5 0.25 1 1 0.5 0.5 0.5 1 0.5 1 0.5 0.5 0.5 0.5 1 0.5 1 0.5 0.5 1 0.5 0.5 1 0.5 0.25 1 0.75 
Int: 11 | 1 0 1 1 1 1 0 0 1 1 1 0 1 1 0 1 1 1 0 1 1 0 1 1 1 1 1 0 
BDS: 13 | 1 1 1 1 1 0 1 1 1 1 1 1 1 1 0 1 0 1 1 1 1 0 1 1 0 1 1 0 

31286: 8 14, 7 17, 6 13, 5 15, 4 16, 3 12, 2 11, 1 10, 0 9
Frc: 9.25 | 0.5 0.5 0.25 1 1 0.5 0.5 0.5 0.5 1 0.5 1 0.5 1 0.5 0.5 0.5 0.5 1 0.5 1 0.5 0.5 1 0.5 0.25 1 0.75 
Int: 11 | 1 0 1 1 1 0 1 0 1 1 0 1 1 1 1 0 1 0 1 0 1 1 1 0 1 1 1 0 
BDS: 13 | 1 1 1 1 1 1 1 1 0 1 1 1 1 1 1 0 1 0 1 0 1 1 0 1 1 1 1 0 

