18 29

10 13
9 11
8 15
8 13
7 17
7 16
7 15
6 17
6 15
6 14
5 15
5 14
5 13
4 17
4 16
4 12
3 16
3 14
3 12
2 17
2 12
2 11
2 10
1 11
1 10
1 9
0 16
0 9
0 8
----------

36261: 8 13, 7 17, 6 15, 5 14, 4 12, 3 16, 2 11, 1 10, 0 9
Frc: 9.27273 | 0.5 0.5 0.272727 1 1 0.318182 0.681818 0.318182 1 0.681818 0.0454545 1 0.954545 0.590909 0.409091 1 1 0.409091 0.590909 0.0909091 0.409091 1 0.5 0.5 1 0.5 0.272727 1 0.727273 
Int: 11 | 0 1 0 1 1 1 0 1 1 0 1 1 1 0 1 1 1 1 0 0 1 0 1 1 1 0 0 1 1 
BDS: 13 | 1 1 1 1 1 0 1 0 1 1 0 1 1 1 1 1 1 1 0 0 1 1 1 0 1 1 0 1 1 

