18 28

10 14
9 11
8 17
8 16
7 17
7 15
7 14
6 17
6 16
6 13
5 17
5 16
5 13
4 16
4 15
4 12
3 15
3 14
3 12
2 12
2 11
2 10
1 11
1 10
1 9
0 13
0 9
0 8
----------

31394: 8 17, 7 15, 6 13, 5 16, 4 12, 3 14, 2 11, 1 10, 0 9
Frc: 9.25 | 0.5 0.5 1 0.25 0.5 1 0.5 0.75 0.25 1 0.25 1 0.75 0.5 0.5 1 0.5 1 0.5 0.5 1 0.5 0.5 1 0.5 0.25 1 0.75 
Int: 10 | 1 1 1 0 1 1 0 1 0 1 0 1 1 1 0 1 1 1 0 1 1 0 1 1 0 0 1 1 
BDS: 13 | 0 1 1 0 1 1 1 0 1 1 1 1 0 1 1 1 0 1 1 1 1 1 0 1 1 1 1 1 

31452: 8 17, 7 15, 6 16, 5 13, 4 12, 3 14, 2 11, 1 10, 0 9
Frc: 9.25 | 0.5 0.5 1 0.25 0.5 1 0.5 0.25 1 0.75 0.75 0.25 1 0.5 0.5 1 0.5 1 0.5 0.5 1 0.5 0.5 1 0.5 0.25 1 0.75 
Int: 10 | 1 1 1 0 1 1 0 0 1 1 1 0 1 1 0 1 1 1 0 1 1 0 1 1 0 0 1 1 
BDS: 13 | 0 1 1 0 1 1 1 1 1 0 0 1 1 1 1 1 0 1 1 1 1 1 0 1 1 1 1 1 

31587: 8 16, 7 14, 6 13, 5 17, 4 15, 3 12, 2 11, 1 10, 0 9
Frc: 9.25 | 0.5 0.5 0.25 1 0.5 0.5 1 0.25 0.75 1 1 0.25 0.75 0.5 1 0.5 0.5 0.5 1 0.5 1 0.5 0.5 1 0.5 0.25 1 0.75 
Int: 10 | 1 1 0 1 1 0 1 0 1 1 1 0 1 1 1 0 1 0 1 1 1 0 1 1 0 0 1 1 
BDS: 13 | 1 1 0 1 1 1 1 1 0 1 1 1 0 1 1 1 0 1 1 0 1 1 0 1 1 1 1 1 

31638: 8 16, 7 14, 6 17, 5 13, 4 15, 3 12, 2 11, 1 10, 0 9
Frc: 9.25 | 0.5 0.5 0.25 1 0.5 0.5 1 1 0.25 0.75 0.25 0.75 1 0.5 1 0.5 0.5 0.5 1 0.5 1 0.5 0.5 1 0.5 0.25 1 0.75 
Int: 10 | 1 1 0 1 1 0 1 1 0 1 0 1 1 1 1 0 1 0 1 1 1 0 1 1 0 0 1 1 
BDS: 13 | 1 1 0 1 1 1 1 1 1 0 1 0 1 1 1 1 0 1 1 0 1 1 0 1 1 1 1 1 

