18 31

10 16
9 11
8 16
8 15
7 16
7 15
7 13
6 15
6 14
6 13
5 17
5 16
5 12
4 17
4 15
4 14
4 12
3 14
3 13
3 12
2 17
2 13
2 11
2 10
1 11
1 10
1 9
0 17
0 14
0 9
0 8
----------

50724: 8 16, 7 15, 6 13, 5 12, 4 17, 3 14, 2 11, 1 10, 0 9
Frc: 9.25 | 0.5 0.5 1 0.25 0.583333 1 0.416667 0.583333 0.416667 1 0.583333 0.416667 1 1 0.166667 0.416667 0.416667 1 0.416667 0.583333 0.333333 0.166667 1 0.5 0.5 1 0.5 0.0833333 0.166667 1 0.75 
Int: 10 | 0 1 1 0 0 1 1 0 1 1 0 1 1 1 1 0 0 1 0 1 1 0 1 1 0 1 1 0 0 1 1 
BDS: 13 | 0 1 1 1 0 1 1 0 1 1 1 1 1 1 0 1 0 1 1 1 0 1 1 1 0 1 1 0 0 1 1 

