18 30

10 17
9 17
9 11
8 15
8 12
7 16
7 15
7 14
6 17
6 16
6 13
5 17
5 14
5 13
4 16
4 14
4 13
3 16
3 15
3 12
2 14
2 12
2 11
2 10
1 11
1 10
1 9
0 15
0 9
0 8
----------

41755: 8 12, 7 14, 6 16, 5 17, 4 13, 3 15, 2 11, 1 10, 0 9
Frc: 9.22222 | 0.555556 0.111111 0.444444 0.111111 1 0.222222 0.777778 1 0.555556 1 0.444444 1 0.444444 0.555556 0.555556 0.444444 1 0.222222 1 0.777778 0.333333 0.222222 1 0.444444 0.555556 1 0.444444 0.111111 1 0.888889 
Int: 10 | 1 1 0 0 1 0 1 1 1 1 0 1 0 1 1 0 1 0 1 1 1 0 1 0 1 1 0 0 1 1 
BDS: 13 | 1 0 1 1 1 0 1 1 1 1 0 1 0 1 1 0 1 1 1 0 1 1 1 1 0 1 1 1 1 0 

