18 30

10 17
10 16
9 11
8 15
8 14
7 17
7 16
7 13
6 15
6 14
6 13
5 17
5 15
5 12
4 16
4 14
4 12
3 16
3 13
3 12
2 15
2 11
2 10
1 11
1 10
1 9
0 17
0 14
0 9
0 8
----------

43620: 8 15, 7 16, 6 13, 5 17, 4 14, 3 12, 2 11, 1 10, 0 9
Frc: 9.25 | 0.166667 0.333333 0.5 1 0.25 0.666667 1 0.333333 0.333333 0.666667 1 1 0.666667 0.333333 0.333333 1 0.666667 0.333333 0.666667 1 0.5 1 0.5 0.5 1 0.5 0.166667 0.0833333 1 0.75 
Int: 11 | 0 1 1 1 1 1 1 0 1 0 1 1 1 0 0 1 1 0 1 1 0 1 1 0 1 1 0 0 1 1 
BDS: 13 | 0 1 1 1 1 1 1 1 1 0 1 1 1 0 0 1 1 0 1 1 1 1 1 0 1 1 0 0 1 1 

