18 31

10 16
9 11
8 16
8 15
7 16
7 15
7 13
6 15
6 14
6 13
5 17
5 16
5 15
5 12
4 17
4 14
4 12
3 14
3 13
3 12
2 17
2 13
2 11
2 10
1 11
1 10
1 9
0 17
0 14
0 9
0 8
----------

50908: 8 16, 7 15, 6 13, 5 12, 4 17, 3 14, 2 11, 1 10, 0 9
Frc: 9.25 | 0.5 0.5 1 0.25 0.625 1 0.375 0.625 0.375 1 0.5 0.375 0.125 1 1 0.5 0.5 1 0.5 0.5 0.375 0.125 1 0.5 0.5 1 0.5 0.125 0.125 1 0.75 
Int: 11 | 0 1 1 1 0 1 1 0 1 1 0 1 0 1 1 1 0 1 0 1 0 1 1 1 0 1 1 1 0 1 0 
BDS: 13 | 0 1 1 1 0 1 1 0 1 1 1 1 0 1 1 1 0 1 1 1 0 1 1 1 0 1 1 0 0 1 1 

