18 31

9 13
8 15
8 14
8 13
7 17
7 14
7 13
7 12
6 17
6 16
6 15
6 11
5 17
5 13
5 11
4 16
4 15
4 10
3 17
3 15
3 12
3 10
2 16
2 11
2 10
1 16
1 14
1 9
0 14
0 12
0 9
----------

62388: 8 13, 7 12, 6 17, 5 11, 4 15, 3 10, 2 16, 1 14, 0 9
Frc: 9.125 | 0.125 0.375 0.625 1 0.5 0.25 0.25 1 1 0.375 0.125 0.5 0.375 0.625 1 0.5 1 0.5 0.125 0.5 0.375 1 1 0.5 0.5 0.125 1 0.875 0.125 0.875 1 
Int: 10 | 1 1 0 1 1 0 0 1 1 0 0 1 1 0 1 0 1 1 0 0 1 1 1 1 0 1 1 0 1 0 1 
BDS: 13 | 1 1 0 1 1 1 0 1 1 0 0 1 1 0 1 1 1 0 0 1 1 1 1 1 1 0 1 1 0 1 1 

