18 30

9 15
8 16
8 14
8 13
7 17
7 16
7 12
6 15
6 14
6 11
5 17
5 15
5 12
5 11
4 17
4 13
4 10
3 16
3 12
3 10
2 17
2 16
2 11
2 10
1 15
1 14
1 9
0 14
0 13
0 9
----------

38523: 8 13, 7 17, 6 15, 5 12, 4 10, 3 16, 2 11, 1 9, 0 14
Frc: 9.16667 | 0.166667 0.333333 0.666667 1 1 0.5 0.5 1 0.166667 0.833333 0.5 0.333333 1 0.166667 0.166667 0.833333 1 1 0.5 0.5 0.333333 0.166667 1 0.5 0.833333 0.166667 1 1 0.166667 0.833333 
Int: 10 | 0 0 1 1 1 1 0 1 0 1 1 0 1 0 0 1 1 1 1 1 1 0 1 0 1 0 1 1 0 1 
BDS: 13 | 0 1 0 1 1 1 0 1 1 1 1 1 1 0 1 0 1 1 1 1 0 0 1 1 1 0 1 1 1 1 

