18 30

9 17
8 16
8 14
8 13
7 17
7 16
7 12
6 15
6 14
6 11
5 17
5 15
5 12
5 11
4 15
4 13
4 10
3 16
3 12
3 10
2 17
2 16
2 11
2 10
1 15
1 14
1 9
0 14
0 13
0 9
----------

39187: 8 13, 7 17, 6 15, 5 12, 4 10, 3 16, 2 11, 1 9, 0 14
Frc: 9.125 | 0.125 0.375 0.625 1 1 0.5 0.5 1 0.25 0.75 0.5 0.25 1 0.25 0.125 0.875 1 1 0.5 0.5 0.375 0.125 1 0.5 0.875 0.125 1 1 0.125 0.875 
Int: 10 | 0 0 1 1 1 1 0 1 0 1 1 0 1 0 0 1 1 1 1 1 1 0 1 0 1 0 1 1 0 1 
BDS: 13 | 0 1 0 1 1 1 0 1 1 1 1 1 1 0 1 0 1 1 1 1 0 0 1 1 1 0 1 1 1 1 

