18 29

11 17
10 16
9 16
8 17
8 15
7 15
7 14
7 13
6 16
6 14
6 12
5 17
5 15
5 11
4 15
4 13
4 11
3 16
3 14
3 10
2 17
2 13
2 10
1 14
1 12
1 9
0 12
0 9
0 8
----------

36024: 8 17, 7 13, 6 16, 5 15, 4 11, 3 14, 2 10, 1 12, 0 9
Frc: 9.15385 | 0.307692 0.384615 0.230769 1 0.230769 0.461538 0.538462 1 1 0.230769 0.769231 0.307692 1 0.692308 0.307692 0.692308 1 0.384615 1 0.615385 0.384615 0.615385 1 0.230769 1 0.769231 0.230769 1 0.769231 
Int: 10 | 1 0 1 1 0 1 0 1 1 0 1 1 1 0 0 1 1 0 1 1 1 0 1 1 1 0 0 1 1 
BDS: 13 | 1 1 1 1 0 0 1 1 1 1 0 1 1 0 1 0 1 1 1 0 1 1 1 1 1 0 1 1 1 

