18 29

11 17
10 17
9 16
8 15
8 13
7 15
7 14
7 13
6 16
6 14
6 12
5 17
5 16
5 11
4 16
4 13
4 11
3 15
3 14
3 10
2 14
2 12
2 10
1 17
1 12
1 9
0 15
0 9
0 8
----------

33914: 8 13, 7 15, 6 14, 5 16, 4 11, 3 10, 2 12, 1 17, 0 9
Frc: 9.16667 | 0.333333 0.333333 0.333333 0.166667 1 1 0.333333 0.666667 0.333333 1 0.666667 0.333333 1 0.666667 0.333333 0.666667 1 0.666667 0.333333 1 0.333333 1 0.666667 1 0.333333 0.666667 0.166667 1 0.833333 
Int: 10 | 1 0 0 0 1 1 1 0 1 1 0 0 1 1 0 1 1 1 0 1 0 1 1 1 1 1 0 1 1 
BDS: 13 | 1 0 0 0 1 1 1 0 0 1 1 1 1 0 1 1 1 1 0 1 1 1 1 1 1 1 1 1 1 

