18 29

11 16
10 16
9 17
8 15
8 14
7 17
7 14
7 13
6 16
6 15
6 12
5 16
5 14
5 11
4 17
4 12
4 11
3 15
3 13
3 10
2 15
2 12
2 10
1 17
1 13
1 9
0 14
0 9
0 8
----------

33118: 8 14, 7 17, 6 15, 5 16, 4 11, 3 10, 2 12, 1 13, 0 9
Frc: 9.16667 | 0.333333 0.333333 0.166667 0.333333 1 1 0.333333 0.666667 0.333333 1 0.666667 1 0.333333 0.666667 0.666667 0.333333 1 0.333333 0.666667 1 0.333333 1 0.666667 0.166667 1 0.833333 0.333333 1 0.666667 
Int: 10 | 0 1 0 0 1 1 1 0 1 1 0 1 0 1 1 1 1 0 1 1 1 1 0 0 1 1 0 1 1 
BDS: 13 | 0 1 1 1 1 1 1 0 1 1 0 1 1 1 1 1 1 0 1 1 1 1 0 0 1 1 0 1 1 

