18 30

12 17
11 16
10 17
9 16
8 16
8 15
7 15
7 14
7 12
6 14
6 13
6 12
5 17
5 16
5 11
4 15
4 13
4 11
3 14
3 13
3 10
2 14
2 12
2 10
1 17
1 13
1 9
0 15
0 9
0 8
----------

40465: 8 16, 7 12, 6 14, 5 11, 4 15, 3 13, 2 10, 1 17, 0 9
Frc: 9.21429 | 0.142857 0.142857 0.642857 0.0714286 1 0.0714286 0.857143 0.142857 1 1 0.642857 0.357143 0.214286 0.785714 1 1 0.142857 0.857143 0.357143 1 0.642857 0.5 0.5 1 1 0.214286 0.928571 0.0714286 1 0.928571 
Int: 10 | 0 0 1 0 1 0 1 0 1 1 1 0 0 1 1 1 0 1 0 1 1 1 1 1 1 0 1 0 1 1 
BDS: 13 | 1 0 1 1 1 1 1 0 1 1 1 0 0 1 1 1 1 1 0 1 1 1 0 1 1 1 0 1 1 0 

