18 29

11 17
10 12
9 14
8 15
8 14
7 17
7 16
7 15
6 17
6 15
6 14
5 17
5 13
5 11
4 16
4 13
4 11
3 16
3 13
3 10
2 15
2 12
2 10
1 14
1 12
1 9
0 16
0 9
0 8
----------

34841: 8 14, 7 15, 6 17, 5 13, 4 11, 3 16, 2 10, 1 12, 0 9
Frc: 9.25 | 0.375 0.625 0.125 0.125 1 0.25 0.75 1 1 0.25 0.75 0.375 1 0.625 0.625 0.375 1 1 0.625 0.375 0.625 0.375 1 0.125 1 0.875 0.125 1 0.875 
Int: 10 | 1 1 0 0 1 0 1 1 1 0 1 0 1 1 1 0 1 1 1 0 1 0 1 0 1 1 0 1 1 
BDS: 13 | 1 1 0 1 1 1 0 1 1 1 0 1 1 0 1 0 1 1 1 1 1 0 1 1 1 1 1 1 0 

