18 29

11 16
10 12
9 14
8 16
8 14
7 17
7 16
7 14
6 17
6 15
6 12
5 17
5 16
5 11
4 14
4 13
4 11
3 17
3 13
3 10
2 15
2 12
2 10
1 15
1 13
1 9
0 15
0 9
0 8
----------

33253: 8 16, 7 14, 6 12, 5 17, 4 11, 3 10, 2 15, 1 13, 0 9
Frc: 9.07143 | 0.0714286 0.5 0.214286 1 0.142857 0.142857 0.857143 1 0.5 0.5 1 1 0.0714286 0.928571 0.642857 0.357143 1 0.357143 0.642857 1 1 0.5 0.5 0.214286 1 0.785714 0.285714 1 0.857143 
Int: 10 | 0 1 0 1 0 0 1 1 1 1 1 1 0 1 1 0 1 0 1 1 1 1 0 0 1 1 0 1 1 
BDS: 13 | 1 1 1 1 0 0 1 1 0 1 1 1 0 1 0 1 1 1 1 1 1 0 1 1 1 0 1 1 1 

