18 30

12 17
11 14
10 12
9 14
8 17
8 13
7 17
7 16
7 15
6 15
6 14
6 12
5 15
5 14
5 11
4 13
4 12
4 11
3 17
3 16
3 10
2 16
2 15
2 10
1 16
1 13
1 9
0 13
0 9
0 8
----------

38642: 8 17, 7 16, 6 12, 5 14, 4 11, 3 10, 2 15, 1 13, 0 9
Frc: 9.125 | 0.125 0.125 0.625 0.125 1 0.125 0.375 1 0.625 0.25 0.75 1 0.125 1 0.875 0.75 0.25 1 0.5 0.5 1 0.375 1 0.625 0.125 1 0.875 0.125 1 0.875 
Int: 10 | 1 0 0 1 1 0 0 1 1 1 0 1 0 1 1 1 0 1 0 1 1 0 1 1 1 1 0 0 1 1 
BDS: 13 | 1 0 1 1 1 1 0 1 1 1 0 1 1 1 1 1 0 1 0 1 1 0 1 1 1 1 0 0 1 1 

