18 30

10 17
10 14
9 17
9 16
8 17
8 14
7 16
7 15
7 13
6 17
6 14
6 12
5 16
5 13
5 12
4 15
4 13
4 12
3 15
3 14
3 10
2 15
2 11
2 10
1 16
1 11
1 9
0 11
0 9
0 8
----------

42550: 8 17, 7 16, 6 14, 5 12, 4 13, 3 15, 2 10, 1 11, 0 9
Frc: 9.08333 | 0.333333 0.25 0.166667 0.166667 1 0.166667 1 0.5 0.5 0.5 1 0.5 0.5 0.5 1 0.5 1 0.5 1 0.583333 0.416667 0.166667 0.833333 1 0.333333 1 0.666667 0.166667 1 0.833333 
Int: 10 | 0 1 0 0 1 0 1 0 1 1 1 1 1 0 1 1 1 0 1 0 1 0 1 1 0 1 1 0 1 1 
BDS: 13 | 1 0 1 0 1 1 1 1 0 1 1 1 1 1 1 1 1 0 1 1 0 0 1 1 1 1 0 1 1 0 

