18 30

10 16
9 16
8 15
8 14
7 16
7 15
7 13
6 15
6 14
6 12
5 16
5 13
5 12
4 15
4 13
4 12
3 17
3 14
3 10
2 17
2 11
2 10
1 17
1 14
1 11
1 9
0 17
0 11
0 9
0 8
----------

35226: 8 14, 7 15, 6 12, 5 16, 4 13, 3 17, 2 10, 1 9, 0 11
Frc: 9.25 | 0.125 0.875 0.25 1 0.5 1 0.5 0.25 0.75 1 1 0.5 0.5 0.5 1 0.5 1 0.125 0.875 0.125 0.875 1 0.75 0.125 0.125 1 0.125 1 0.125 0.75 
Int: 10 | 0 1 1 1 0 1 1 0 1 1 1 1 0 0 1 1 1 0 1 0 1 1 1 0 0 1 0 1 0 1 
BDS: 13 | 1 1 1 1 1 1 0 0 1 1 1 1 1 1 1 0 1 1 0 1 1 1 0 1 0 1 0 1 1 0 

