18 30

10 17
10 16
9 15
8 17
8 16
7 17
7 16
7 13
6 15
6 14
6 12
5 17
5 15
5 13
5 12
4 14
4 13
4 12
3 15
3 14
3 10
2 16
2 11
2 10
1 14
1 11
1 9
0 11
0 9
0 8
----------

43572: 8 16, 7 17, 6 15, 5 12, 4 13, 3 14, 2 10, 1 11, 0 9
Frc: 9.14286 | 0.285714 0.285714 0.285714 0.285714 1 1 0.428571 0.571429 1 0.571429 0.428571 0.428571 0.142857 0.428571 1 0.428571 1 0.571429 0.571429 1 0.428571 0.285714 0.714286 1 0.285714 1 0.714286 0.285714 1 0.714286 
Int: 10 | 1 0 0 0 1 1 1 1 1 0 1 1 0 0 1 1 1 0 1 1 0 0 1 1 0 1 1 0 1 1 
BDS: 13 | 0 1 1 1 1 1 1 1 1 0 1 1 0 0 1 1 1 1 1 1 0 0 1 1 1 1 0 1 1 0 

