18 30

11 17
10 17
9 14
8 15
8 12
7 16
7 15
7 14
6 17
6 15
6 13
5 16
5 15
5 13
4 16
4 14
4 13
3 14
3 12
3 10
2 17
2 12
2 11
2 10
1 16
1 11
1 9
0 11
0 9
0 8
----------

40679: 8 15, 7 16, 6 17, 5 13, 4 14, 3 10, 2 12, 1 11, 0 9
Frc: 9.23077 | 0.0769231 0.846154 0.153846 1 0.153846 1 0.307692 0.692308 1 0.230769 0.769231 0.538462 0.461538 1 0.307692 1 0.692308 0.153846 0.846154 1 0.0769231 1 0.769231 0.153846 0.153846 1 0.846154 0.153846 1 0.846154 
Int: 10 | 0 1 1 1 0 1 0 1 1 1 0 1 0 1 0 1 1 0 1 1 0 1 1 0 1 1 0 0 1 1 
BDS: 13 | 0 0 1 1 1 1 0 1 1 1 1 1 0 1 0 1 1 1 0 1 1 1 1 1 1 1 0 0 1 1 

