18 31

12 17
11 17
10 14
10 13
9 15
8 17
8 16
7 15
7 14
7 13
6 16
6 14
6 12
5 16
5 13
5 12
4 14
4 13
4 12
3 17
3 16
3 10
2 15
2 11
2 10
1 15
1 11
1 9
0 11
0 9
0 8
----------

45811: 8 17, 7 14, 6 12, 5 16, 4 13, 3 10, 2 15, 1 11, 0 9
Frc: 9.22222 | 0.111111 0.111111 0.222222 0.555556 0.111111 1 0.111111 0.777778 1 0.222222 0.666667 0.333333 1 1 0.666667 0.333333 0.444444 1 0.555556 0.777778 0.222222 1 1 0.777778 0.222222 0.111111 1 0.888889 0.111111 1 0.888889 
Int: 10 | 0 0 0 1 0 1 0 1 1 0 1 0 1 1 1 0 1 1 1 1 0 1 1 1 0 0 1 1 0 1 1 
BDS: 13 | 0 1 1 1 1 1 1 1 1 0 1 0 1 1 1 0 0 1 1 0 1 1 1 0 1 0 1 1 0 1 1 

45886: 8 17, 7 13, 6 16, 5 12, 4 14, 3 10, 2 15, 1 11, 0 9
Frc: 9.22222 | 0.111111 0.111111 0.555556 0.222222 0.111111 1 0.111111 0.777778 0.222222 1 1 0.666667 0.333333 0.666667 0.333333 1 1 0.444444 0.555556 0.777778 0.222222 1 1 0.777778 0.222222 0.111111 1 0.888889 0.111111 1 0.888889 
Int: 10 | 0 0 1 0 0 1 0 1 0 1 1 1 0 1 0 1 1 1 1 1 0 1 1 1 0 0 1 1 0 1 1 
BDS: 13 | 0 1 1 1 1 1 1 1 0 1 1 1 0 1 0 1 1 0 1 0 1 1 1 0 1 0 1 1 0 1 1 

