18 30

13 17
12 17
10 14
9 15
8 14
8 12
7 16
7 15
7 13
6 17
6 14
6 13
5 16
5 15
5 12
4 16
4 13
4 12
3 17
3 14
3 10
2 15
2 11
2 10
1 16
1 11
1 9
0 11
0 9
0 8
----------

41205: 8 12, 7 15, 6 14, 5 16, 4 13, 3 17, 2 10, 1 11, 0 9
Frc: 9.16667 | 0.25 0.166667 0.416667 0.166667 0.166667 1 0.333333 1 0.666667 0.583333 1 0.416667 1 0.666667 0.333333 0.5 1 0.5 1 0.416667 0.583333 0.166667 0.833333 1 0.166667 1 0.833333 0.166667 1 0.833333 
Int: 10 | 0 0 0 0 1 1 0 1 1 1 1 0 1 1 0 0 1 1 1 0 1 0 1 1 1 1 1 0 1 1 
BDS: 13 | 1 1 1 1 0 1 0 1 1 1 1 0 1 1 0 1 1 0 1 1 0 0 1 1 1 1 0 1 1 1 

