18 30

10 17
10 14
9 14
8 17
8 12
7 16
7 15
7 14
6 17
6 15
6 13
5 17
5 16
5 13
5 12
4 15
4 13
4 12
3 16
3 14
3 10
2 15
2 11
2 10
1 16
1 11
1 9
0 11
0 9
0 8
----------

43883: 8 17, 7 14, 6 15, 5 13, 4 12, 3 16, 2 10, 1 11, 0 9
Frc: 9.25 | 0.375 0.125 0.375 1 0.375 0.5 0.5 1 0.375 1 0.625 0.25 0.125 1 0.625 0.625 0.375 1 1 0.5 0.5 0.375 0.625 1 0.375 1 0.625 0.375 1 0.625 
Int: 10 | 0 1 0 1 1 0 1 1 1 1 0 0 1 1 0 0 1 1 1 0 1 0 1 1 0 1 1 0 1 1 
BDS: 13 | 1 0 1 1 1 0 1 1 1 1 1 0 1 1 1 1 0 1 1 1 0 0 1 1 1 1 0 1 1 0 

