18 30

10 17
10 14
9 15
8 16
8 12
7 16
7 15
7 14
6 17
6 15
6 13
5 17
5 13
5 12
4 15
4 13
4 12
3 16
3 14
3 10
2 14
2 11
2 10
1 17
1 16
1 11
1 9
0 11
0 9
0 8
----------

43172: 8 12, 7 14, 6 17, 5 13, 4 15, 3 16, 2 10, 1 11, 0 9
Frc: 9.16667 | 0.333333 0.166667 0.333333 0.333333 1 0.5 0.5 1 1 0.5 0.5 0.5 1 0.5 1 0.5 0.5 1 0.5 0.5 0.333333 0.666667 1 0.166667 0.166667 1 0.666667 0.333333 1 0.666667 
Int: 10 | 1 0 0 1 1 0 1 1 1 0 1 0 1 1 1 0 1 1 1 0 0 1 1 0 0 1 1 0 1 1 
BDS: 13 | 0 0 1 0 1 1 1 1 1 1 0 1 1 0 1 1 1 1 0 1 1 1 1 1 0 1 0 1 1 1 

