18 30

12 17
10 14
9 12
8 17
8 16
7 17
7 16
7 14
6 16
6 15
6 13
5 16
5 14
5 13
4 15
4 14
4 13
3 15
3 12
3 10
2 15
2 11
2 10
1 12
1 11
1 9
0 17
0 11
0 9
0 8
----------

43789: 8 16, 7 17, 6 13, 5 14, 4 15, 3 12, 2 10, 1 11, 0 9
Frc: 9.27273 | 0.636364 0.181818 0.181818 0.272727 1 1 0.272727 0.727273 0.363636 0.636364 1 0.363636 1 0.636364 1 0.636364 0.363636 0.181818 1 0.818182 0.181818 0.818182 1 0.181818 1 0.818182 0.0909091 0.181818 1 0.727273 
Int: 10 | 1 1 0 0 1 1 1 0 1 0 1 0 1 1 1 1 0 1 1 0 0 1 1 0 1 1 0 0 1 1 
BDS: 13 | 1 1 1 0 1 1 1 1 0 1 1 0 1 1 1 1 0 1 1 0 0 1 1 1 1 0 0 1 1 1 

