18 30

12 17
10 15
9 12
8 17
8 16
7 16
7 15
7 14
6 17
6 16
6 13
5 16
5 15
5 13
4 15
4 14
4 13
3 14
3 12
3 10
2 14
2 11
2 10
1 12
1 11
1 9
0 17
0 11
0 9
0 8
----------

43787: 8 16, 7 15, 6 17, 5 13, 4 14, 3 12, 2 10, 1 11, 0 9
Frc: 9.23077 | 0.692308 0.153846 0.153846 0.230769 1 0.307692 1 0.692308 1 0.230769 0.769231 0.461538 0.538462 1 0.307692 1 0.692308 0.153846 1 0.846154 0.153846 0.846154 1 0.153846 1 0.846154 0.0769231 0.153846 1 0.769231 
Int: 10 | 1 1 0 0 1 1 1 0 1 0 1 1 0 1 1 1 0 1 1 0 0 1 1 0 1 1 0 0 1 1 
BDS: 13 | 1 1 1 0 1 0 1 1 1 1 1 0 1 1 0 1 1 1 1 0 0 1 1 1 1 0 0 1 1 1 

