18 31

11 17
10 14
9 13
8 17
8 16
8 15
7 16
7 15
7 13
6 17
6 16
6 14
6 12
5 16
5 13
5 12
4 15
4 13
4 12
3 17
3 11
3 10
2 14
2 11
2 10
1 15
1 14
1 9
0 11
0 9
0 8
----------

48345: 8 16, 7 13, 6 17, 5 12, 4 15, 3 10, 2 11, 1 14, 0 9
Frc: 9.16667 | 0.25 0.416667 0.166667 0.166667 1 0.166667 0.333333 0.666667 1 1 0.166667 0.166667 0.666667 0.5 0.5 1 1 0.333333 0.666667 0.583333 0.416667 1 0.416667 1 0.583333 0.166667 1 0.833333 0.333333 1 0.666667 
Int: 10 | 0 0 1 1 1 0 1 0 1 1 0 1 0 0 1 1 1 0 1 1 0 1 0 1 1 1 1 0 1 1 0 
BDS: 13 | 1 1 1 0 1 0 0 1 1 1 1 0 1 0 1 1 1 0 1 0 1 1 1 1 0 1 1 0 1 1 1 

