18 30

12 17
9 15
8 16
8 15
8 12
7 15
7 14
7 12
6 17
6 14
6 11
5 17
5 16
5 13
5 11
4 17
4 13
4 10
3 16
3 13
3 10
2 12
2 11
2 10
1 16
1 14
1 9
0 15
0 14
0 9
----------

42401: 8 15, 7 12, 6 17, 5 11, 4 13, 3 16, 2 10, 1 9, 0 14
Frc: 9.25 | 0.0625 0.1875 0.625 1 0.375 0.625 0.375 1 1 0.4375 0.5625 0.4375 0.0625 0.5 1 0.5 1 0.5 1 0.5 0.5 0.5625 0.4375 1 0.8125 0.1875 1 0.1875 1 0.8125 
Int: 10 | 0 1 0 1 1 1 0 1 1 1 0 0 0 1 1 1 1 0 1 0 1 0 1 1 1 0 1 1 1 0 
BDS: 13 | 0 1 1 1 0 1 0 1 1 0 1 0 1 0 1 1 1 0 1 1 1 1 1 1 1 1 1 1 1 0 

