18 29

10 15
9 14
8 16
8 14
7 17
7 16
7 15
6 17
6 16
6 13
5 16
5 15
5 13
4 17
4 13
4 12
4 11
3 17
3 14
3 10
2 15
2 12
2 10
1 12
1 11
1 9
0 11
0 9
0 8
----------

44670: 9 14, 7 16, 6 13, 5 15, 4 11, 3 17, 2 10, 1 12, 0 8
Frc: 9.16667 | 0.166667 1 0.166667 0.833333 0.333333 1 0.666667 0.5 0.5 1 0.333333 1 0.666667 0.166667 0.666667 0.166667 1 1 0.166667 0.833333 0.166667 0.833333 1 1 0.166667 0.833333 0.833333 0.166667 1 
Int: 10 | 0 1 0 1 0 1 1 1 1 1 0 1 1 0 1 0 1 1 0 1 0 1 1 1 0 1 1 0 1 
BDS: 13 | 0 1 1 0 0 1 1 0 1 1 0 1 1 1 1 1 1 1 1 1 1 0 1 1 1 1 0 1 1 

