18 31

10 13
9 15
8 15
8 14
7 16
7 14
7 13
6 15
6 14
6 13
5 17
5 16
5 14
5 12
4 17
4 16
4 13
4 11
3 17
3 15
3 10
2 17
2 16
2 12
2 10
1 12
1 11
1 9
0 11
0 9
0 8
----------

37718: 8 15, 7 14, 6 13, 5 12, 4 16, 3 17, 2 10, 1 9, 0 11
Frc: 9.16667 | 0.166667 0.5 1 0.5 0.333333 1 0.666667 0.666667 0.333333 1 0.5 0.333333 0.166667 1 0.333333 1 0.166667 0.5 1 0.166667 0.833333 0.166667 0.333333 0.5 1 0.5 0.5 1 1 0.5 0.5 
Int: 10 | 1 0 1 1 1 1 0 1 0 1 1 0 0 1 0 1 0 1 1 1 0 0 0 1 1 1 0 1 1 1 0 
BDS: 13 | 1 1 1 1 1 1 1 1 0 1 1 0 0 1 1 1 0 1 1 1 0 0 0 1 1 1 0 1 1 1 0 

