18 30

10 15
9 14
8 16
8 14
7 17
7 15
7 14
6 16
6 15
6 13
5 16
5 13
5 12
4 17
4 16
4 12
4 11
3 17
3 15
3 10
2 17
2 14
2 13
2 10
1 12
1 11
1 9
0 11
0 9
0 8
----------

31900: 8 14, 7 15, 6 13, 5 16, 4 12, 3 17, 2 10, 1 9, 0 11
Frc: 9.16667 | 0.166667 0.5 0.5 1 0.5 1 0.5 0.333333 0.666667 1 1 0.5 0.5 0.333333 0.166667 1 0.5 1 0.166667 0.833333 0.166667 0.333333 0.5 1 0.5 0.5 1 1 0.5 0.5 
Int: 10 | 0 1 0 1 1 1 0 0 1 1 1 1 0 0 1 1 0 1 0 1 0 1 0 1 1 1 1 1 0 1 
BDS: 13 | 1 1 1 1 0 1 1 1 0 1 1 1 1 1 0 1 1 1 0 1 0 0 1 1 0 1 1 1 0 1 

