18 31

10 16
9 16
8 17
8 16
8 15
7 15
7 14
7 13
6 15
6 14
6 13
5 15
5 14
5 12
4 17
4 13
4 12
4 11
3 16
3 14
3 10
2 17
2 13
2 10
1 17
1 12
1 11
1 9
0 11
0 9
0 8
----------

59650: 9 16, 7 13, 6 14, 5 15, 4 12, 3 10, 2 17, 1 11, 0 8
Frc: 9.125 | 0.125 1 0.25 0.5 0.25 0.75 0.25 1 0.25 1 0.75 1 0.125 0.875 0.375 0.125 1 0.5 0.375 0.625 1 1 0.125 0.875 0.375 0.125 1 0.5 0.5 0.5 1 
Int: 10 | 1 1 1 0 0 1 0 1 0 1 1 1 0 1 1 0 1 0 0 1 1 1 0 1 0 0 1 1 1 0 1 
BDS: 13 | 0 1 0 1 1 1 0 1 0 1 1 1 1 0 1 0 1 1 1 0 1 1 1 1 0 1 1 1 1 0 1 

