18 31

10 13
9 17
9 14
8 16
8 14
7 15
7 14
7 13
6 17
6 15
6 12
5 17
5 16
5 14
5 12
4 17
4 15
4 13
4 11
3 16
3 15
3 10
2 16
2 12
2 10
1 13
1 11
1 9
0 11
0 9
0 8
----------

39545: 8 14, 7 15, 6 17, 5 12, 4 13, 3 16, 2 10, 1 9, 0 11
Frc: 9.16667 | 0.166667 0.333333 0.166667 0.5 1 1 0.666667 0.333333 1 0.5 0.5 0.5 0.333333 0.166667 1 0.166667 0.333333 1 0.5 1 0.166667 0.833333 0.166667 0.833333 1 0.5 0.5 1 1 0.5 0.5 
Int: 10 | 1 1 0 0 1 1 1 0 1 0 1 0 0 1 1 1 0 1 0 1 1 0 1 0 1 0 1 1 1 0 1 
BDS: 13 | 1 0 1 1 1 1 1 0 1 1 1 1 1 0 1 0 0 1 1 1 0 1 0 1 1 1 0 1 1 1 0 

