18 30

10 16
9 15
8 16
8 15
7 16
7 15
7 14
6 17
6 13
6 12
5 14
5 13
5 12
4 14
4 12
4 11
3 17
3 16
3 10
2 17
2 15
2 13
2 10
1 17
1 14
1 11
1 9
0 11
0 9
0 8
----------

31731: 8 16, 7 15, 6 13, 5 14, 4 12, 3 17, 2 10, 1 9, 0 11
Frc: 9.16667 | 0.166667 0.5 1 0.5 0.666667 1 0.333333 0.5 1 0.5 1 0.5 0.5 0.5 1 0.5 1 0.166667 0.833333 0.166667 0.333333 0.5 1 0.333333 0.166667 0.5 1 1 0.5 0.5 
Int: 10 | 1 1 1 0 0 1 1 0 1 1 1 1 0 0 1 1 1 1 0 1 0 0 1 1 0 0 1 1 0 1 
BDS: 13 | 1 1 1 0 1 1 0 1 1 1 1 1 0 1 1 1 1 1 0 1 0 0 1 1 0 0 1 1 1 1 

