18 30

10 14
9 14
8 17
8 14
8 13
7 16
7 15
7 14
6 17
6 16
6 12
5 15
5 13
5 12
4 17
4 16
4 12
4 11
3 16
3 15
3 10
2 15
2 13
2 10
1 17
1 11
1 9
0 11
0 9
0 8
----------

53760: 9 14, 7 16, 6 17, 5 13, 4 12, 3 15, 2 10, 1 11, 0 8
Frc: 9.125 | 0.125 1 0.125 0.5 0.375 1 0.625 0.375 1 0.75 0.25 0.25 1 0.75 0.375 0.125 1 0.5 0.125 1 0.875 0.125 0.875 1 0.5 1 0.5 0.5 0.5 1 
Int: 10 | 0 1 0 0 1 1 1 1 1 1 0 0 1 1 1 0 1 0 0 1 1 0 1 1 0 1 1 1 0 1 
BDS: 13 | 0 1 0 1 1 1 0 1 1 1 0 1 1 1 1 0 1 1 1 1 1 0 1 1 0 1 1 1 0 1 

