18 30

10 14
9 15
8 16
8 15
7 16
7 14
7 13
6 17
6 15
6 12
5 17
5 14
5 12
4 14
4 12
4 11
3 17
3 16
3 13
3 10
2 17
2 15
2 13
2 10
1 16
1 11
1 9
0 11
0 9
0 8
----------

32260: 8 15, 7 16, 6 17, 5 14, 4 12, 3 13, 2 10, 1 9, 0 11
Frc: 9.22222 | 0.222222 0.555556 0.444444 1 1 0.222222 0.777778 1 0.444444 0.555556 0.555556 1 0.444444 0.555556 1 0.444444 0.111111 0.111111 1 0.777778 0.555556 0.222222 0.222222 1 0.444444 0.555556 1 1 0.444444 0.555556 
Int: 10 | 1 0 1 1 1 0 1 1 1 0 0 1 1 0 1 1 0 0 1 1 1 0 0 1 1 0 1 1 1 0 
BDS: 13 | 1 1 1 1 1 1 0 1 0 1 1 1 0 1 1 0 0 1 1 0 1 1 1 1 0 1 1 1 0 1 

