18 30

11 17
10 17
10 16
9 15
8 17
8 14
7 16
7 15
7 12
6 17
6 14
6 12
5 15
5 14
5 12
4 16
4 13
4 11
3 16
3 13
3 10
2 15
2 13
2 10
1 14
1 11
1 9
0 11
0 9
0 8
----------

42467: 8 17, 7 15, 6 12, 5 14, 4 16, 3 13, 2 10, 1 11, 0 9
Frc: 9.21429 | 0.142857 0.428571 0.0714286 0.214286 1 0.214286 0.428571 1 0.571429 0.428571 0.571429 1 0.571429 1 0.428571 1 0.5 0.642857 0.5 1 0.5 0.5 0.5 1 0.214286 1 0.785714 0.214286 1 0.785714 
Int: 10 | 0 1 0 1 1 0 1 1 0 1 0 1 0 1 1 1 0 1 1 1 0 0 1 1 1 1 0 0 1 1 
BDS: 13 | 0 1 0 1 1 0 0 1 1 0 1 1 1 1 0 1 0 1 1 1 1 1 1 1 1 1 0 1 1 1 

