18 30

13 17
10 16
9 15
8 16
8 15
7 16
7 14
7 12
6 16
6 13
6 12
5 14
5 13
5 12
4 17
4 14
4 11
3 15
3 14
3 10
2 17
2 13
2 10
1 15
1 11
1 9
0 17
0 11
0 9
0 8
----------

41479: 8 15, 7 14, 6 16, 5 12, 4 17, 3 10, 2 13, 1 11, 0 9
Frc: 9.25 | 0.25 0.625 0.125 0.25 1 0.625 1 0.375 1 0.375 0.625 0.625 0.375 1 1 0.125 0.875 0.75 0.25 1 0.625 1 0.375 0.125 1 0.875 0.125 0.125 1 0.75 
Int: 10 | 0 1 0 0 1 1 1 0 1 0 1 1 1 1 1 0 1 1 0 1 1 1 0 0 1 1 0 0 1 1 
BDS: 13 | 0 1 0 1 1 1 1 0 1 1 1 1 0 1 1 1 1 0 1 1 1 1 0 1 1 1 1 0 1 0 

