18 31

11 17
10 17
9 16
8 17
8 15
8 14
7 16
7 15
7 12
6 16
6 13
6 12
5 15
5 13
5 12
4 14
4 13
4 11
3 16
3 14
3 10
2 17
2 14
2 13
2 10
1 15
1 11
1 9
0 11
0 9
0 8
----------

49321: 8 17, 7 15, 6 16, 5 12, 4 13, 3 10, 2 14, 1 11, 0 9
Frc: 9.15789 | 0.105263 0.526316 0.263158 1 0.157895 0.105263 0.578947 1 0.421053 1 0.421053 0.578947 0.578947 0.421053 1 0.368421 1 0.631579 0.473684 0.526316 1 0.368421 1 0.157895 0.473684 0.263158 1 0.736842 0.263158 1 0.736842 
Int: 10 | 0 1 1 1 0 0 1 1 0 1 0 1 1 0 1 0 1 1 0 1 1 0 1 1 0 1 1 0 0 1 1 
BDS: 13 | 0 0 1 1 0 0 1 1 0 1 0 1 1 0 1 0 1 1 1 1 1 1 1 1 1 1 1 0 1 1 1 

