18 30

13 17
10 17
10 15
9 16
8 17
8 14
7 16
7 15
7 12
6 16
6 13
6 12
5 15
5 13
5 12
4 15
4 14
4 11
3 17
3 14
3 10
2 14
2 13
2 10
1 16
1 11
1 9
0 11
0 9
0 8
----------

42020: 8 17, 7 12, 6 16, 5 13, 4 15, 3 14, 2 10, 1 11, 0 9
Frc: 9.21053 | 0.210526 0.315789 0.157895 0.210526 1 0.210526 0.578947 0.421053 1 1 0.578947 0.421053 0.421053 1 0.578947 1 0.315789 0.789474 0.473684 1 0.526316 0.473684 0.526316 1 0.210526 1 0.789474 0.210526 1 0.789474 
Int: 10 | 0 0 1 1 1 0 1 0 1 1 1 0 0 1 1 1 0 1 1 1 0 1 0 1 1 1 0 0 1 1 
BDS: 13 | 0 0 1 1 1 0 1 0 1 1 1 0 0 1 1 1 0 1 1 1 1 1 1 1 1 1 0 1 1 1 

