18 28

10 13
9 12
8 16
8 15
7 17
7 16
7 15
6 17
6 15
6 14
5 14
5 13
5 12
4 17
4 13
4 11
3 17
3 16
3 10
2 16
2 14
2 10
1 12
1 11
1 9
0 11
0 9
0 8
----------

30092: 8 16, 7 17, 6 15, 5 12, 4 13, 3 10, 2 14, 1 11, 0 9
Frc: 9.16667 | 0.5 0.5 1 0.166667 1 0.166667 0.833333 0.166667 1 0.833333 0.5 0.5 1 0.166667 1 0.833333 0.666667 0.333333 1 0.5 1 0.5 0.5 1 0.5 0.166667 1 0.833333 
Int: 10 | 1 1 1 0 1 0 1 0 1 1 1 0 1 0 1 1 1 0 1 1 1 0 0 1 1 0 1 1 
BDS: 13 | 0 1 1 1 1 0 1 0 1 1 1 1 1 1 1 1 1 0 1 1 1 1 0 1 1 0 1 1 

