18 29

13 17
10 16
9 12
8 15
8 13
7 17
7 16
7 15
6 16
6 15
6 13
5 17
5 14
5 12
4 14
4 13
4 11
3 17
3 16
3 10
2 15
2 14
2 10
1 12
1 11
1 9
0 11
0 9
0 8
----------

35638: 8 13, 7 15, 6 16, 5 12, 4 14, 3 17, 2 10, 1 11, 0 9
Frc: 9 | 0.166667 0.166667 0.5 0.166667 1 0.333333 0.666667 1 1 0.333333 0.666667 0.5 0.5 1 1 0.166667 0.833333 1 0.166667 0.833333 0.5 0.5 1 0.5 1 0.5 0.166667 1 0.833333 
Int: 10 | 0 0 0 0 1 0 1 1 1 0 1 1 0 1 1 0 1 1 0 1 1 1 1 1 1 1 0 1 1 
BDS: 13 | 0 1 0 1 1 0 1 1 1 0 1 1 1 1 1 1 1 1 0 1 0 1 1 1 1 1 0 1 1 

