18 30

13 17
12 14
10 16
9 13
8 17
8 16
7 17
7 15
7 14
6 16
6 15
6 13
5 15
5 14
5 13
4 17
4 14
4 11
3 16
3 12
3 10
2 12
2 11
2 10
1 12
1 11
1 9
0 15
0 9
0 8
----------

41341: 8 16, 7 14, 6 13, 5 15, 4 17, 3 12, 2 10, 1 11, 0 9
Frc: 9.22222 | 0.111111 0.111111 0.333333 0.555556 0.111111 1 0.777778 0.222222 1 0.333333 0.666667 1 1 0.666667 0.333333 1 0.222222 0.777778 0.333333 1 0.666667 0.333333 0.666667 1 0.555556 1 0.444444 0.111111 1 0.888889 
Int: 10 | 1 1 0 0 0 1 0 1 1 1 0 1 1 1 0 1 1 0 0 1 1 0 1 1 0 1 1 0 1 1 
BDS: 13 | 1 1 1 0 1 1 1 0 1 0 1 1 1 1 0 1 0 1 1 1 0 0 1 1 1 1 1 1 1 0 

