18 28

10 16
9 16
8 17
8 14
7 17
7 16
7 15
6 17
6 15
6 14
5 16
5 15
5 13
4 17
4 13
4 11
3 14
3 12
3 10
2 12
2 11
2 10
1 12
1 11
1 9
0 13
0 9
0 8
----------

32600: 8 14, 7 17, 6 15, 5 16, 4 13, 3 12, 2 10, 1 11, 0 9
Frc: 9.22222 | 0.444444 0.333333 0.222222 1 1 0.222222 0.777778 0.222222 1 0.777778 1 0.222222 0.777778 0.555556 1 0.444444 0.444444 1 0.555556 0.444444 0.555556 1 0.555556 1 0.666667 0.222222 1 0.777778 
Int: 10 | 1 0 0 1 1 0 1 0 1 1 1 0 1 1 1 0 0 1 1 0 1 1 1 1 1 0 1 1 
BDS: 13 | 0 1 1 1 1 0 1 0 1 1 1 1 1 0 1 1 1 1 1 0 1 1 1 1 1 0 1 1 

