18 29

10 17
10 13
9 14
8 15
8 14
7 17
7 16
7 15
6 17
6 16
6 13
5 16
5 15
5 13
4 17
4 14
4 11
3 16
3 12
3 10
2 12
2 11
2 10
1 12
1 11
1 9
0 15
0 9
0 8
----------

34937: 8 14, 7 16, 6 13, 5 15, 4 17, 3 10, 2 12, 1 11, 0 9
Frc: 9.16667 | 0.166667 0.666667 0.166667 0.166667 1 0.333333 1 0.666667 0.5 0.5 1 0.333333 1 0.666667 1 0.833333 0.166667 0.166667 0.833333 1 1 0.833333 0.166667 0.166667 1 0.833333 0.166667 1 0.833333 
Int: 10 | 0 1 0 0 1 1 1 1 0 1 1 0 1 1 1 1 0 0 1 1 1 1 0 0 1 1 0 1 1 
BDS: 13 | 1 1 0 1 1 0 1 1 0 1 1 0 1 1 1 1 1 1 0 1 1 0 1 1 1 1 1 1 0 

