18 30

13 17
12 14
10 15
9 17
8 17
8 16
7 16
7 15
7 14
6 16
6 14
6 13
5 15
5 14
5 13
4 17
4 13
4 11
3 16
3 12
3 10
2 12
2 11
2 10
1 12
1 11
1 9
0 15
0 9
0 8
----------

39334: 8 17, 7 16, 6 14, 5 15, 4 13, 3 10, 2 12, 1 11, 0 9
Frc: 9.25 | 0.125 0.125 0.75 0.125 1 0.125 1 0.625 0.375 0.625 1 0.375 1 0.5 0.5 0.75 1 0.25 0.25 0.75 1 1 0.75 0.25 0.125 1 0.875 0.125 1 0.875 
Int: 10 | 0 0 1 0 1 0 1 1 0 1 1 0 1 1 1 1 1 0 0 1 1 1 1 0 0 1 1 0 1 1 
BDS: 13 | 0 0 1 0 1 1 1 1 0 1 1 0 1 1 1 1 1 1 1 0 1 1 0 1 1 1 1 1 1 0 

