18 30

10 14
9 16
8 17
8 14
7 15
7 14
7 13
6 15
6 14
6 13
5 17
5 16
5 12
4 15
4 13
4 11
3 16
3 12
3 10
2 17
2 12
2 11
2 10
1 16
1 11
1 9
0 17
0 15
0 9
0 8
----------

44070: 8 17, 7 13, 6 14, 5 12, 4 15, 3 16, 2 10, 1 11, 0 9
Frc: 9.125 | 0.5 0.25 1 0.375 0.875 0.125 1 0.125 1 0.875 0.5 0.5 1 1 0.125 0.875 1 0.5 0.5 0.375 0.5 0.125 1 0.25 1 0.75 0.125 0.25 1 0.625 
Int: 10 | 0 1 1 1 1 0 1 0 1 1 1 0 1 1 0 1 1 0 1 0 1 0 1 1 1 0 1 0 1 0 
BDS: 13 | 1 1 1 0 0 1 1 1 1 0 0 1 1 1 1 1 1 0 1 1 1 0 1 1 1 0 0 1 1 1 

