18 30

12 17
10 14
9 17
8 16
8 12
7 16
7 15
7 14
6 16
6 15
6 13
5 16
5 14
5 13
4 17
4 12
4 11
3 15
3 13
3 10
2 12
2 11
2 10
1 17
1 15
1 11
1 9
0 14
0 9
0 8
----------

38792: 8 12, 7 16, 6 13, 5 14, 4 17, 3 10, 2 11, 1 15, 0 9
Frc: 9.22222 | 0.555556 0.222222 0.333333 0.111111 1 1 0.333333 0.666667 0.555556 0.444444 1 0.333333 1 0.666667 1 0.222222 0.777778 0.222222 0.777778 1 0.222222 1 0.777778 0.111111 1 0.222222 0.666667 0.111111 1 0.888889 
Int: 10 | 1 0 0 0 1 1 0 1 1 1 0 0 1 1 1 0 1 0 1 1 0 1 1 0 1 0 1 0 1 1 
BDS: 13 | 1 1 0 1 1 1 0 1 1 0 1 0 1 1 1 0 1 1 1 1 1 1 0 0 1 1 1 1 1 0 

