18 30

12 17
10 16
9 17
8 17
8 12
7 16
7 15
7 13
6 16
6 14
6 13
5 15
5 14
5 13
4 14
4 12
4 11
3 15
3 14
3 10
2 17
2 12
2 11
2 10
1 15
1 11
1 9
0 16
0 9
0 8
----------

39636: 8 17, 7 13, 6 16, 5 14, 4 12, 3 10, 2 11, 1 15, 0 9
Frc: 9.25 | 0.75 0.25 0.125 1 0.125 0.625 0.375 1 1 0.625 0.375 0.375 1 0.625 0.125 1 0.875 0.25 0.75 1 0.125 0.125 1 0.75 1 0.125 0.875 0.125 1 0.875 
Int: 10 | 1 0 0 1 0 1 0 1 1 1 0 1 0 1 0 1 1 0 1 1 0 0 1 1 1 0 1 0 1 1 
BDS: 13 | 1 1 0 1 0 1 0 1 1 1 0 0 1 1 1 1 0 1 1 1 0 1 1 0 1 1 1 1 1 1 

