18 31

9 15
8 16
8 15
8 13
7 16
7 14
7 11
6 16
6 13
6 11
5 14
5 13
5 11
4 17
4 15
4 10
3 17
3 14
3 12
3 10
2 14
2 13
2 12
2 10
1 17
1 15
1 9
0 17
0 16
0 12
0 9
----------

60086: 8 15, 7 14, 6 16, 5 11, 4 10, 3 12, 2 13, 1 17, 0 9
Frc: 9.23077 | 0.230769 0.769231 1 0.230769 0.615385 1 0.384615 1 0.384615 0.615385 0.615385 0.384615 1 0.461538 0.538462 1 0.307692 0.153846 1 0.538462 0.230769 1 0.307692 0.461538 1 0.230769 0.769231 0.230769 0.0769231 0.692308 1 
Int: 10 | 0 1 1 0 1 1 0 1 0 1 0 1 1 1 1 1 0 1 1 0 0 1 0 1 1 0 1 0 0 1 1 
BDS: 13 | 1 1 1 1 1 1 0 1 0 1 1 0 1 0 1 1 0 0 1 1 1 1 0 0 1 1 0 1 1 1 1 

