18 29

13 17
10 17
9 16
8 15
8 14
7 16
7 15
7 14
6 16
6 14
6 13
5 17
5 15
5 11
4 17
4 12
4 11
3 16
3 13
3 10
2 15
2 12
2 10
1 12
1 11
1 9
0 13
0 9
0 8
----------

36221: 8 15, 7 16, 6 14, 5 11, 4 17, 3 13, 2 10, 1 12, 0 9
Frc: 9.18182 | 0.181818 0.272727 0.545455 1 0.181818 1 0.181818 0.818182 0.181818 1 0.818182 0.545455 0.454545 1 1 0.545455 0.454545 0.272727 1 0.727273 0.363636 0.636364 1 1 0.545455 0.454545 0.181818 1 0.818182 
Int: 10 | 0 0 1 1 0 1 0 1 0 1 1 1 1 1 1 1 0 0 1 1 0 1 1 1 1 0 0 1 1 
BDS: 13 | 1 1 0 1 1 1 0 1 0 1 1 1 0 1 1 1 0 1 1 0 1 1 1 1 1 1 0 1 1 

