18 30

10 17
10 16
9 15
8 17
8 14
7 16
7 15
7 14
6 16
6 15
6 14
5 16
5 15
5 11
4 17
4 13
4 12
4 11
3 17
3 13
3 10
2 13
2 12
2 10
1 12
1 11
1 9
0 14
0 9
0 8
----------

42359: 8 17, 7 14, 6 15, 5 16, 4 12, 3 13, 2 10, 1 11, 0 9
Frc: 9.16667 | 0.166667 0.333333 0.5 1 0.166667 0.666667 0.333333 1 0.333333 1 0.666667 1 0.166667 0.833333 0.333333 0.5 1 0.166667 0.5 1 0.5 0.5 0.5 1 0.5 1 0.5 0.166667 1 0.833333 
Int: 10 | 0 1 1 1 0 1 0 1 0 1 1 1 0 1 0 1 1 0 1 1 0 0 1 1 0 1 1 0 1 1 
BDS: 13 | 0 1 0 1 1 1 0 1 0 1 1 1 1 0 1 1 1 1 0 1 1 0 1 1 1 1 1 0 1 1 

42373: 8 17, 7 15, 6 14, 5 16, 4 12, 3 13, 2 10, 1 11, 0 9
Frc: 9.16667 | 0.166667 0.333333 0.5 1 0.166667 0.333333 1 0.666667 0.666667 0.333333 1 1 0.166667 0.833333 0.333333 0.5 1 0.166667 0.5 1 0.5 0.5 0.5 1 0.5 1 0.5 0.166667 1 0.833333 
Int: 10 | 0 1 1 1 0 0 1 1 1 0 1 1 0 1 0 1 1 0 1 1 0 0 1 1 0 1 1 0 1 1 
BDS: 13 | 0 1 0 1 1 0 1 1 1 0 1 1 1 0 1 1 1 1 0 1 1 0 1 1 1 1 1 0 1 1 

