18 29

12 17
10 16
9 17
8 17
8 14
7 16
7 15
7 14
6 16
6 15
6 14
5 16
5 13
5 11
4 15
4 13
4 11
3 17
3 12
3 10
2 13
2 12
2 10
1 12
1 11
1 9
0 15
0 9
0 8
----------

34754: 8 17, 7 14, 6 15, 5 16, 4 13, 3 10, 2 12, 1 11, 0 9
Frc: 9.25 | 0.25 0.5 0.25 1 0.25 0.75 0.25 1 0.25 1 0.75 1 0.5 0.5 0.5 1 0.5 0.5 0.5 1 0.5 1 0.5 0.25 1 0.75 0.25 1 0.75 
Int: 10 | 0 0 1 1 0 1 0 1 0 1 1 1 1 0 0 1 1 1 0 1 0 1 1 1 1 0 1 1 1 
BDS: 13 | 0 1 1 1 1 1 0 1 0 1 1 1 1 1 1 1 0 1 0 1 0 1 1 1 1 1 1 1 0 

34764: 8 17, 7 15, 6 14, 5 16, 4 13, 3 10, 2 12, 1 11, 0 9
Frc: 9.25 | 0.25 0.5 0.25 1 0.25 0.25 1 0.75 0.75 0.25 1 1 0.5 0.5 0.5 1 0.5 0.5 0.5 1 0.5 1 0.5 0.25 1 0.75 0.25 1 0.75 
Int: 10 | 0 0 0 1 1 1 1 0 0 1 1 1 1 0 0 1 1 1 0 1 0 1 1 1 1 1 0 1 1 
BDS: 13 | 0 1 1 1 1 0 1 1 1 0 1 1 1 1 1 1 0 1 0 1 0 1 1 1 1 1 1 1 0 

