18 30

11 17
10 15
9 17
8 17
8 16
7 15
7 14
7 13
6 15
6 14
6 13
5 16
5 13
5 11
4 14
4 12
4 11
3 15
3 14
3 10
2 17
2 16
2 12
2 10
1 12
1 11
1 9
0 16
0 9
0 8
----------

41860: 8 17, 7 13, 6 15, 5 16, 4 11, 3 14, 2 10, 1 12, 0 9
Frc: 9.16667 | 0.333333 0.166667 0.333333 1 0.333333 0.666667 0.333333 1 1 0.666667 0.333333 1 0.666667 0.333333 0.333333 0.666667 1 0.166667 1 0.833333 0.333333 0.333333 0.333333 1 1 0.333333 0.666667 0.333333 1 0.666667 
Int: 10 | 1 0 0 1 0 1 0 1 1 1 0 1 1 0 0 1 1 0 1 1 1 0 0 1 1 0 1 1 1 1 
BDS: 13 | 0 1 1 1 1 0 1 1 1 0 1 1 1 1 1 1 1 0 1 1 0 1 0 1 1 0 1 1 1 0 

