18 30

12 17
10 14
9 15
8 16
8 14
7 16
7 15
7 14
6 16
6 15
6 13
5 17
5 15
5 13
5 11
4 14
4 12
4 11
3 17
3 13
3 10
2 17
2 12
2 10
1 12
1 11
1 9
0 16
0 9
0 8
----------

39250: 8 14, 7 15, 6 16, 5 13, 4 12, 3 10, 2 17, 1 11, 0 9
Frc: 9.14286 | 0.285714 0.428571 0.285714 0.142857 1 0.714286 1 0.285714 1 0.285714 0.714286 0.285714 0.428571 1 0.285714 0.285714 1 0.714286 0.428571 0.571429 1 1 0.428571 0.571429 0.285714 1 0.714286 0.142857 1 0.857143 
Int: 10 | 0 1 1 0 1 1 1 0 1 0 1 0 0 1 1 1 1 0 1 0 1 1 1 0 1 1 0 0 1 1 
BDS: 13 | 0 1 0 1 1 1 1 0 1 0 1 0 1 1 1 1 1 0 1 1 1 1 1 0 1 1 1 1 1 0 

