18 30

10 17
9 13
8 16
8 15
8 13
7 16
7 14
7 13
6 15
6 14
6 13
5 17
5 16
5 11
4 14
4 12
4 11
3 17
3 16
3 10
2 15
2 12
2 10
1 15
1 14
1 9
0 17
0 12
0 11
0 9
----------

40326: 8 13, 7 16, 6 14, 5 17, 4 11, 3 10, 2 15, 1 9, 0 12
Frc: 9.27273 | 0.0909091 0.181818 0.727273 0.272727 1 1 0.727273 0.272727 0.454545 1 0.545455 1 0.0909091 0.909091 0.0909091 0.909091 1 0.818182 0.181818 1 1 0.0909091 0.909091 0.272727 0.727273 1 0.0909091 1 0.0909091 0.818182 
Int: 10 | 0 0 1 0 1 1 1 0 1 1 1 1 0 1 0 1 1 1 0 1 1 0 1 0 1 1 0 1 0 1 
BDS: 13 | 0 1 1 0 1 1 1 0 0 1 1 1 0 1 1 0 1 1 1 1 1 1 1 1 1 1 0 1 1 0 

