18 30

13 17
10 16
9 15
8 17
8 14
7 16
7 15
7 13
6 16
6 14
6 12
5 17
5 14
5 11
4 15
4 14
4 11
3 16
3 13
3 10
2 17
2 13
2 12
2 10
1 12
1 11
1 9
0 15
0 9
0 8
----------

29659: 8 17, 7 16, 6 12, 5 11, 4 14, 3 13, 2 10, 1 9, 0 15
Frc: 9.25 | 0.125 0.125 0.5 1 0.5 1 0.25 0.75 0.75 0.25 1 0.75 0.25 1 0.25 1 0.75 0.125 1 0.875 0.625 0.125 0.25 1 0.75 0.25 1 1 0.5 0.5 
Int: 10 | 0 0 1 1 1 1 0 1 1 0 1 1 0 1 0 1 1 0 1 1 1 0 0 1 1 0 1 1 0 1 
BDS: 13 | 0 1 1 1 1 1 1 0 1 0 1 1 0 1 0 1 1 1 1 0 1 1 1 1 0 1 1 1 0 1 

