18 30

11 17
10 16
9 15
8 15
8 13
7 15
7 14
7 13
6 17
6 16
6 12
5 15
5 14
5 11
4 14
4 13
4 11
3 17
3 14
3 10
2 16
2 12
2 10
1 17
1 12
1 11
1 9
0 16
0 9
0 8
----------

49597: 9 15, 7 13, 6 16, 5 14, 4 11, 3 10, 2 12, 1 17, 0 8
Frc: 9.25 | 0.125 0.125 1 0.25 0.75 0.5 0.5 1 0.125 1 0.875 0.25 1 0.75 0.25 0.75 1 0.75 0.25 1 0.125 1 0.875 1 0.125 0.125 0.75 0.75 0.25 1 
Int: 10 | 0 0 1 0 1 0 1 1 0 1 1 1 1 1 0 1 1 1 0 1 0 1 1 1 0 0 1 1 0 1 
BDS: 13 | 1 1 1 1 1 0 1 1 1 1 0 0 1 1 0 1 1 0 1 1 0 1 1 1 1 0 1 0 1 1 

