18 29

13 17
10 16
9 17
8 17
8 13
7 16
7 15
7 14
6 15
6 13
6 12
5 16
5 14
5 11
4 15
4 14
4 11
3 17
3 15
3 10
2 13
2 12
2 10
1 12
1 11
1 9
0 16
0 9
0 8
----------

34402: 8 17, 7 16, 6 13, 5 14, 4 15, 3 10, 2 12, 1 11, 0 9
Frc: 9.16667 | 0.5 0.166667 0.166667 1 0.333333 1 0.5 0.5 0.166667 1 0.833333 0.5 1 0.5 1 0.5 0.5 0.333333 0.666667 1 0.166667 1 0.833333 0.166667 1 0.833333 0.333333 1 0.666667 
Int: 10 | 1 0 0 1 0 1 1 0 0 1 1 1 1 0 0 1 1 0 1 1 0 1 1 0 1 1 0 1 1 
BDS: 13 | 1 1 0 1 0 1 1 0 1 1 0 1 1 0 1 1 1 0 1 1 1 1 0 1 1 1 1 1 1 

