18 31

9 16
8 16
8 14
8 12
7 15
7 14
7 11
6 15
6 13
6 11
5 14
5 13
5 11
4 17
4 16
4 10
3 17
3 14
3 13
3 10
2 15
2 12
2 10
1 17
1 15
1 13
1 9
0 17
0 16
0 12
0 9
----------

48005: 8 16, 7 14, 6 15, 5 11, 4 10, 3 13, 2 12, 1 9, 0 17
Frc: 9.27273 | 0.272727 1 0.0909091 0.909091 0.636364 1 0.363636 1 0.363636 0.636364 0.636364 0.363636 1 0.454545 0.545455 1 0.272727 0.272727 1 0.454545 0.454545 1 0.545455 0.272727 0.454545 0.272727 1 1 0.181818 0.0909091 0.727273 
Int: 10 | 1 1 1 0 1 1 0 1 0 1 0 1 1 0 1 1 0 0 1 1 1 1 0 1 0 0 1 1 0 1 0 
BDS: 13 | 1 1 0 1 1 1 0 1 0 1 1 0 1 0 1 1 0 1 1 1 1 1 0 1 1 1 1 1 0 1 0 

