18 31

10 17
10 14
9 13
8 14
8 13
7 15
7 14
7 13
6 16
6 15
6 12
5 17
5 16
5 15
5 11
4 17
4 14
4 11
3 16
3 12
3 10
2 15
2 12
2 10
1 16
1 11
1 9
0 17
0 13
0 9
0 8
----------

50970: 8 14, 7 13, 6 15, 5 11, 4 17, 3 12, 2 10, 1 16, 0 9
Frc: 9.25 | 0.25 0.125 0.375 1 0.5 0.5 0.5 1 0.375 1 0.625 0.375 0.25 0.375 1 1 0.375 0.625 0.375 1 0.625 0.625 0.375 1 1 0.375 0.625 0.375 0.125 1 0.5 
Int: 10 | 0 1 0 1 1 1 0 1 0 1 1 0 0 1 1 1 0 1 1 1 0 0 1 1 1 0 1 1 0 1 0 
BDS: 13 | 1 0 1 1 1 1 0 1 0 1 1 0 1 1 1 1 1 1 0 1 1 1 0 1 1 0 1 1 0 1 0 

