18 31

11 17
10 13
9 16
8 14
8 13
7 16
7 15
7 14
6 17
6 15
6 12
5 16
5 15
5 11
4 16
4 14
4 11
3 15
3 12
3 10
2 17
2 14
2 12
2 10
1 17
1 13
1 11
1 9
0 13
0 9
0 8
----------

45711: 8 14, 7 15, 6 12, 5 11, 4 16, 3 10, 2 17, 1 13, 0 9
Frc: 9.2381 | 0.238095 0.619048 0.190476 1 0.190476 0.52381 1 0.47619 0.619048 0.380952 1 0.285714 0.714286 1 1 0.285714 0.714286 0.380952 0.619048 1 1 0.238095 0.380952 0.380952 0.142857 1 0.047619 0.809524 0.190476 1 0.809524 
Int: 10 | 0 1 1 1 0 1 1 0 1 0 1 0 1 1 1 0 1 0 1 1 1 1 0 0 0 1 1 0 0 1 1 
BDS: 13 | 0 1 1 1 1 1 1 0 1 1 1 0 1 1 1 0 1 0 1 1 1 1 1 0 0 1 1 0 0 1 1 

