18 31

11 13
10 17
10 16
9 17
9 14
8 17
8 16
7 16
7 15
7 14
6 17
6 13
6 12
5 16
5 14
5 11
4 15
4 14
4 11
3 15
3 12
3 10
2 13
2 12
2 10
1 13
1 11
1 9
0 15
0 9
0 8
----------

48255: 8 17, 7 16, 6 13, 5 14, 4 15, 3 12, 2 10, 1 11, 0 9
Frc: 9.16667 | 0.166667 0.333333 0.166667 0.166667 0.166667 1 0.166667 1 0.666667 0.333333 0.5 1 0.5 0.666667 1 0.333333 1 0.5 0.5 0.5 1 0.5 0.5 0.5 1 0.333333 1 0.666667 0.166667 1 0.833333 
Int: 10 | 0 1 0 0 1 1 0 1 1 0 0 1 1 1 1 0 1 0 1 1 1 0 1 0 1 1 1 0 0 1 1 
BDS: 13 | 0 0 0 0 0 1 1 1 1 0 1 1 1 1 1 0 1 1 1 1 1 1 1 0 1 1 1 1 1 1 0 

