18 29

12 17
10 17
9 17
8 17
8 15
7 16
7 15
7 14
6 16
6 15
6 12
5 16
5 14
5 11
4 13
4 12
4 11
3 16
3 13
3 10
2 14
2 13
2 10
1 12
1 11
1 9
0 15
0 9
0 8
----------

33969: 8 17, 7 15, 6 16, 5 14, 4 11, 3 10, 2 13, 1 12, 0 9
Frc: 9.16667 | 0.166667 0.666667 0.166667 1 0.166667 0.333333 1 0.666667 1 0.666667 0.333333 0.166667 1 0.833333 0.5 0.5 1 0.5 0.5 1 0.666667 1 0.333333 1 0.166667 0.833333 0.166667 1 0.833333 
Int: 10 | 0 1 0 1 0 0 1 1 1 1 0 0 1 1 0 1 1 1 1 1 0 1 1 1 0 1 0 1 1 
BDS: 13 | 0 1 1 1 1 0 1 1 1 1 0 1 1 1 1 1 1 0 1 1 1 1 0 1 0 1 1 1 0 

