18 29

13 17
10 17
9 16
8 15
8 14
7 16
7 15
7 13
6 17
6 15
6 12
5 15
5 14
5 11
4 17
4 12
4 11
3 16
3 14
3 10
2 16
2 13
2 10
1 12
1 11
1 9
0 13
0 9
0 8
----------

34919: 8 15, 7 16, 6 12, 5 14, 4 17, 3 10, 2 13, 1 11, 0 9
Frc: 9.14286 | 0.142857 0.285714 0.571429 1 0.142857 1 0.285714 0.714286 0.571429 0.428571 1 0.285714 1 0.714286 1 0.428571 0.571429 0.142857 0.857143 1 0.285714 1 0.714286 0.571429 1 0.428571 0.142857 1 0.857143 
Int: 10 | 1 0 1 1 0 1 0 1 0 1 1 0 1 1 1 1 0 0 1 1 0 1 1 0 1 1 0 1 1 
BDS: 13 | 0 1 0 1 0 1 0 1 1 0 1 1 1 1 1 0 1 1 1 1 0 1 1 1 1 1 1 1 1 

