18 30

13 17
11 17
10 16
9 15
8 16
8 14
7 15
7 14
7 13
6 17
6 14
6 12
5 16
5 14
5 11
4 16
4 12
4 11
3 17
3 15
3 10
2 15
2 13
2 10
1 12
1 11
1 9
0 13
0 9
0 8
----------

38504: 8 14, 7 15, 6 17, 5 11, 4 16, 3 10, 2 13, 1 12, 0 9
Frc: 9.125 | 0.125 0.125 0.25 0.5 0.125 1 1 0.25 0.75 1 0.375 0.625 0.625 0.375 1 1 0.625 0.375 0.75 0.25 1 0.25 1 0.75 1 0.5 0.5 0.125 1 0.875 
Int: 10 | 0 0 1 0 1 1 1 1 0 1 0 1 0 1 1 1 0 1 1 0 1 1 1 0 1 0 1 1 1 0 
BDS: 13 | 0 1 1 0 0 1 1 0 1 1 1 1 1 0 1 1 1 0 0 1 1 0 1 1 1 1 1 1 1 1 

