18 29

10 17
9 16
8 15
8 14
7 16
7 15
7 13
6 17
6 15
6 12
5 15
5 14
5 11
4 17
4 12
4 11
3 16
3 14
3 10
2 16
2 13
2 10
1 12
1 11
1 9
0 17
0 13
0 9
0 8
----------

37170: 8 15, 7 16, 6 12, 5 14, 4 17, 3 10, 2 13, 1 11, 0 9
Frc: 9.18182 | 0.363636 0.545455 1 0.272727 1 0.181818 0.818182 0.545455 0.454545 1 0.363636 1 0.636364 1 0.454545 0.545455 0.272727 0.727273 1 0.181818 1 0.818182 0.545455 1 0.454545 0.0909091 0.181818 1 0.727273 
Int: 10 | 0 1 1 0 1 0 1 1 1 1 0 1 1 1 0 1 0 1 1 0 1 1 1 1 0 0 0 1 1 
BDS: 13 | 1 0 1 0 1 0 1 1 0 1 1 1 1 1 0 1 1 1 1 0 1 1 1 1 1 0 1 1 1 

