18 29

14 17
10 17
9 16
8 15
8 13
7 16
7 15
7 14
6 17
6 15
6 12
5 14
5 13
5 11
4 16
4 12
4 11
3 17
3 15
3 10
2 16
2 14
2 10
1 12
1 11
1 9
0 13
0 9
0 8
----------

36483: 8 13, 7 16, 6 17, 5 14, 4 12, 3 15, 2 10, 1 11, 0 9
Frc: 9 | 0.333333 0.333333 0.166667 0.166667 1 1 0.666667 0.333333 1 0.166667 0.833333 1 0.833333 0.166667 0.166667 1 0.833333 0.333333 1 0.666667 0.666667 0.333333 1 0.166667 1 0.833333 0.166667 1 0.833333 
Int: 10 | 0 0 0 0 1 1 1 0 1 0 1 1 1 0 0 1 1 1 1 1 1 1 1 0 1 1 0 1 1 
BDS: 13 | 1 1 0 1 1 1 1 0 1 1 0 1 1 1 1 1 0 1 1 0 1 0 1 1 1 1 0 1 1 

