18 29

11 17
10 17
9 16
8 14
8 13
7 17
7 15
7 14
6 16
6 15
6 12
5 16
5 15
5 11
4 16
4 12
4 11
3 17
3 14
3 10
2 15
2 13
2 10
1 12
1 11
1 9
0 13
0 9
0 8
----------

36908: 8 13, 7 17, 6 12, 5 15, 4 16, 3 14, 2 10, 1 11, 0 9
Frc: 9.25 | 0.25 0.375 0.25 0.375 1 1 0.375 0.625 0.25 0.75 1 0.5 1 0.5 1 0.75 0.25 0.375 1 0.625 0.375 0.625 1 0.25 1 0.75 0.375 1 0.625 
Int: 10 | 1 0 1 0 1 1 0 1 0 1 1 1 1 0 1 1 0 0 1 1 0 1 1 1 1 0 0 1 1 
BDS: 13 | 1 1 0 1 1 1 0 1 0 1 1 1 1 0 1 1 0 1 1 0 1 1 1 1 1 1 0 1 1 

