18 30

13 17
10 16
9 15
8 15
8 13
7 16
7 15
7 14
6 16
6 14
6 12
5 17
5 13
5 11
4 14
4 12
4 11
3 16
3 15
3 10
2 14
2 13
2 10
1 17
1 12
1 11
1 9
0 17
0 9
0 8
----------

40792: 8 13, 7 14, 6 16, 5 11, 4 12, 3 15, 2 10, 1 17, 0 9
Frc: 9 | 0.125 0.125 0.375 0.375 1 0.75 0.25 1 1 0.125 0.875 0.5 0.5 1 0.25 1 0.75 0.125 1 0.875 0.625 0.375 1 1 0.125 0.25 0.625 0.375 1 0.625 
Int: 10 | 1 0 1 0 1 1 0 1 1 0 1 1 0 1 0 1 1 0 1 1 1 0 1 1 0 0 1 0 1 1 
BDS: 13 | 0 1 0 1 1 1 0 1 1 0 1 1 1 1 1 1 0 0 1 1 0 1 1 1 1 1 1 0 1 1 

