18 28

10 16
9 16
8 16
8 14
7 17
7 14
7 13
6 16
6 15
6 12
5 14
5 13
5 11
4 13
4 12
4 11
3 17
3 15
3 10
2 17
2 15
2 10
1 12
1 11
1 9
0 17
0 9
0 8
----------

22144: 8 16, 7 13, 6 12, 5 14, 4 11, 3 10, 2 15, 1 9, 0 17
Frc: 9.25 | 0.25 0.5 1 0.5 0.5 0.5 1 0.25 0.75 1 1 0.5 0.5 0.5 0.5 1 0.75 0.25 1 0.25 1 0.75 0.5 0.5 1 1 0.5 0.5 
Int: 10 | 0 1 1 0 0 1 1 0 1 1 1 0 1 1 1 1 1 0 1 0 1 1 0 1 1 1 0 1 
BDS: 13 | 1 1 1 1 1 1 1 0 1 1 1 0 1 1 1 1 0 1 1 1 1 0 1 0 1 1 1 0 

23497: 8 16, 7 13, 6 12, 5 14, 4 11, 3 15, 2 10, 1 9, 0 17
Frc: 9.25 | 0.25 0.5 1 0.5 0.5 0.5 1 0.25 0.75 1 1 0.5 0.5 0.5 0.5 1 0.25 1 0.75 0.75 0.25 1 0.5 0.5 1 1 0.5 0.5 
Int: 10 | 0 1 1 0 0 1 1 0 1 1 1 0 1 1 1 1 0 1 1 1 0 1 0 1 1 1 0 1 
BDS: 13 | 1 1 1 1 1 1 1 0 1 1 1 0 1 1 1 1 1 1 0 0 1 1 1 0 1 1 1 0 

