18 29

11 17
10 17
9 15
8 14
8 13
7 17
7 15
7 14
6 16
6 13
6 12
5 16
5 13
5 11
4 16
4 12
4 11
3 16
3 15
3 10
2 17
2 14
2 10
1 12
1 11
1 9
0 15
0 9
0 8
----------

45654: 11 17, 7 15, 6 13, 5 16, 4 12, 3 10, 2 14, 1 9, 0 8
Frc: 9.23077 | 1 0.153846 0.0769231 0.692308 0.307692 0.692308 1 0.307692 0.307692 1 0.692308 1 0.692308 0.307692 0.538462 1 0.461538 0.153846 0.846154 1 0.153846 1 0.846154 0.769231 0.230769 1 0.0769231 0.923077 1 
Int: 10 | 1 0 0 1 0 1 1 0 0 1 1 1 1 0 1 1 1 0 1 1 0 1 1 1 0 1 0 1 1 
BDS: 13 | 1 1 0 1 1 1 1 0 0 1 1 1 1 0 1 1 0 1 0 1 0 1 1 1 1 1 1 1 1 

