18 30

12 17
10 13
9 17
8 17
8 16
7 15
7 14
7 13
6 16
6 14
6 12
5 17
5 16
5 13
5 11
4 15
4 12
4 11
3 15
3 14
3 10
2 15
2 14
2 10
1 12
1 11
1 9
0 16
0 9
0 8
----------

40086: 8 17, 7 15, 6 16, 5 13, 4 12, 3 10, 2 14, 1 11, 0 9
Frc: 9.16667 | 0.333333 0.166667 0.333333 1 0.333333 1 0.166667 0.833333 1 0.666667 0.333333 0.333333 0.333333 1 0.333333 0.333333 1 0.666667 0.833333 0.166667 1 0.166667 1 0.833333 0.333333 1 0.666667 0.333333 1 0.666667 
Int: 10 | 1 0 0 1 0 1 0 1 1 1 0 1 0 1 0 0 1 1 1 0 1 0 1 1 0 1 1 1 1 1 
BDS: 13 | 0 1 1 1 1 1 0 1 1 1 1 0 1 1 0 1 1 1 0 1 1 1 1 0 0 1 1 1 1 0 

