18 30

12 17
11 14
10 13
9 14
8 15
8 13
7 16
7 15
7 13
6 16
6 14
6 12
5 17
5 16
5 11
4 14
4 12
4 11
3 17
3 16
3 10
2 17
2 15
2 10
1 12
1 11
1 9
0 15
0 9
0 8
----------

39365: 8 13, 7 15, 6 14, 5 16, 4 12, 3 10, 2 17, 1 11, 0 9
Frc: 9.25 | 0.0833333 0.0833333 0.333333 0.416667 0.333333 1 0.333333 1 0.666667 0.5 1 0.5 0.583333 1 0.416667 0.5 1 0.5 0.333333 0.666667 1 1 0.333333 0.666667 0.416667 1 0.583333 0.333333 1 0.666667 
Int: 10 | 0 0 1 1 0 1 1 1 0 0 1 1 0 1 1 0 1 1 1 0 1 1 1 0 0 1 1 0 1 1 
BDS: 13 | 1 0 1 1 1 1 0 1 1 1 1 0 1 1 1 1 1 0 0 1 1 1 1 0 0 1 1 1 1 0 

