18 31

10 17
9 17
9 14
8 14
8 13
7 15
7 14
7 13
6 17
6 16
6 15
6 12
5 15
5 13
5 11
4 16
4 12
4 11
3 17
3 16
3 15
3 10
2 16
2 14
2 10
1 12
1 11
1 9
0 13
0 9
0 8
----------

46600: 8 14, 7 15, 6 17, 5 13, 4 12, 3 10, 2 16, 1 11, 0 9
Frc: 9 | 0.25 0.25 0.25 1 0.25 1 0.5 0.5 1 0.25 0.25 0.5 0.5 1 0.5 0.5 1 0.5 0.5 0.25 0.25 1 1 0.25 0.75 0.5 1 0.5 0.25 1 0.75 
Int: 9 | 1 0 0 1 0 1 0 1 1 0 0 1 0 1 1 1 1 0 0 0 1 1 1 1 0 0 1 1 0 1 1 
BDS: 13 | 0 1 0 1 1 1 0 1 1 0 1 0 1 1 1 1 1 0 1 0 0 1 1 1 1 1 1 1 1 1 0 

