18 31

10 13
9 16
8 16
8 14
7 15
7 14
7 13
6 17
6 16
6 15
6 12
5 17
5 16
5 13
5 11
4 13
4 12
4 11
3 17
3 15
3 10
2 15
2 14
2 10
1 12
1 11
1 9
0 17
0 14
0 9
0 8
----------

58915: 9 16, 7 14, 6 17, 5 11, 4 13, 3 10, 2 15, 1 12, 0 8
Frc: 9.125 | 0.125 1 0.5 0.5 0.625 1 0.375 1 0.25 0.25 0.5 0.25 0.25 0.5 1 1 0.5 0.5 0.875 0.125 1 1 0.125 0.875 1 0.5 0.5 0.125 0.375 0.5 1 
Int: 10 | 0 1 0 1 1 1 0 1 0 0 1 0 1 1 1 1 0 1 1 0 1 1 0 1 1 1 0 0 0 1 1 
BDS: 13 | 0 1 0 1 0 1 1 1 0 1 0 1 1 1 1 1 1 0 1 0 1 1 1 1 1 1 1 0 0 1 1 

