18 28

10 16
9 17
8 16
8 13
7 17
7 14
7 12
6 15
6 14
6 12
5 16
5 15
5 11
4 16
4 13
4 11
3 17
3 15
3 10
2 17
2 14
2 10
1 12
1 11
1 9
0 13
0 9
0 8
----------

32547: 8 16, 7 14, 6 12, 5 15, 4 13, 3 17, 2 10, 1 11, 0 9
Frc: 9.16667 | 0.333333 0.333333 1 0.5 0.333333 1 0.666667 0.666667 0.333333 1 0.333333 1 0.666667 0.666667 1 0.333333 1 0.333333 0.666667 0.333333 0.666667 1 0.333333 1 0.666667 0.5 1 0.5 
Int: 10 | 0 1 1 1 0 1 1 1 0 1 1 1 0 0 1 1 1 0 1 0 1 1 1 1 0 1 1 0 
BDS: 13 | 1 0 1 0 0 1 1 1 0 1 1 1 0 1 1 1 1 1 0 1 1 1 1 1 1 1 1 1 

