18 29

10 15
9 16
8 15
8 13
7 16
7 15
7 12
6 16
6 14
6 12
5 17
5 14
5 11
4 16
4 13
4 11
3 17
3 15
3 10
2 17
2 14
2 10
1 17
1 12
1 11
1 9
0 13
0 9
0 8
----------

37101: 8 15, 7 16, 6 12, 5 14, 4 13, 3 17, 2 10, 1 11, 0 9
Frc: 9.1875 | 0.375 0.3125 1 0.5 1 0.25 0.75 0.25 0.75 1 0.5625 1 0.4375 0.4375 1 0.5625 1 0.375 0.625 0.375 0.625 1 0.0625 0.25 1 0.6875 0.5 1 0.5 
Int: 11 | 1 0 1 1 1 1 0 1 0 1 1 1 0 0 1 1 1 1 0 0 1 1 0 1 1 1 1 1 0 
BDS: 13 | 1 0 1 1 1 1 0 1 0 1 1 1 0 1 1 1 1 1 0 0 1 1 1 1 1 1 1 1 0 

