18 30

10 17
10 13
9 16
8 15
8 14
7 17
7 16
7 12
6 16
6 13
6 12
5 17
5 14
5 11
4 17
4 16
4 13
4 11
3 15
3 14
3 10
2 15
2 14
2 10
1 12
1 11
1 9
0 15
0 9
0 8
----------

40152: 8 14, 7 16, 6 12, 5 17, 4 13, 3 10, 2 15, 1 11, 0 9
Frc: 9.16667 | 0.333333 0.333333 0.333333 0.166667 1 0.333333 1 0.666667 0.333333 0.666667 1 1 0.333333 0.666667 0.333333 0.333333 1 0.333333 0.666667 0.333333 1 1 0.666667 0.333333 0.333333 1 0.666667 0.166667 1 0.833333 
Int: 10 | 1 0 1 0 1 1 1 0 0 1 1 1 0 1 0 1 1 0 1 0 1 1 1 0 1 1 0 0 1 1 
BDS: 13 | 1 1 1 0 1 0 1 1 0 1 1 1 1 1 0 1 1 0 0 1 1 1 0 1 1 1 0 1 1 1 

42363: 8 14, 7 16, 6 12, 5 17, 4 13, 3 15, 2 10, 1 11, 0 9
Frc: 9.16667 | 0.333333 0.333333 0.333333 0.166667 1 0.333333 1 0.666667 0.333333 0.666667 1 1 0.333333 0.666667 0.333333 0.333333 1 0.333333 1 0.666667 0.333333 0.666667 0.333333 1 0.333333 1 0.666667 0.166667 1 0.833333 
Int: 10 | 0 1 1 0 1 1 1 0 0 1 1 1 0 1 0 1 1 0 1 1 0 1 0 1 1 1 0 0 1 1 
BDS: 13 | 1 1 1 0 1 0 1 1 0 1 1 1 1 1 0 1 1 0 1 0 1 0 1 1 1 1 0 1 1 1 

