18 30

13 17
11 14
10 13
9 16
8 17
8 14
7 17
7 16
7 12
6 16
6 15
6 12
5 16
5 15
5 11
4 14
4 13
4 11
3 17
3 15
3 10
2 14
2 13
2 10
1 12
1 11
1 9
0 15
0 9
0 8
----------

38651: 8 17, 7 16, 6 12, 5 15, 4 13, 3 10, 2 14, 1 11, 0 9
Frc: 9.25 | 0.25 0.125 0.375 0.25 1 0.25 0.25 1 0.75 0.25 0.75 1 0.5 1 0.5 0.625 1 0.375 0.5 0.5 1 1 0.375 0.625 0.25 1 0.75 0.25 1 0.75 
Int: 10 | 1 0 0 1 1 0 0 1 1 1 0 1 0 1 1 1 1 0 0 1 1 1 0 1 1 1 0 0 1 1 
BDS: 13 | 1 1 1 1 1 1 0 1 1 0 1 1 1 1 0 0 1 1 0 1 1 1 1 0 1 1 0 0 1 1 

