18 28

10 16
9 17
8 15
8 12
7 17
7 16
7 15
6 16
6 14
6 13
5 16
5 13
5 11
4 13
4 12
4 11
3 17
3 15
3 10
2 17
2 14
2 10
1 12
1 11
1 9
0 14
0 9
0 8
----------

24206: 8 12, 7 15, 6 13, 5 16, 4 11, 3 17, 2 10, 1 9, 0 14
Frc: 9.16667 | 0.166667 0.166667 0.833333 1 0.666667 0.333333 1 0.5 0.5 1 1 0.5 0.5 0.5 0.5 1 1 0.166667 0.833333 0.166667 0.833333 1 0.5 0.5 1 1 0.833333 0.166667 
Int: 10 | 0 1 0 1 0 1 1 0 1 1 1 0 1 1 0 1 1 1 1 0 1 1 1 0 1 1 0 1 
BDS: 13 | 0 1 0 1 0 1 1 1 1 1 1 0 1 1 1 1 1 1 1 0 1 1 1 0 1 1 1 1 

