18 30

10 16
9 17
8 15
8 12
7 15
7 14
7 13
6 15
6 14
6 12
5 16
5 14
5 11
4 17
4 16
4 12
4 11
3 16
3 13
3 10
2 15
2 13
2 10
1 17
1 14
1 11
1 9
0 17
0 9
0 8
----------

42639: 8 12, 7 15, 6 14, 5 16, 4 17, 3 13, 2 10, 1 11, 0 9
Frc: 9.16667 | 0.5 0.583333 0.0833333 1 1 0.5 0.5 0.416667 1 0.583333 1 0.25 0.75 1 0.333333 0.416667 0.25 0.5 1 0.5 0.5 0.5 1 0.333333 0.25 1 0.416667 0.0833333 1 0.916667 
Int: 10 | 1 1 0 1 1 0 1 0 1 1 1 0 1 1 1 0 0 1 1 0 1 0 1 0 1 1 0 0 1 1 
BDS: 13 | 1 1 1 1 1 1 0 0 1 1 1 1 1 1 1 1 0 1 1 0 0 1 1 0 0 1 1 1 1 0 

