18 31

9 17
8 17
8 15
8 14
8 12
7 17
7 16
7 15
7 11
6 17
6 15
6 13
6 11
5 15
5 12
5 11
4 16
4 13
4 10
3 14
3 13
3 10
2 16
2 12
2 10
1 16
1 14
1 9
0 14
0 13
0 9
----------

65680: 8 12, 7 17, 6 11, 5 15, 4 16, 3 13, 2 10, 1 14, 0 9
Frc: 9.25 | 0.25 0.25 0.5 0.25 1 1 0.5 0.25 0.25 0.5 0.25 0.25 1 1 0.25 0.75 1 0.5 0.5 0.5 1 0.5 0.25 0.75 1 0.25 1 0.75 0.25 0.75 1 
Int: 10 | 0 0 1 1 1 1 1 0 0 1 0 0 1 1 0 1 1 1 0 0 1 1 0 1 1 0 1 1 0 1 1 
BDS: 13 | 1 0 0 1 1 1 0 1 0 0 0 1 1 1 1 1 1 1 1 1 1 0 0 1 1 1 1 1 0 1 1 

