18 31

10 14
9 16
8 16
8 12
7 16
7 15
7 12
6 17
6 14
6 13
6 12
5 15
5 13
5 11
4 14
4 13
4 11
3 17
3 15
3 14
3 10
2 17
2 16
2 13
2 10
1 15
1 11
1 9
0 17
0 9
0 8
----------

47967: 8 12, 7 16, 6 14, 5 13, 4 11, 3 10, 2 17, 1 15, 0 9
Frc: 9.16667 | 0.5 0.333333 0.333333 1 1 0.333333 0.666667 0.166667 1 0.5 0.333333 0.333333 1 0.666667 0.666667 0.333333 1 0.5 0.333333 0.166667 1 1 0.333333 0.166667 0.5 1 0.333333 0.666667 0.333333 1 0.666667 
Int: 10 | 0 0 1 1 1 1 0 0 1 1 1 0 1 1 1 0 1 0 0 1 1 1 0 0 1 1 0 1 1 1 0 
BDS: 13 | 1 0 1 1 1 1 0 0 1 1 1 0 1 1 1 0 1 0 0 1 1 1 0 0 1 1 1 1 1 1 1 

