18 32

10 17
9 14
8 16
8 15
8 12
7 17
7 15
7 14
7 11
6 17
6 13
6 11
5 15
5 13
5 11
4 16
4 14
4 10
3 16
3 12
3 10
2 15
2 12
2 10
1 17
1 16
1 13
1 9
0 14
0 13
0 12
0 9
----------

60076: 8 15, 7 14, 6 17, 5 11, 4 16, 3 12, 2 10, 1 9, 0 13
Frc: 9.25 | 0.0833333 0.166667 0.416667 1 0.583333 0.333333 0.25 1 0.416667 1 0.416667 0.583333 0.583333 0.416667 1 1 0.75 0.25 0.333333 1 0.666667 0.666667 0.333333 1 0.583333 0.25 0.166667 1 0.0833333 1 0.0833333 0.833333 
Int: 10 | 0 0 0 1 1 1 0 1 0 1 0 1 0 1 1 1 1 1 1 1 0 1 0 1 0 1 0 1 0 1 0 1 
BDS: 13 | 0 1 0 1 1 1 0 1 0 1 0 1 1 0 1 1 1 1 0 1 1 1 0 1 1 1 1 1 1 1 0 0 

