18 32

11 17
9 15
8 16
8 15
8 12
7 16
7 15
7 11
6 16
6 13
6 11
5 15
5 12
5 11
4 17
4 14
4 10
3 17
3 13
3 12
3 10
2 14
2 13
2 12
2 10
1 17
1 16
1 14
1 9
0 14
0 13
0 9
----------

58052: 8 12, 7 15, 6 16, 5 11, 4 17, 3 13, 2 10, 1 9, 0 14
Frc: 9.23529 | 0.0588235 0.176471 0.470588 0.529412 1 0.294118 1 0.705882 1 0.764706 0.235294 0.294118 0.705882 1 1 0.411765 0.588235 0.352941 1 0.235294 0.411765 0.411765 0.0588235 0.529412 1 0.588235 0.235294 0.176471 1 1 0.176471 0.823529 
Int: 10 | 1 0 0 1 1 0 1 1 1 1 0 1 0 1 1 0 1 0 1 1 0 1 0 0 1 0 1 0 1 1 0 1 
BDS: 13 | 0 1 0 1 1 0 1 1 1 1 1 0 1 1 1 0 1 1 1 0 0 0 0 1 1 1 1 1 1 1 1 0 

