18 32

9 12
8 14
8 13
8 12
7 16
7 15
7 11
6 16
6 13
6 11
5 15
5 13
5 11
4 17
4 16
4 15
4 10
3 17
3 16
3 14
3 10
2 14
2 12
2 10
1 17
1 15
1 13
1 9
0 17
0 14
0 12
0 9
----------

57497: 8 14, 7 11, 6 16, 5 13, 4 15, 3 10, 2 12, 1 9, 0 17
Frc: 9.27273 | 0.272727 1 0.454545 0.545455 0.636364 0.363636 1 1 0.636364 0.363636 0.363636 1 0.636364 0.272727 0.272727 1 0.454545 0.454545 0.0909091 0.454545 1 0.454545 1 0.545455 0.272727 0.272727 0.454545 1 1 0.0909091 0.181818 0.727273 
Int: 10 | 0 1 0 1 0 1 1 1 1 0 0 1 1 1 0 1 0 0 1 0 1 0 1 1 0 0 1 1 1 1 0 1 
BDS: 13 | 1 1 0 1 1 0 1 1 1 0 0 1 1 0 1 1 1 0 0 1 1 0 1 1 1 1 1 1 1 0 1 0 

