18 30

12 17
10 14
9 16
8 16
8 15
7 17
7 16
7 15
6 17
6 16
6 13
5 15
5 13
5 11
4 17
4 15
4 13
4 11
3 14
3 12
3 10
2 12
2 11
2 10
1 14
1 12
1 9
0 14
0 9
0 8
----------

42366: 8 15, 7 17, 6 16, 5 11, 4 13, 3 14, 2 10, 1 12, 0 9
Frc: 9.16667 | 0.166667 0.666667 0.166667 0.166667 1 1 0.666667 0.333333 0.333333 1 0.666667 0.333333 0.666667 1 0.5 0.333333 1 0.166667 1 0.666667 0.333333 0.166667 0.833333 1 0.166667 1 0.833333 0.166667 1 0.833333 
Int: 10 | 1 0 0 0 1 1 1 0 0 1 1 0 1 1 0 1 1 0 1 0 1 0 1 1 1 1 1 0 1 1 
BDS: 13 | 0 1 1 0 1 1 1 0 0 1 1 1 1 1 1 0 1 1 1 1 0 1 0 1 0 1 1 1 1 1 

