18 29

10 16
9 16
8 16
8 15
7 17
7 14
7 13
6 15
6 14
6 13
5 17
5 14
5 11
4 15
4 13
4 11
3 16
3 12
3 10
2 17
2 12
2 11
2 10
1 17
1 12
1 9
0 15
0 9
0 8
----------

36007: 8 16, 7 14, 6 15, 5 11, 4 13, 3 12, 2 10, 1 17, 0 9
Frc: 9.24324 | 0.378378 0.243243 1 0.243243 0.486486 1 0.513514 1 0.513514 0.486486 0.459459 0.540541 1 0.513514 1 0.486486 0.378378 1 0.621622 0.0540541 0.378378 0.567568 1 1 0.621622 0.756757 0.243243 1 0.756757 
Int: 11 | 1 1 0 1 1 1 0 1 0 1 0 1 1 0 1 1 1 1 0 0 0 1 1 1 1 0 0 1 1 
BDS: 13 | 1 0 1 1 0 1 1 1 1 0 1 1 1 1 1 1 1 1 0 0 1 0 1 1 1 1 1 1 0 

