18 30

12 17
10 17
10 16
9 16
8 16
8 14
7 17
7 15
7 14
6 15
6 14
6 13
5 15
5 13
5 11
4 13
4 12
4 11
3 16
3 15
3 10
2 12
2 11
2 10
1 17
1 12
1 9
0 14
0 9
0 8
----------

38476: 8 16, 7 15, 6 14, 5 11, 4 13, 3 10, 2 12, 1 17, 0 9
Frc: 9.16667 | 0.333333 0.333333 0.166667 0.166667 1 0.166667 0.333333 1 0.666667 0.5 1 0.5 0.5 0.5 1 1 0.5 0.5 0.666667 0.333333 1 1 0.5 0.5 1 0.166667 0.833333 0.166667 1 0.833333 
Int: 10 | 0 0 0 0 1 0 1 1 0 0 1 1 1 0 1 1 1 1 1 0 1 1 0 1 1 0 1 1 1 1 
BDS: 13 | 0 1 0 1 1 1 0 1 1 0 1 1 1 1 1 1 1 0 0 1 1 1 1 1 1 0 1 1 1 0 

