18 29

12 17
10 17
9 15
8 17
8 14
7 16
7 15
7 14
6 16
6 15
6 13
5 16
5 14
5 11
4 13
4 12
4 11
3 16
3 13
3 10
2 12
2 11
2 10
1 15
1 12
1 9
0 17
0 9
0 8
----------

36801: 8 17, 7 15, 6 16, 5 14, 4 11, 3 13, 2 10, 1 12, 0 9
Frc: 9.125 | 0.125 0.375 0.125 1 0.5 0.25 1 0.75 1 0.75 0.25 0.375 1 0.625 0.75 0.25 1 0.375 1 0.625 0.625 0.375 1 0.125 1 0.875 0.5 1 0.5 
Int: 10 | 0 0 0 1 1 0 1 1 1 1 0 1 1 1 1 0 1 0 1 1 1 0 1 0 1 1 1 1 0 
BDS: 13 | 0 1 1 1 1 0 1 1 1 1 0 1 1 1 1 1 1 1 1 0 1 0 1 1 1 0 1 1 0 

