18 29

10 15
9 16
8 17
8 14
7 17
7 15
7 13
6 16
6 14
6 13
5 16
5 13
5 11
4 16
4 12
4 11
3 15
3 12
3 10
2 17
2 12
2 11
2 10
1 15
1 14
1 9
0 17
0 9
0 8
----------

36822: 8 17, 7 15, 6 13, 5 16, 4 11, 3 12, 2 10, 1 14, 0 9
Frc: 9 | 0.333333 0.333333 1 0.333333 0.333333 1 0.666667 0.333333 0.666667 1 1 0.333333 0.666667 0.333333 0.666667 1 0.333333 1 0.666667 0.333333 0.333333 0.333333 1 0.333333 1 0.666667 0.333333 1 0.666667 
Int: 10 | 1 1 1 0 0 1 1 0 1 1 1 0 1 0 1 1 0 1 1 1 0 0 1 0 1 1 0 1 1 
BDS: 13 | 1 1 1 1 1 1 1 1 0 1 1 1 0 1 1 1 1 1 0 0 0 1 1 1 1 0 0 1 1 

