18 28

10 16
9 16
8 17
8 15
7 16
7 15
7 13
6 17
6 14
6 13
5 17
5 15
5 11
4 13
4 12
4 11
3 16
3 12
3 10
2 12
2 11
2 10
1 17
1 14
1 9
0 14
0 9
0 8
----------

32379: 8 15, 7 16, 6 13, 5 17, 4 11, 3 12, 2 10, 1 14, 0 9
Frc: 9.16667 | 0.5 0.333333 0.333333 1 1 0.5 0.5 0.333333 0.666667 1 1 0.5 0.5 0.5 0.5 1 0.5 1 0.5 0.5 0.5 1 0.333333 1 0.666667 0.333333 1 0.666667 
Int: 10 | 1 1 0 1 1 0 1 0 1 1 1 1 0 0 1 1 1 1 0 0 1 1 1 1 0 0 1 1 
BDS: 13 | 1 1 0 1 1 1 1 1 0 1 1 0 1 1 0 1 1 1 0 1 1 1 1 1 0 1 1 1 

