18 28

10 14
9 17
8 17
8 16
7 16
7 15
7 14
6 17
6 16
6 13
5 17
5 14
5 11
4 13
4 12
4 11
3 13
3 12
3 10
2 12
2 11
2 10
1 16
1 15
1 9
0 15
0 9
0 8
----------

29883: 8 17, 7 14, 6 16, 5 11, 4 13, 3 10, 2 12, 1 15, 0 9
Frc: 9.16667 | 0.5 0.333333 1 0.333333 0.333333 0.666667 1 0.5 1 0.5 0.5 0.5 1 1 0.5 0.5 0.5 0.5 1 1 0.5 0.5 0.333333 1 0.666667 0.333333 1 0.666667 
Int: 10 | 1 0 0 1 0 1 1 1 1 0 1 0 1 1 1 0 1 0 1 1 1 0 0 1 1 0 1 1 
BDS: 13 | 1 1 1 1 0 1 1 1 1 0 1 1 1 1 0 1 1 1 1 1 1 0 1 1 0 1 1 0 

