18 30

13 17
10 14
9 15
8 16
8 15
7 16
7 15
7 14
6 17
6 16
6 13
5 16
5 13
5 11
4 17
4 13
4 12
4 11
3 14
3 12
3 10
2 12
2 11
2 10
1 17
1 15
1 9
0 14
0 9
0 8
----------

41200: 8 15, 7 14, 6 13, 5 16, 4 11, 3 12, 2 10, 1 17, 0 9
Frc: 9.08333 | 0.25 0.5 0.166667 0.166667 1 0.333333 0.666667 1 0.5 0.5 1 1 0.5 0.5 0.25 0.25 0.5 1 0.5 1 0.5 0.5 0.5 1 1 0.166667 0.833333 0.166667 1 0.833333 
Int: 10 | 1 1 0 0 1 0 1 1 0 1 1 1 0 1 0 0 1 1 0 1 1 0 1 1 1 0 1 0 1 1 
BDS: 13 | 0 1 1 1 1 1 0 1 0 1 1 1 0 1 1 1 1 1 1 1 0 0 1 1 1 0 1 1 1 0 

