18 30

13 17
10 14
9 15
8 16
8 15
7 17
7 16
7 15
6 17
6 16
6 13
5 16
5 13
5 11
4 13
4 12
4 11
3 14
3 12
3 10
2 17
2 12
2 11
2 10
1 15
1 14
1 9
0 14
0 9
0 8
----------

41299: 8 15, 7 17, 6 13, 5 16, 4 11, 3 12, 2 10, 1 14, 0 9
Frc: 9.06667 | 0.333333 0.466667 0.0666667 0.2 1 1 0.133333 0.866667 0.333333 0.666667 1 1 0.333333 0.666667 0.333333 0.666667 1 0.466667 1 0.533333 0.333333 0.333333 0.333333 1 0.0666667 1 0.933333 0.0666667 1 0.933333 
Int: 10 | 1 1 0 0 1 1 0 1 0 1 1 1 0 1 0 1 1 1 1 0 1 0 0 1 0 1 1 0 1 1 
BDS: 13 | 0 1 1 1 1 1 0 1 0 1 1 1 0 1 1 1 1 1 1 0 1 0 1 1 1 1 0 1 1 0 

