18 30

10 14
9 17
8 17
8 16
7 16
7 14
7 13
6 15
6 14
6 13
5 16
5 13
5 11
4 17
4 15
4 12
4 11
3 17
3 16
3 12
3 10
2 12
2 11
2 10
1 15
1 14
1 9
0 15
0 9
0 8
----------

43694: 8 17, 7 16, 6 15, 5 13, 4 11, 3 12, 2 10, 1 14, 0 9
Frc: 9.25 | 0.5 0.375 1 0.375 1 0.5 0.5 1 0.5 0.5 0.5 1 0.5 0.25 0.25 0.5 1 0.375 0.125 1 0.5 0.5 0.5 1 0.375 1 0.625 0.375 1 0.625 
Int: 10 | 1 0 1 1 1 0 1 1 1 0 0 1 1 0 1 0 1 1 0 1 0 1 0 1 0 1 1 1 1 0 
BDS: 13 | 0 1 1 0 1 1 0 1 1 1 1 1 1 1 0 1 1 0 0 1 1 0 1 1 0 1 1 1 1 1 

