18 30

11 17
10 16
9 15
8 15
8 14
7 16
7 15
7 14
6 16
6 15
6 13
5 14
5 13
5 11
4 17
4 13
4 12
4 11
3 17
3 12
3 10
2 12
2 11
2 10
1 17
1 16
1 9
0 14
0 9
0 8
----------

39523: 8 15, 7 16, 6 13, 5 14, 4 12, 3 10, 2 11, 1 17, 0 9
Frc: 9 | 0.25 0.5 0.125 1 0.125 1 0.25 0.75 0.375 0.625 1 1 0.75 0.25 0.25 0.25 1 0.5 0.5 0.5 1 0.5 1 0.5 1 0.125 0.875 0.125 1 0.875 
Int: 9 | 0 1 0 1 0 1 0 1 0 1 1 1 0 1 0 1 1 0 1 0 1 1 1 0 1 0 1 0 1 1 
BDS: 13 | 0 1 1 1 1 1 0 1 0 1 1 1 0 1 0 1 1 1 1 1 1 0 1 1 1 0 1 1 1 0 

