18 29

13 17
10 13
9 17
8 16
8 14
7 17
7 15
7 14
6 16
6 15
6 13
5 16
5 15
5 11
4 15
4 12
4 11
3 17
3 12
3 10
2 12
2 11
2 10
1 14
1 13
1 9
0 16
0 9
0 8
----------

34783: 8 14, 7 17, 6 15, 5 16, 4 12, 3 10, 2 11, 1 13, 0 9
Frc: 9.16667 | 0.166667 0.5 0.333333 0.166667 1 1 0.333333 0.666667 0.666667 1 0.333333 1 0.333333 0.666667 0.333333 1 0.666667 0.5 0.5 1 0.5 1 0.5 0.333333 1 0.666667 0.166667 1 0.833333 
Int: 10 | 0 0 0 1 1 1 0 1 0 1 1 1 0 1 1 1 0 1 0 1 1 1 1 0 1 1 0 1 1 
BDS: 13 | 1 0 0 1 1 1 1 0 1 1 0 1 0 1 1 1 1 1 1 1 0 1 1 1 1 1 1 1 0 

