18 30

11 17
10 16
9 17
9 16
8 17
8 13
7 15
7 14
7 13
6 15
6 14
6 13
5 17
5 12
5 11
4 15
4 12
4 11
3 16
3 14
3 10
2 15
2 11
2 10
1 16
1 12
1 9
0 14
0 9
0 8
----------

38183: 8 17, 7 13, 6 14, 5 11, 4 12, 3 10, 2 15, 1 16, 0 9
Frc: 9.25 | 0.25 0.25 0.25 0.25 1 0.25 0.75 0.25 1 0.25 1 0.75 0.5 0.5 1 0.5 1 0.5 0.5 0.5 1 1 0.25 0.75 1 0.5 0.5 0.25 1 0.75 
Int: 10 | 0 1 0 0 1 0 1 0 1 0 1 1 1 1 1 0 1 1 0 1 1 1 1 0 1 0 1 0 1 1 
BDS: 13 | 0 1 1 0 1 1 1 0 1 0 1 1 1 1 1 1 1 1 0 1 1 1 0 1 1 0 1 1 1 0 

38203: 8 17, 7 14, 6 13, 5 11, 4 12, 3 10, 2 15, 1 16, 0 9
Frc: 9.25 | 0.25 0.25 0.25 0.25 1 0.25 0.25 1 0.75 0.75 0.25 1 0.5 0.5 1 0.5 1 0.5 0.5 0.5 1 1 0.25 0.75 1 0.5 0.5 0.25 1 0.75 
Int: 10 | 0 0 0 1 1 0 0 1 1 1 0 1 1 0 1 0 1 1 1 0 1 1 0 1 1 1 0 1 1 1 
BDS: 13 | 0 1 1 0 1 1 0 1 1 1 0 1 1 1 1 1 1 1 0 1 1 1 0 1 1 0 1 1 1 0 

