18 31

10 15
9 16
8 16
8 14
7 16
7 14
7 13
6 15
6 14
6 13
5 17
5 14
5 12
5 11
4 17
4 13
4 12
4 11
3 17
3 15
3 10
2 17
2 16
2 11
2 10
1 15
1 12
1 9
0 13
0 9
0 8
----------

48755: 8 16, 7 13, 6 14, 5 11, 4 12, 3 17, 2 10, 1 15, 0 9
Frc: 9.25 | 0.25 0.25 1 0.25 0.5 0.5 1 0.5 1 0.5 0.5 0.25 0.25 1 0.25 0.25 1 0.5 1 0.25 0.75 0.25 0.25 0.5 1 1 0.75 0.75 0.25 1 0.75 
Int: 10 | 1 0 1 0 1 0 1 0 1 1 0 1 0 1 1 0 1 0 1 1 0 0 0 1 1 1 1 1 0 1 1 
BDS: 13 | 1 1 1 1 0 1 1 0 1 1 1 0 0 1 0 1 1 1 1 1 0 0 0 1 1 1 1 1 1 1 0 

49325: 8 16, 7 13, 6 14, 5 12, 4 11, 3 17, 2 10, 1 15, 0 9
Frc: 9.25 | 0.25 0.25 1 0.25 0.5 0.5 1 0.5 1 0.5 0.25 0.25 1 0.5 0.5 0.25 0.25 1 1 0.25 0.75 0.25 0.25 0.5 1 1 0.75 0.75 0.25 1 0.75 
Int: 10 | 1 0 1 0 1 0 1 0 1 1 0 1 1 0 1 0 1 1 1 1 0 0 0 1 1 1 0 1 0 1 1 
BDS: 13 | 1 1 1 1 0 1 1 0 1 1 0 0 1 1 1 1 0 1 1 1 0 0 0 1 1 1 1 1 1 1 0 

