18 31

10 13
9 17
8 17
8 16
7 16
7 15
7 13
6 16
6 14
6 13
5 17
5 16
5 12
5 11
4 14
4 13
4 12
4 11
3 15
3 14
3 10
2 14
2 11
2 10
1 17
1 15
1 12
1 9
0 15
0 9
0 8
----------

50083: 8 16, 7 15, 6 13, 5 17, 4 11, 3 14, 2 10, 1 12, 0 9
Frc: 9.04762 | 0.0952381 0.47619 0.47619 1 0.238095 1 0.761905 0.238095 0.761905 1 1 0.52381 0.285714 0.190476 0.142857 0.142857 0.714286 1 0.0952381 1 0.904762 0.0952381 0.904762 1 0.047619 0.428571 1 0.52381 0.47619 1 0.52381 
Int: 10 | 0 0 0 1 0 1 1 0 1 1 1 1 0 0 0 0 1 1 0 1 1 0 1 1 1 1 1 1 0 1 1 
BDS: 13 | 1 0 0 1 0 1 1 1 0 1 1 1 1 1 1 0 0 1 0 1 1 0 1 1 1 1 1 1 0 1 1 

