18 29

10 16
9 16
8 16
8 15
7 17
7 14
7 13
6 17
6 15
6 12
5 16
5 15
5 11
4 17
4 14
4 11
3 14
3 13
3 10
2 17
2 12
2 11
2 10
1 13
1 12
1 9
0 15
0 9
0 8
----------

36708: 8 16, 7 14, 6 17, 5 15, 4 11, 3 13, 2 10, 1 12, 0 9
Frc: 9 | 0.333333 0.333333 1 0.333333 0.333333 1 0.666667 1 0.333333 0.666667 0.333333 1 0.666667 0.333333 0.666667 1 0.333333 1 0.666667 0.333333 0.333333 0.333333 1 0.333333 1 0.666667 0.333333 1 0.666667 
Int: 10 | 0 1 1 1 0 1 1 1 0 1 0 1 1 0 1 1 0 1 1 1 0 0 1 0 1 1 0 1 1 
BDS: 13 | 1 1 1 1 0 1 1 1 1 1 1 1 0 0 1 1 0 1 1 1 0 1 1 1 1 0 1 1 0 

