18 30

12 17
10 17
10 16
9 16
8 17
8 15
7 16
7 14
7 13
6 15
6 14
6 12
5 16
5 13
5 11
4 14
4 13
4 11
3 17
3 14
3 10
2 12
2 11
2 10
1 15
1 12
1 9
0 15
0 9
0 8
----------

41397: 8 17, 7 16, 6 12, 5 11, 4 13, 3 14, 2 10, 1 15, 0 9
Frc: 9.16667 | 0.166667 0.333333 0.166667 0.333333 1 0.166667 1 0.5 0.5 0.666667 0.333333 1 0.5 0.5 1 0.5 1 0.5 0.5 1 0.5 0.5 0.5 1 1 0.333333 0.666667 0.166667 1 0.833333 
Int: 10 | 0 1 0 0 1 0 1 0 1 1 0 1 1 0 1 1 1 0 0 1 1 1 1 1 1 0 1 0 1 1 
BDS: 13 | 1 0 0 1 1 1 1 1 0 0 1 1 1 1 1 1 1 0 0 1 1 1 1 1 1 1 0 0 1 1 

