18 29

10 16
9 16
8 16
8 14
7 17
7 15
7 13
6 15
6 14
6 12
5 17
5 13
5 11
4 15
4 13
4 11
3 17
3 14
3 10
2 17
2 12
2 11
2 10
1 16
1 12
1 9
0 15
0 9
0 8
----------

36627: 8 16, 7 13, 6 14, 5 11, 4 15, 3 17, 2 10, 1 12, 0 9
Frc: 9.09091 | 0.818182 0.0909091 1 0.181818 0.454545 0.545455 1 0.272727 1 0.727273 0.454545 0.545455 1 1 0.454545 0.545455 1 0.818182 0.181818 0.0909091 0.272727 0.636364 1 0.0909091 1 0.909091 0.181818 1 0.818182 
Int: 10 | 1 0 1 0 0 1 1 0 1 1 1 1 1 1 0 1 1 1 0 0 0 1 1 0 1 1 0 1 1 
BDS: 13 | 0 0 1 1 0 1 1 1 1 0 0 1 1 1 0 1 1 1 1 1 1 1 1 1 1 1 1 1 0 

