18 30

10 15
9 16
8 15
8 14
7 15
7 14
7 13
6 17
6 16
6 12
5 16
5 14
5 11
4 16
4 13
4 11
3 15
3 13
3 10
2 17
2 12
2 11
2 10
1 17
1 12
1 9
0 17
0 14
0 9
0 8
----------

44065: 8 15, 7 14, 6 17, 5 16, 4 11, 3 13, 2 10, 1 12, 0 9
Frc: 9.07143 | 0.214286 0.285714 1 0.428571 0.571429 1 0.428571 1 0.285714 0.714286 1 0.428571 0.571429 0.428571 0.571429 1 0.214286 1 0.785714 0.428571 0.285714 0.428571 1 0.285714 1 0.714286 0.285714 0.142857 1 0.571429 
Int: 10 | 0 0 1 0 1 1 0 1 1 0 1 1 1 0 1 1 0 1 1 0 1 0 1 1 1 1 0 0 1 1 
BDS: 13 | 1 0 1 1 1 1 0 1 1 0 1 1 0 1 1 1 1 1 0 0 1 1 1 1 1 1 0 1 1 0 

