18 30

10 16
9 17
9 16
8 17
8 14
7 15
7 14
7 13
6 17
6 15
6 12
5 15
5 14
5 11
4 14
4 13
4 11
3 16
3 13
3 10
2 17
2 12
2 11
2 10
1 16
1 12
1 9
0 15
0 9
0 8
----------

41352: 8 17, 7 13, 6 15, 5 14, 4 11, 3 16, 2 10, 1 12, 0 9
Frc: 9.16667 | 0.333333 0.333333 0.166667 1 0.333333 0.666667 0.333333 1 0.5 1 0.5 0.333333 1 0.666667 0.333333 0.666667 1 1 0.333333 0.666667 0.166667 0.5 0.333333 1 0.5 1 0.5 0.333333 1 0.666667 
Int: 10 | 0 1 0 1 1 1 0 1 0 1 1 0 1 1 0 1 1 1 0 1 1 0 0 1 1 1 0 1 1 0 
BDS: 13 | 0 0 1 1 0 0 1 1 0 1 1 0 1 1 1 0 1 1 1 1 1 1 1 1 1 1 0 1 1 1 

