18 29

12 17
10 15
9 16
8 15
8 13
7 16
7 15
7 13
6 17
6 14
6 12
5 17
5 14
5 11
4 16
4 14
4 11
3 16
3 15
3 10
2 12
2 11
2 10
1 13
1 12
1 9
0 17
0 9
0 8
----------

36467: 8 13, 7 15, 6 14, 5 17, 4 11, 3 16, 2 10, 1 12, 0 9
Frc: 9.09091 | 0.181818 0.363636 0.272727 0.272727 1 0.272727 1 0.727273 0.545455 1 0.454545 1 0.454545 0.545455 0.454545 0.545455 1 1 0.363636 0.636364 0.363636 0.636364 1 0.272727 1 0.727273 0.272727 1 0.727273 
Int: 10 | 0 0 1 1 1 1 1 0 0 1 1 1 1 0 1 0 1 1 0 1 0 1 1 1 1 0 1 1 0 
BDS: 13 | 0 1 1 1 1 0 1 1 1 1 0 1 0 1 0 1 1 1 1 0 1 1 1 1 1 1 1 1 0 

