18 29

12 17
10 13
9 15
8 16
8 13
7 17
7 15
7 14
6 16
6 13
6 12
5 17
5 14
5 11
4 15
4 14
4 11
3 16
3 15
3 10
2 12
2 11
2 10
1 17
1 12
1 9
0 16
0 9
0 8
----------

36625: 8 13, 7 14, 6 16, 5 17, 4 11, 3 15, 2 10, 1 12, 0 9
Frc: 9.16667 | 0.166667 0.333333 0.333333 0.333333 1 0.5 0.5 1 1 0.666667 0.333333 1 0.5 0.5 0.5 0.5 1 0.333333 1 0.666667 0.5 0.5 1 0.333333 1 0.666667 0.333333 1 0.666667 
Int: 10 | 1 0 0 0 1 0 1 1 1 1 0 1 1 0 1 0 1 1 1 1 0 1 1 0 1 1 0 1 1 
BDS: 13 | 1 1 1 1 1 0 1 1 1 1 0 1 1 1 1 0 1 1 1 0 1 0 1 0 1 1 1 1 0 

