18 30

10 17
9 10
8 17
8 15
8 14
7 17
7 14
7 13
6 16
6 15
6 12
5 17
5 16
5 13
5 11
4 16
4 12
4 11
3 16
3 15
3 10
2 15
2 12
2 10
1 14
1 13
1 9
0 14
0 11
0 9
----------

55463: 8 17, 7 14, 6 12, 5 16, 4 11, 3 15, 2 10, 1 13, 0 9
Frc: 9.25 | 0.125 0.125 1 0.25 0.75 0.125 1 0.875 0.5 0.5 1 0.75 1 0.125 0.125 0.25 0.75 1 0.25 1 0.75 0.25 0.75 1 0.125 1 0.875 0.125 0.875 1 
Int: 10 | 0 0 1 0 1 0 1 1 1 1 0 1 1 0 0 0 1 1 0 1 1 0 1 1 0 1 1 0 1 1 
BDS: 13 | 0 1 1 1 0 0 1 1 0 1 1 1 1 1 0 1 1 1 0 1 1 0 1 1 0 1 1 1 1 1 

