18 31

11 17
9 10
8 15
8 14
8 13
7 17
7 16
7 12
6 16
6 15
6 12
5 15
5 14
5 11
4 14
4 13
4 11
3 16
3 15
3 10
2 17
2 16
2 13
2 10
1 17
1 14
1 12
1 9
0 13
0 11
0 9
----------

48948: 8 15, 7 17, 6 12, 5 11, 4 14, 3 16, 2 10, 1 9, 0 13
Frc: 9.25 | 0.0833333 0.166667 1 0.5 0.5 1 0.416667 0.583333 0.416667 0.583333 1 0.75 0.25 1 1 0.25 0.75 1 0.166667 0.833333 0.583333 0.166667 0.25 1 0.333333 0.25 0.416667 1 1 0.166667 0.833333 
Int: 10 | 1 0 1 1 0 1 1 0 0 1 1 1 0 1 1 0 1 1 0 1 0 0 1 1 0 0 1 1 1 0 1 
BDS: 13 | 0 1 1 1 0 1 0 1 0 1 1 1 0 1 1 0 1 1 1 0 1 1 1 1 1 0 0 1 1 1 1 

