18 30

9 10
8 17
8 15
8 14
7 17
7 16
7 13
6 17
6 14
6 13
6 11
5 16
5 12
5 11
4 14
4 12
4 11
3 16
3 15
3 10
2 15
2 13
2 10
1 16
1 15
1 9
0 17
0 14
0 12
0 9
----------

55307: 8 17, 7 13, 6 14, 5 11, 4 12, 3 15, 2 10, 1 16, 0 9
Frc: 9.125 | 0.125 1 0.75 0.25 0.375 0.625 1 0.375 1 0.125 0.5 0.5 0.5 1 0.5 1 0.5 0.125 1 0.875 0.125 0.875 1 1 0.125 0.875 0.25 0.25 0.5 1 
Int: 10 | 0 1 1 0 0 1 1 1 1 0 1 0 1 1 1 1 0 0 1 1 0 1 1 1 0 1 0 1 0 1 
BDS: 13 | 1 1 0 1 1 0 1 1 1 0 1 1 1 1 1 1 0 1 1 0 1 1 1 1 0 1 1 0 0 1 

