18 30

9 10
8 17
8 15
8 14
7 16
7 14
7 13
6 17
6 16
6 13
6 11
5 17
5 12
5 11
4 14
4 12
4 11
3 16
3 15
3 10
2 15
2 13
2 10
1 16
1 15
1 9
0 17
0 14
0 12
0 9
----------

54876: 8 14, 7 13, 6 11, 5 17, 4 12, 3 15, 2 10, 1 16, 0 9
Frc: 9.08333 | 0.0833333 0.166667 0.833333 1 0.666667 0.333333 1 0.5 0.25 0.25 1 1 0.5 0.5 0.5 1 0.5 0.0833333 1 0.916667 0.0833333 0.916667 1 1 0.0833333 0.916667 0.333333 0.166667 0.5 1 
Int: 10 | 0 0 1 1 1 0 1 0 1 0 1 1 1 0 0 1 1 0 1 1 0 1 1 1 0 1 1 1 0 1 
BDS: 13 | 1 1 0 1 0 1 1 1 1 0 1 1 1 0 1 1 1 1 1 0 1 1 1 1 0 1 0 1 0 1 

