18 30

10 17
9 10
8 17
8 15
8 14
7 16
7 13
7 12
6 16
6 14
6 11
5 17
5 15
5 13
5 11
4 16
4 12
4 11
3 16
3 15
3 10
2 15
2 14
2 10
1 17
1 13
1 9
0 14
0 12
0 9
----------

41959: 8 14, 7 13, 6 11, 5 17, 4 16, 3 15, 2 10, 1 9, 0 12
Frc: 9.27273 | 0.0909091 0.181818 0.454545 0.545455 1 0.363636 1 0.636364 0.363636 0.636364 1 1 0.181818 0.454545 0.363636 1 0.363636 0.636364 0.272727 1 0.727273 0.272727 0.727273 1 0.454545 0.545455 1 0.181818 1 0.818182 
Int: 10 | 1 0 1 0 1 0 1 1 0 1 1 1 0 1 0 1 0 1 1 1 0 1 0 1 1 0 1 0 1 1 
BDS: 13 | 0 1 1 1 1 0 1 1 1 1 1 1 0 1 0 1 1 1 0 1 1 0 1 1 0 1 1 1 1 0 

