18 31

9 10
8 15
8 14
8 13
7 17
7 16
7 12
6 17
6 16
6 15
6 11
5 15
5 13
5 11
4 13
4 12
4 11
3 17
3 15
3 14
3 10
2 14
2 13
2 10
1 16
1 14
1 9
0 17
0 16
0 12
0 9
----------

65873: 8 13, 7 12, 6 17, 5 15, 4 11, 3 14, 2 10, 1 16, 0 9
Frc: 9.25 | 0.25 0.5 0.5 1 0.5 0.5 1 1 0.25 0.375 0.375 1 0.375 0.625 0.375 0.625 1 0.125 0.125 1 0.75 0.25 0.75 1 1 0.25 0.75 0.375 0.25 0.375 1 
Int: 10 | 1 1 0 1 0 1 1 1 0 0 1 1 0 1 1 0 1 1 0 1 0 0 1 1 1 1 0 0 0 1 1 
BDS: 13 | 1 1 1 1 0 1 1 1 1 0 1 1 0 1 1 0 1 1 0 1 1 0 1 1 1 1 0 0 0 1 1 

