18 30

9 10
8 15
8 14
8 12
7 17
7 16
7 13
7 12
6 17
6 13
6 11
5 16
5 13
5 11
4 17
4 15
4 12
4 11
3 16
3 15
3 10
2 17
2 14
2 10
1 16
1 14
1 9
0 15
0 14
0 9
----------

52779: 8 15, 7 12, 6 17, 5 13, 4 11, 3 10, 2 14, 1 16, 0 9
Frc: 9.16667 | 0.166667 1 0.166667 0.833333 0.333333 0.166667 0.5 1 1 0.5 0.5 0.5 1 0.5 0.5 0.333333 0.166667 1 0.333333 0.666667 1 0.166667 1 0.833333 1 0.166667 0.833333 0.333333 0.666667 1 
Int: 10 | 0 1 1 1 1 0 0 1 1 1 0 0 1 1 0 1 0 1 1 0 1 0 1 1 1 0 1 1 0 1 
BDS: 13 | 1 1 1 1 0 1 0 1 1 1 0 1 1 1 1 1 0 1 1 0 1 0 1 1 1 1 0 1 0 1 

55913: 8 15, 7 12, 6 17, 5 13, 4 11, 3 16, 2 10, 1 14, 0 9
Frc: 9.125 | 0.125 1 0.25 0.75 0.125 0.375 0.5 1 1 0.5 0.5 0.5 1 0.5 0.5 0.25 0.25 1 1 0.125 0.875 0.375 0.625 1 0.125 1 0.875 0.875 0.125 1 
Int: 10 | 0 1 0 1 0 0 1 1 1 0 1 1 1 0 0 1 0 1 1 0 1 1 1 1 0 1 1 1 0 1 
BDS: 13 | 1 1 1 1 0 1 0 1 1 1 0 1 1 1 1 1 0 1 1 1 0 1 0 1 0 1 1 1 0 1 

