18 31

9 14
8 17
8 15
8 14
7 17
7 16
7 15
7 13
6 16
6 14
6 13
5 15
5 14
5 13
4 17
4 15
4 12
4 11
3 16
3 12
3 10
2 16
2 11
2 9
1 12
1 10
1 9
0 17
0 11
0 10
0 9
----------

42163: 8 14, 7 17, 6 13, 5 15, 4 12, 3 16, 2 9, 1 10, 0 11
Frc: 9.16667 | 0.166667 0.416667 0.583333 1 1 0.416667 0.166667 0.416667 0.583333 0.416667 1 1 0.416667 0.583333 0.416667 0.25 1 0.333333 1 0.5 0.5 0.333333 0.666667 1 0.5 1 0.5 0.166667 1 0.5 0.333333 
Int: 10 | 1 1 0 1 1 0 1 0 1 0 1 1 0 1 0 0 1 1 1 0 1 0 1 1 1 1 0 1 1 0 0 
BDS: 13 | 1 1 1 1 1 1 0 0 1 0 1 1 0 1 1 0 1 1 1 0 1 1 0 1 1 1 1 0 1 0 1 

