18 27

8 17
8 16
8 15
7 17
7 16
7 14
6 17
6 15
6 13
5 15
5 14
5 12
4 16
4 13
4 11
3 14
3 13
3 10
2 12
2 11
2 9
1 12
1 10
1 9
0 11
0 10
0 9
----------

19707: 8 15, 7 16, 6 17, 5 12, 4 13, 3 14, 2 9, 1 10, 0 11
Frc: 9 | 0.5 0.5 1 0.5 1 0.5 1 0.5 0.5 0.5 0.5 1 0.5 1 0.5 1 0.5 0.5 0.5 0.5 1 0.5 1 0.5 1 0.5 0.5 
Int: 10 | 0 1 1 1 1 1 1 0 1 1 0 1 0 1 1 1 0 1 1 0 1 1 1 0 1 0 1 
BDS: 13 | 0 1 1 1 1 1 1 1 1 1 0 1 1 1 1 1 0 1 1 0 1 1 1 0 1 1 1 

33772: 8 17, 7 16, 6 15, 5 14, 4 13, 3 10, 2 11, 1 12, 0 9
Frc: 9 | 1 0.5 0.5 0.5 1 0.5 0.5 1 0.5 0.5 1 0.5 0.5 1 0.5 0.5 0.5 1 0.5 1 0.5 1 0.5 0.5 0.5 0.5 1 
Int: 10 | 1 1 0 0 1 1 1 1 1 1 1 0 0 1 1 1 0 1 1 1 0 1 0 1 0 1 1 
BDS: 13 | 1 1 0 1 1 1 1 1 0 1 1 1 1 1 1 0 1 1 1 1 1 1 1 0 0 1 1 

35336: 8 17, 7 16, 6 13, 5 15, 4 11, 3 14, 2 12, 1 10, 0 9
Frc: 9 | 1 0.5 0.5 0.5 1 0.5 0.5 0.5 1 1 0.5 0.5 0.5 0.5 1 1 0.5 0.5 1 0.5 0.5 0.5 1 0.5 0.5 0.5 1 
Int: 10 | 1 0 1 0 1 1 1 0 1 1 0 1 1 0 1 1 1 0 1 0 1 0 1 1 1 1 1 
BDS: 13 | 1 1 1 1 1 1 1 0 1 1 0 1 0 1 1 1 1 1 1 1 1 1 1 0 0 1 1 

