18 31

9 15
8 16
8 15
8 14
7 16
7 15
7 13
6 15
6 14
6 13
5 17
5 16
5 12
4 17
4 14
4 13
4 11
3 17
3 16
3 12
3 10
2 17
2 11
2 9
1 12
1 10
1 9
0 14
0 11
0 10
0 9
----------

42164: 8 16, 7 13, 6 15, 5 17, 4 14, 3 12, 2 9, 1 10, 0 11
Frc: 9.25 | 0.25 1 0.5 0.5 0.75 0.25 1 1 0.25 0.75 1 0.5 0.5 0.5 1 0.25 0.25 0.25 0.25 1 0.5 0.25 0.75 1 0.5 1 0.5 0.25 1 0.5 0.25 
Int: 10 | 1 1 0 1 1 0 1 1 0 1 1 1 0 1 1 0 0 0 1 1 0 0 1 1 1 1 0 0 1 1 0 
BDS: 13 | 0 1 1 0 1 0 1 1 0 1 1 0 1 1 1 1 1 0 1 1 0 1 0 1 1 1 0 1 1 1 1 

