18 31

10 17
8 16
8 15
8 14
7 16
7 15
7 13
6 16
6 14
6 12
5 16
5 13
5 12
4 15
4 13
4 11
3 17
3 14
3 12
3 10
2 17
2 15
2 11
2 9
1 17
1 10
1 9
0 14
0 11
0 10
0 9
----------

50143: 8 16, 7 13, 6 14, 5 12, 4 15, 3 10, 2 17, 1 9, 0 11
Frc: 9.16667 | 0.166667 1 0.416667 0.583333 0.416667 0.583333 1 0.416667 1 0.583333 0.166667 0.833333 1 1 0.166667 0.833333 0.333333 0.25 0.416667 1 1 0.333333 0.166667 0.5 0.5 0.5 1 0.166667 1 0.333333 0.5 
Int: 10 | 1 1 1 0 1 0 1 0 1 1 0 1 1 1 0 1 0 1 0 1 1 1 0 0 0 1 1 0 1 0 1 
BDS: 13 | 0 1 0 1 1 0 1 1 1 1 0 1 1 1 1 1 1 1 0 1 1 1 0 1 0 1 1 1 1 0 0 

