18 30

11 17
8 16
8 15
8 13
7 16
7 14
7 13
6 16
6 14
6 12
5 15
5 14
5 12
4 17
4 15
4 11
3 17
3 13
3 12
3 10
2 16
2 11
2 9
1 17
1 15
1 10
1 9
0 11
0 10
0 9
----------

31287: 8 16, 7 13, 6 14, 5 15, 4 17, 3 12, 2 9, 1 10, 0 11
Frc: 9.25 | 0.25 1 0.125 0.875 0.125 0.875 1 0.375 1 0.625 1 0.625 0.375 1 0.75 0.25 0.375 0.125 1 0.5 0.5 0.5 1 0.375 0.125 1 0.5 1 0.5 0.5 
Int: 10 | 1 1 0 1 0 1 1 0 1 1 1 1 0 1 1 0 0 0 1 1 1 0 1 1 0 1 0 1 0 1 
BDS: 13 | 0 1 1 0 1 1 1 0 1 1 1 1 0 1 1 1 1 1 1 1 0 1 1 0 0 1 1 1 1 0 

