18 31

12 17
8 16
8 15
8 14
7 16
7 15
7 12
6 16
6 14
6 12
5 14
5 13
5 12
4 17
4 16
4 13
4 11
3 17
3 15
3 13
3 10
2 17
2 11
2 9
1 15
1 14
1 10
1 9
0 11
0 10
0 9
----------

51420: 8 15, 7 12, 6 16, 5 14, 4 13, 3 17, 2 11, 1 9, 0 10
Frc: 9.16667 | 0.166667 0.5 1 0.5 0.333333 0.666667 1 1 0.333333 0.666667 1 0.833333 0.166667 0.333333 0.166667 1 0.5 1 0.333333 0.166667 0.5 0.5 1 0.5 0.333333 0.166667 0.5 1 0.5 1 0.5 
Int: 10 | 0 0 1 1 0 1 1 1 0 1 1 1 0 1 1 1 0 1 0 0 1 0 1 1 1 0 0 1 1 1 0 
BDS: 13 | 0 1 1 0 0 1 1 1 0 1 1 1 1 1 0 1 0 1 0 0 1 1 1 1 1 1 1 1 1 1 0 

