18 31

13 17
8 16
8 15
8 14
7 17
7 16
7 15
7 12
6 17
6 13
6 12
5 16
5 13
5 12
4 15
4 14
4 11
3 17
3 14
3 13
3 10
2 15
2 14
2 11
2 9
1 16
1 10
1 9
0 11
0 10
0 9
----------

35204: 8 15, 7 16, 6 12, 5 13, 4 14, 3 17, 2 9, 1 10, 0 11
Frc: 9.25 | 0.25 0.5 1 0.5 0.25 1 0.25 0.5 0.5 0.5 1 0.5 1 0.5 0.5 1 0.5 1 0.25 0.25 0.5 0.25 0.25 0.5 1 0.5 1 0.5 1 0.5 0.5 
Int: 10 | 0 1 1 0 0 1 0 1 1 1 1 0 1 1 0 1 1 1 1 0 0 1 0 0 1 0 1 1 1 1 0 
BDS: 13 | 0 0 1 1 0 1 1 0 1 0 1 1 1 1 1 1 0 1 1 1 0 1 0 1 1 1 1 1 1 1 0 

51924: 8 15, 7 16, 6 12, 5 13, 4 14, 3 17, 2 11, 1 9, 0 10
Frc: 9.25 | 0.25 0.5 1 0.5 0.25 1 0.25 0.5 0.5 0.5 1 0.5 1 0.5 0.5 1 0.5 1 0.25 0.25 0.5 0.25 0.25 1 0.5 0.5 0.5 1 0.5 1 0.5 
Int: 11 | 0 0 1 1 0 1 1 0 1 0 1 0 1 1 0 1 1 1 1 1 1 0 0 1 1 1 0 1 0 1 1 
BDS: 13 | 0 1 1 0 1 1 0 1 0 1 1 1 1 0 1 1 0 1 1 1 0 0 1 1 1 1 1 1 1 1 0 

