18 31

10 17
8 16
8 15
8 14
7 15
7 14
7 12
6 16
6 13
6 12
5 15
5 13
5 12
4 16
4 14
4 11
3 17
3 15
3 13
3 10
2 17
2 16
2 11
2 9
1 17
1 10
1 9
0 14
0 11
0 10
0 9
----------

50092: 8 14, 7 15, 6 12, 5 13, 4 16, 3 10, 2 17, 1 9, 0 11
Frc: 9.21429 | 0.214286 0.571429 0.428571 1 1 0.571429 0.428571 0.571429 0.428571 1 0.428571 1 0.571429 1 0.214286 0.785714 0.285714 0.142857 0.571429 1 1 0.285714 0.214286 0.5 0.5 0.5 1 0.214286 1 0.285714 0.5 
Int: 11 | 1 1 0 1 0 1 1 0 1 1 1 1 0 1 0 1 0 1 0 1 1 1 0 0 0 1 1 0 1 0 1 
BDS: 13 | 0 1 1 1 1 0 1 1 0 1 0 1 1 1 1 1 1 0 1 1 1 1 0 0 1 0 1 0 1 1 1 

