18 31

10 17
8 16
8 15
8 14
7 16
7 15
7 12
6 15
6 13
6 12
5 14
5 13
5 12
4 16
4 14
4 11
3 17
3 15
3 13
3 10
2 17
2 16
2 11
2 9
1 14
1 10
1 9
0 17
0 11
0 10
0 9
----------

65079: 8 16, 7 15, 6 13, 5 12, 4 14, 3 17, 2 11, 1 10, 0 9
Frc: 9.23077 | 0.230769 1 0.461538 0.538462 0.538462 1 0.461538 0.461538 1 0.538462 0.538462 0.461538 1 0.230769 1 0.769231 1 0.0769231 0.538462 0.384615 0.384615 0.230769 1 0.384615 0.384615 1 0.615385 0.384615 0.230769 0.384615 1 
Int: 10 | 1 1 1 0 1 1 0 0 1 1 1 0 1 1 1 0 1 0 1 0 0 1 1 0 0 1 1 0 1 0 1 
BDS: 13 | 0 1 1 1 0 1 1 0 1 1 1 0 1 1 1 1 1 0 1 1 1 0 1 1 1 1 0 0 0 1 1 

