18 30

11 15
8 16
8 15
8 13
7 17
7 14
7 12
6 15
6 14
6 12
5 17
5 15
5 13
5 12
4 16
4 14
4 11
3 17
3 16
3 13
3 10
2 16
2 11
2 9
1 17
1 10
1 9
0 11
0 10
0 9
----------

44889: 8 15, 7 17, 6 12, 5 13, 4 14, 3 16, 2 11, 1 9, 0 10
Frc: 9.25 | 0.25 0.25 1 0.75 1 0.5 0.5 0.5 0.5 1 0.25 0.25 1 0.5 0.375 1 0.625 0.375 1 0.25 0.375 0.375 1 0.625 0.375 0.625 1 0.625 1 0.375 
Int: 10 | 0 0 1 1 1 0 1 1 1 1 0 0 1 1 1 1 0 0 1 0 1 0 1 1 1 0 1 1 1 0 
BDS: 13 | 1 1 1 0 1 0 1 1 1 1 0 1 1 0 1 1 1 1 1 1 0 0 1 1 0 1 1 1 1 0 

