18 31

10 17
8 17
8 15
8 14
8 13
7 16
7 15
7 12
6 16
6 14
6 12
5 15
5 14
5 12
4 17
4 16
4 13
4 11
3 14
3 13
3 10
2 15
2 11
2 9
1 16
1 10
1 9
0 17
0 11
0 10
0 9
----------

37426: 8 13, 7 16, 6 12, 5 15, 4 17, 3 14, 2 9, 1 10, 0 11
Frc: 9.14286 | 0.142857 0.428571 0.428571 0.142857 1 1 0.571429 0.428571 0.571429 0.428571 1 1 0.428571 0.571429 1 0.142857 0.571429 0.285714 1 0.428571 0.571429 0.285714 0.714286 1 0.285714 1 0.714286 0.428571 1 0.285714 0.285714 
Int: 10 | 0 1 0 0 1 1 0 1 0 1 1 1 0 1 1 0 0 1 1 1 0 1 0 1 1 1 0 0 1 1 1 
BDS: 13 | 0 1 1 1 1 1 1 0 1 0 1 1 0 1 1 0 0 1 1 1 1 0 1 1 1 1 1 0 1 1 0 

