18 31

8 16
8 15
8 13
7 17
7 15
7 14
7 12
6 16
6 15
6 14
6 12
5 15
5 13
5 12
4 17
4 14
4 11
3 17
3 16
3 13
3 10
2 16
2 11
2 9
1 14
1 10
1 9
0 17
0 11
0 10
0 9
----------

55116: 8 15, 7 12, 6 14, 5 13, 4 17, 3 16, 2 11, 1 9, 0 10
Frc: 9 | 0.333333 1 0.666667 0.333333 0.333333 0.333333 1 0.333333 0.333333 1 0.333333 0.333333 1 0.666667 1 0.333333 0.666667 0.333333 1 0.333333 0.333333 0.333333 1 0.666667 0.333333 0.666667 1 0.333333 0.333333 1 0.333333 
Int: 9 | 0 1 1 1 0 0 1 0 1 1 0 0 1 1 1 0 1 0 1 0 1 1 1 0 1 0 1 0 0 1 1 
BDS: 13 | 1 1 0 0 0 1 1 1 0 1 0 1 1 1 1 1 0 1 1 1 0 1 1 1 1 1 1 0 1 1 0 

