18 30

9 17
8 16
8 15
8 13
7 17
7 15
7 14
7 12
6 16
6 13
6 12
5 15
5 13
5 12
4 17
4 14
4 11
3 16
3 14
3 10
2 16
2 11
2 9
1 15
1 10
1 9
0 17
0 11
0 10
0 9
----------

53597: 8 13, 7 17, 6 16, 5 12, 4 14, 3 10, 2 11, 1 15, 0 9
Frc: 9.11111 | 0.111111 0.555556 0.444444 1 1 0.111111 0.222222 0.666667 1 0.444444 0.555556 0.444444 0.555556 1 0.222222 1 0.777778 0.222222 0.777778 1 0.222222 1 0.777778 1 0.888889 0.111111 0.666667 0.222222 0.111111 1 
Int: 10 | 0 1 0 1 1 0 0 1 1 0 1 1 1 1 0 1 1 0 1 1 0 1 1 1 1 0 1 0 0 1 
BDS: 13 | 1 1 0 1 1 1 1 1 1 0 1 0 1 1 0 1 1 1 0 1 1 1 0 1 1 1 0 1 0 1 

