18 31

13 14
8 16
8 15
8 13
7 16
7 15
7 12
6 17
6 14
6 12
5 15
5 13
5 12
4 17
4 16
4 14
4 11
3 16
3 13
3 10
2 14
2 11
2 9
1 17
1 15
1 10
1 9
0 17
0 11
0 10
0 9
----------

64308: 8 15, 7 12, 6 17, 5 13, 4 11, 3 16, 2 14, 1 10, 0 9
Frc: 9.16667 | 0.166667 0.333333 1 0.666667 0.5 0.5 1 1 0.333333 0.666667 0.333333 1 0.666667 0.333333 0.166667 0.5 1 1 0.166667 0.833333 1 0.5 0.5 0.333333 0.166667 1 0.5 0.333333 0.5 0.166667 1 
Int: 10 | 1 1 1 0 0 1 1 1 0 1 0 1 1 1 0 0 1 1 0 1 1 0 1 1 0 1 0 0 1 0 1 
BDS: 13 | 0 0 1 1 0 1 1 1 1 1 0 1 1 0 1 1 1 1 1 0 1 0 1 1 0 1 1 0 1 1 1 

