18 30

12 17
8 16
8 15
8 13
7 17
7 15
7 14
7 12
6 16
6 13
6 12
5 15
5 13
5 12
4 17
4 14
4 11
3 16
3 14
3 10
2 16
2 11
2 9
1 15
1 10
1 9
0 17
0 11
0 10
0 9
----------

53043: 8 13, 7 17, 6 16, 5 12, 4 14, 3 10, 2 11, 1 15, 0 9
Frc: 9.14286 | 0.142857 0.571429 0.428571 1 1 0.142857 0.285714 0.571429 1 0.428571 0.571429 0.428571 0.571429 1 0.142857 1 0.857143 0.285714 0.714286 1 0.142857 1 0.857143 1 0.857143 0.142857 0.714286 0.142857 0.142857 1 
Int: 10 | 0 0 1 1 1 0 0 1 1 0 1 0 1 1 0 1 1 1 1 1 0 1 1 1 1 0 1 0 0 1 
BDS: 13 | 1 1 0 1 1 1 1 1 1 0 1 0 1 1 0 1 1 1 0 1 1 1 0 1 1 1 0 1 0 1 

