18 31

13 17
8 16
8 15
8 13
7 16
7 14
7 12
6 16
6 13
6 12
5 15
5 14
5 13
5 12
4 17
4 14
4 11
3 17
3 15
3 14
3 10
2 15
2 11
2 9
1 17
1 16
1 10
1 9
0 11
0 10
0 9
----------

37343: 8 13, 7 16, 6 12, 5 14, 4 17, 3 15, 2 9, 1 10, 0 11
Frc: 9.25 | 0.25 0.416667 0.583333 1 1 0.416667 0.583333 0.416667 0.583333 1 0.416667 1 0.166667 0.416667 1 0.5 0.5 0.416667 1 0.0833333 0.5 0.5 0.5 1 0.333333 0.166667 1 0.5 1 0.5 0.5 
Int: 10 | 0 0 1 1 1 1 0 0 1 1 0 1 0 1 1 0 1 1 1 0 0 0 1 1 0 1 1 1 1 1 0 
BDS: 13 | 0 0 1 1 1 1 1 0 1 1 1 1 0 0 1 1 1 0 1 0 1 1 0 1 1 1 1 1 1 0 1 

