18 30

9 15
8 17
8 14
8 13
7 17
7 16
7 14
7 12
6 17
6 13
6 12
5 16
5 13
5 12
4 16
4 15
4 11
3 15
3 14
3 10
2 15
2 11
2 9
1 16
1 10
1 9
0 17
0 11
0 10
0 9
----------

47554: 8 13, 7 14, 6 17, 5 12, 4 16, 3 15, 2 11, 1 9, 0 10
Frc: 9.18182 | 0.181818 0.5 0.5 1 0.136364 0.363636 1 0.5 1 0.5 0.5 0.5 0.5 1 1 0.409091 0.590909 1 0.772727 0.227273 0.409091 1 0.590909 0.227273 0.772727 1 0.363636 0.409091 1 0.227273 
Int: 10 | 0 0 1 1 0 0 1 1 1 1 0 1 0 1 1 1 1 1 1 0 0 1 1 0 1 1 1 0 1 0 
BDS: 13 | 1 1 1 1 0 1 1 0 1 0 1 1 1 1 1 0 1 1 1 1 0 1 1 1 0 1 0 0 1 1 

