18 31

9 17
8 17
8 14
8 13
7 16
7 14
7 12
6 16
6 13
6 12
5 17
5 16
5 13
5 12
4 16
4 15
4 11
3 17
3 15
3 14
3 10
2 15
2 11
2 9
1 15
1 14
1 10
1 9
0 11
0 10
0 9
----------

41793: 8 13, 7 16, 6 12, 5 17, 4 15, 3 14, 2 9, 1 10, 0 11
Frc: 9.23077 | 0.230769 0.538462 0.461538 1 1 0.461538 0.538462 0.461538 0.538462 1 1 0.0769231 0.461538 0.461538 0.615385 1 0.384615 0.230769 0.384615 1 0.384615 0.384615 0.615385 1 0.230769 0.384615 1 0.384615 1 0.615385 0.384615 
Int: 10 | 1 0 1 1 1 0 1 0 1 1 1 0 1 0 1 1 0 0 1 1 0 0 1 1 0 1 1 0 1 1 0 
BDS: 13 | 1 0 1 1 1 1 1 0 1 1 1 0 1 0 1 1 1 0 1 1 0 1 0 1 0 1 1 0 1 1 1 

