18 31

11 17
8 17
8 16
8 14
8 13
7 17
7 15
7 14
7 12
6 17
6 13
6 12
5 15
5 13
5 12
4 16
4 15
4 11
3 16
3 15
3 14
3 10
2 14
2 11
2 9
1 16
1 10
1 9
0 11
0 10
0 9
----------

65674: 8 17, 7 15, 6 12, 5 13, 4 11, 3 16, 2 14, 1 10, 0 9
Frc: 9.25 | 0.25 1 0.125 0.375 0.5 0.25 1 0.25 0.5 0.5 0.5 1 0.5 1 0.5 0.25 0.75 1 1 0.25 0.375 0.375 1 0.375 0.625 0.625 1 0.375 0.375 0.625 1 
Int: 10 | 1 1 0 1 0 0 1 0 1 0 1 1 1 1 0 0 1 1 1 1 0 0 1 0 1 1 1 0 0 1 1 
BDS: 13 | 0 1 0 1 1 0 1 1 0 1 0 1 1 1 1 1 1 1 1 0 0 1 1 0 1 0 1 1 1 1 1 

