18 30

10 15
8 17
8 15
8 13
7 17
7 16
7 14
7 12
6 15
6 13
6 12
5 17
5 14
5 13
5 12
4 17
4 15
4 11
3 16
3 14
3 10
2 16
2 11
2 9
1 16
1 10
1 9
0 11
0 10
0 9
----------

41815: 8 13, 7 14, 6 15, 5 12, 4 17, 3 10, 2 16, 1 9, 0 11
Frc: 9.23077 | 0.230769 0.5 0.5 1 0.269231 0.230769 1 0.5 1 0.5 0.5 0.230769 0.269231 0.5 1 1 0.269231 0.730769 0.192308 0.807692 1 1 0.576923 0.423077 0.576923 0.423077 1 1 0.423077 0.576923 
Int: 10 | 1 1 0 1 0 1 1 0 1 0 1 0 0 1 1 1 0 1 0 1 1 1 1 0 0 1 1 1 0 1 
BDS: 13 | 1 0 1 1 1 0 1 1 1 0 1 0 1 1 1 1 1 1 1 0 1 1 1 0 1 0 1 1 0 1 

