18 31

12 14
8 17
8 16
8 15
8 13
7 16
7 15
7 12
6 17
6 13
6 12
5 17
5 15
5 13
5 12
4 16
4 14
4 11
3 16
3 14
3 10
2 15
2 11
2 9
1 14
1 10
1 9
0 17
0 11
0 10
0 9
----------

62800: 8 13, 7 15, 6 17, 5 12, 4 16, 3 10, 2 11, 1 14, 0 9
Frc: 9.25 | 0.25 0.25 0.5 0.25 1 0.5 1 0.5 1 0.75 0.25 0.5 0.25 0.25 1 1 0.25 0.75 0.5 0.5 1 0.5 1 0.5 1 0.5 0.5 0.25 0.25 0.5 1 
Int: 10 | 0 0 0 1 1 1 1 0 1 0 1 0 0 1 1 1 1 1 1 0 1 0 1 1 1 1 0 1 0 0 1 
BDS: 13 | 0 0 0 1 1 1 1 1 1 1 0 0 0 1 1 1 1 1 1 0 1 1 1 1 1 1 0 1 0 1 1 

