18 32

9 17
8 16
8 15
8 14
8 13
7 16
7 15
7 12
6 15
6 14
6 12
5 14
5 13
5 12
4 17
4 16
4 14
4 11
3 17
3 15
3 13
3 10
2 16
2 11
2 9
1 17
1 13
1 10
1 9
0 11
0 10
0 9
----------

49522: 8 13, 7 15, 6 14, 5 12, 4 16, 3 17, 2 9, 1 10, 0 11
Frc: 9.2 | 0.2 0.5 0.2 0.3 1 0.5 1 0.5 0.5 1 0.5 0.5 0.5 1 0.4 1 0.2 0.4 1 0.3 0.3 0.4 0.4 0.6 1 0.4 0.2 1 0.4 1 0.6 0.4 
Int: 10 | 1 1 0 0 1 0 1 1 1 1 0 1 0 1 0 1 1 0 1 1 0 0 0 1 1 0 1 1 0 1 1 0 
BDS: 13 | 0 1 0 0 1 1 1 1 1 1 0 1 1 1 0 1 0 1 1 1 0 1 0 1 1 1 0 1 1 1 1 0 

