18 30

8 17
8 16
8 15
7 17
7 15
7 14
6 16
6 15
6 13
5 16
5 14
5 11
4 16
4 13
4 11
3 17
3 14
3 12
3 10
2 17
2 13
2 12
2 9
1 12
1 10
1 9
0 15
0 11
0 10
0 9
----------

55121: 8 15, 7 17, 6 16, 5 11, 4 13, 3 14, 2 12, 1 10, 0 9
Frc: 9.22222 | 0.444444 0.555556 1 1 0.555556 0.444444 1 0.222222 0.777778 0.222222 0.777778 1 0.222222 1 0.777778 0.111111 1 0.444444 0.444444 0.444444 0.222222 1 0.555556 0.555556 1 0.444444 0.222222 0.222222 0.555556 1 
Int: 10 | 0 1 1 1 1 0 1 0 1 0 1 1 0 1 1 0 1 0 1 1 0 1 0 1 0 1 0 0 1 1 
BDS: 13 | 1 0 1 1 0 1 1 1 1 1 1 1 0 1 1 1 1 0 0 1 0 1 1 1 1 0 0 1 1 1 

