18 29

11 17
8 17
8 16
8 15
7 17
7 16
7 14
6 16
6 15
6 13
5 16
5 14
5 11
4 14
4 13
4 11
3 15
3 12
3 10
2 17
2 13
2 12
2 9
1 12
1 10
1 9
0 11
0 10
0 9
----------

27350: 8 16, 7 17, 6 13, 5 11, 4 14, 3 15, 2 9, 1 12, 0 10
Frc: 9.16667 | 0.166667 0.666667 1 0.333333 1 0.5 0.5 0.333333 0.666667 1 0.5 0.5 1 1 0.666667 0.333333 1 0.5 0.5 0.166667 0.333333 0.5 1 1 0.5 0.5 0.5 1 0.5 
Int: 10 | 1 1 1 0 1 1 0 0 1 1 0 1 1 1 1 0 1 1 0 1 0 0 1 1 1 0 0 1 1 
BDS: 13 | 1 0 1 1 1 1 1 0 1 1 1 0 1 1 0 1 1 0 1 0 1 1 1 1 1 0 1 1 1 

