18 30

9 17
8 16
8 15
8 14
7 17
7 16
7 15
7 13
6 15
6 14
6 13
5 17
5 14
5 11
4 17
4 15
4 13
4 11
3 16
3 12
3 10
2 16
2 12
2 9
1 12
1 10
1 9
0 11
0 10
0 9
----------

36805: 8 15, 7 13, 6 14, 5 11, 4 17, 3 16, 2 9, 1 12, 0 10
Frc: 9.25 | 0.25 0.625 1 0.375 0.375 0.375 0.25 1 0.625 1 0.375 0.375 0.625 1 1 0.125 0.625 0.25 1 0.5 0.5 0.5 0.5 1 1 0.5 0.5 0.75 1 0.25 
Int: 10 | 1 1 1 0 1 0 0 1 0 1 1 0 1 1 1 1 0 0 1 1 0 1 0 1 1 1 0 1 1 0 
BDS: 13 | 1 1 1 0 1 0 0 1 1 1 1 1 1 1 1 0 0 1 1 0 1 1 1 1 1 1 0 1 1 0 

