18 29

8 17
8 16
8 15
7 17
7 15
7 14
6 16
6 15
6 14
5 14
5 13
5 11
4 13
4 12
4 11
3 17
3 16
3 13
3 10
2 16
2 12
2 9
1 12
1 10
1 9
0 17
0 11
0 10
0 9
----------

36866: 8 16, 7 15, 6 14, 5 11, 4 13, 3 10, 2 12, 1 9, 0 17
Frc: 9.18182 | 0.454545 1 0.545455 0.454545 1 0.545455 0.545455 0.454545 1 0.454545 0.545455 1 1 0.818182 0.363636 0.0909091 0.454545 0.454545 1 0.181818 1 0.818182 0.181818 0.818182 1 1 0.636364 0.181818 0.181818 
Int: 10 | 0 1 1 1 1 1 0 1 1 0 1 1 1 1 0 0 1 0 1 0 1 1 0 1 1 1 1 0 0 
BDS: 13 | 0 1 1 0 1 1 1 0 1 1 0 1 1 1 0 1 1 1 1 1 1 0 1 0 1 1 1 1 1 

