18 27

8 17
8 16
8 14
7 16
7 15
7 14
6 17
6 15
6 13
5 17
5 16
5 11
4 13
4 12
4 11
3 15
3 14
3 10
2 13
2 12
2 9
1 12
1 10
1 9
0 11
0 10
0 9
----------

18154: 8 17, 7 14, 6 15, 5 16, 4 13, 3 10, 2 9, 1 12, 0 11
Frc: 9 | 1 0.5 0.5 0.5 0.5 1 0.5 1 0.5 0.5 1 0.5 1 0.5 0.5 0.5 0.5 1 0.5 0.5 1 1 0.5 0.5 1 0.5 0.5 
Int: 9 | 1 1 0 0 1 1 1 1 0 0 1 1 1 1 0 0 1 1 1 0 1 1 1 0 1 0 1 
BDS: 13 | 1 0 1 1 1 1 1 1 0 1 1 1 1 0 1 1 0 1 1 1 1 1 1 0 1 1 1 

36148: 8 14, 7 16, 6 13, 5 17, 4 11, 3 15, 2 12, 1 10, 0 9
Frc: 9 | 0.5 0.5 1 1 0.5 0.5 0.5 0.5 1 1 0.5 0.5 0.5 0.5 1 1 0.5 0.5 0.5 1 0.5 0.5 1 0.5 0.5 0.5 1 
Int: 10 | 1 0 1 1 1 1 1 0 1 1 1 0 1 0 1 1 0 1 0 1 1 1 1 0 1 0 1 
BDS: 13 | 1 0 1 1 1 1 1 0 1 1 1 1 1 0 1 1 0 1 1 1 1 1 1 0 1 1 1 

36163: 8 17, 7 14, 6 13, 5 16, 4 11, 3 15, 2 12, 1 10, 0 9
Frc: 9 | 1 0.5 0.5 0.5 0.5 1 0.5 0.5 1 0.5 1 0.5 0.5 0.5 1 1 0.5 0.5 0.5 1 0.5 0.5 1 0.5 0.5 0.5 1 
Int: 10 | 0 1 1 0 1 1 1 0 1 1 1 0 0 1 1 1 0 1 1 1 0 0 1 1 1 0 1 
BDS: 13 | 1 1 1 0 1 1 1 1 1 0 1 1 1 0 1 1 0 1 1 1 1 1 1 0 1 1 1 

36180: 8 17, 7 15, 6 13, 5 16, 4 11, 3 14, 2 12, 1 10, 0 9
Frc: 9 | 1 0.5 0.5 0.5 1 0.5 0.5 0.5 1 0.5 1 0.5 0.5 0.5 1 0.5 1 0.5 0.5 1 0.5 0.5 1 0.5 0.5 0.5 1 
Int: 9 | 1 0 1 1 1 0 0 1 1 1 1 0 0 1 1 0 1 1 1 1 0 0 1 1 1 0 1 
BDS: 13 | 1 1 1 1 1 0 1 1 1 0 1 1 1 0 1 1 1 0 1 1 1 1 1 0 1 1 1 

