18 31

13 17
8 16
8 15
8 14
7 16
7 15
7 13
6 16
6 14
6 13
5 15
5 14
5 11
4 14
4 12
4 11
3 17
3 15
3 13
3 10
2 17
2 16
2 12
2 9
1 17
1 12
1 10
1 9
0 11
0 10
0 9
----------

50572: 8 16, 7 15, 6 13, 5 14, 4 11, 3 17, 2 12, 1 9, 0 10
Frc: 9.25 | 0.25 1 0.625 0.375 0.375 1 0.625 0.375 0.625 1 0.125 1 0.875 0.25 0.75 1 1 0.25 0.125 0.625 0.375 0.25 1 0.375 0.375 0.25 0.375 1 0.375 1 0.625 
Int: 10 | 0 1 0 1 0 1 1 1 0 1 0 1 1 0 1 1 1 1 0 0 0 0 1 1 1 0 1 1 1 1 0 
BDS: 13 | 0 1 1 0 1 1 1 0 1 1 1 1 0 1 1 1 1 1 0 1 0 1 1 0 1 0 0 1 1 1 1 

