18 30

8 16
8 15
8 14
7 17
7 16
7 14
7 13
6 15
6 14
6 13
5 16
5 13
5 11
4 16
4 12
4 11
3 17
3 15
3 10
2 17
2 15
2 12
2 9
1 17
1 12
1 10
1 9
0 11
0 10
0 9
----------

44657: 8 14, 7 16, 6 15, 5 13, 4 11, 3 17, 2 12, 1 9, 0 10
Frc: 9.25 | 0.625 0.375 1 0.25 1 0.375 0.375 1 0.625 0.625 0.125 1 0.875 0.25 0.75 1 1 0.375 0.625 0.375 0.25 1 0.375 0.375 0.25 0.375 1 0.375 1 0.625 
Int: 10 | 1 0 1 1 1 1 0 1 0 1 0 1 1 1 0 1 1 0 1 0 1 1 0 0 1 0 1 0 1 1 
BDS: 13 | 0 1 1 0 1 1 1 1 1 0 0 1 1 1 1 1 1 1 1 0 1 1 0 1 0 0 1 1 1 1 

