18 30

9 17
8 17
8 15
8 14
7 17
7 14
7 13
6 16
6 14
6 13
5 16
5 15
5 12
5 11
4 13
4 12
4 11
3 16
3 15
3 10
2 15
2 12
2 9
1 16
1 10
1 9
0 17
0 11
0 10
0 9
----------

47798: 8 14, 7 17, 6 13, 5 12, 4 11, 3 16, 2 15, 1 9, 0 10
Frc: 9.21053 | 0.210526 0.578947 0.421053 1 1 0.421053 0.578947 0.421053 0.578947 1 0.157895 0.105263 1 0.736842 0.736842 0.263158 1 1 0.473684 0.526316 1 0.736842 0.263158 0.526316 0.473684 1 0.210526 0.263158 1 0.526316 
Int: 10 | 1 0 1 1 1 1 0 1 0 1 0 0 1 1 1 0 1 1 0 1 1 1 0 1 0 1 0 0 1 1 
BDS: 13 | 0 1 1 1 1 0 1 0 1 1 0 1 1 0 1 1 1 1 1 1 1 0 1 1 0 1 0 1 1 1 

