18 30

12 17
8 17
8 15
8 14
7 16
7 15
7 13
6 15
6 14
6 12
5 16
5 13
5 11
4 15
4 13
4 11
3 17
3 16
3 14
3 10
2 16
2 12
2 9
1 12
1 10
1 9
0 17
0 11
0 10
0 9
----------

34205: 8 14, 7 16, 6 15, 5 11, 4 13, 3 17, 2 9, 1 12, 0 10
Frc: 9.21429 | 0.214286 0.714286 0.285714 1 1 0.428571 0.571429 1 0.714286 0.285714 0.571429 0.428571 1 0.428571 1 0.571429 1 0.214286 0.285714 0.5 0.5 0.5 1 1 0.5 0.5 0.0714286 0.428571 1 0.5 
Int: 10 | 1 1 0 1 1 0 1 1 1 0 0 1 1 1 1 0 1 0 0 1 1 0 1 1 0 1 0 1 1 0 
BDS: 13 | 0 0 1 1 1 1 1 1 0 1 1 0 1 0 1 1 1 1 1 1 0 1 1 1 1 0 1 0 1 1 

