18 31

11 17
8 16
8 15
8 14
7 17
7 15
7 14
7 13
6 14
6 13
6 12
5 16
5 15
5 11
4 16
4 14
4 11
3 16
3 15
3 10
2 17
2 13
2 12
2 9
1 12
1 10
1 9
0 17
0 11
0 10
0 9
----------

52339: 8 14, 7 13, 6 12, 5 16, 4 11, 3 15, 2 17, 1 9, 0 10
Frc: 9.16667 | 0.166667 0.5 0.5 1 0.583333 0.166667 0.25 1 0.416667 0.583333 1 1 0.333333 0.666667 0.333333 0.666667 1 0.166667 1 0.833333 1 0.416667 0.166667 0.416667 0.833333 0.166667 1 0.25 0.166667 1 0.583333 
Int: 10 | 1 1 0 1 1 0 0 1 0 1 1 1 1 0 0 1 1 0 1 1 1 0 0 1 1 0 1 0 0 1 1 
BDS: 13 | 0 1 0 1 1 1 1 1 0 1 1 1 0 1 0 1 1 0 1 1 1 1 0 1 1 1 1 0 1 1 0 

