18 30

9 17
8 16
8 15
8 13
7 16
7 15
7 13
6 17
6 15
6 14
6 12
5 17
5 14
5 11
4 14
4 13
4 11
3 16
3 15
3 10
2 16
2 12
2 9
1 12
1 10
1 9
0 17
0 11
0 10
0 9
----------

36187: 8 13, 7 15, 6 12, 5 17, 4 14, 3 16, 2 9, 1 10, 0 11
Frc: 9.25 | 0.25 0.5 0.5 1 0.5 1 0.5 0.25 0.25 0.5 1 1 0.5 0.5 1 0.5 0.5 1 0.25 0.75 0.5 0.5 1 0.5 1 0.5 0.5 1 0.25 0.25 
Int: 10 | 1 0 1 1 0 1 1 0 1 0 1 1 1 0 1 0 1 1 1 0 1 0 1 1 1 0 0 1 1 0 
BDS: 13 | 1 0 1 1 0 1 1 0 1 0 1 1 1 0 1 1 1 1 1 0 1 1 1 1 1 0 1 1 1 0 

36222: 8 15, 7 13, 6 12, 5 17, 4 14, 3 16, 2 9, 1 10, 0 11
Frc: 9.25 | 0.25 0.5 1 0.5 0.5 0.5 1 0.25 0.25 0.5 1 1 0.5 0.5 1 0.5 0.5 1 0.25 0.75 0.5 0.5 1 0.5 1 0.5 0.5 1 0.25 0.25 
Int: 10 | 1 0 1 1 0 1 1 0 1 0 1 1 1 0 1 0 1 1 1 0 1 0 1 1 1 0 0 1 1 0 
BDS: 13 | 1 0 1 1 0 1 1 0 1 0 1 1 1 0 1 1 1 1 1 0 1 1 1 1 1 0 1 1 1 0 

