18 31

9 17
8 16
8 14
8 13
7 15
7 14
7 13
6 17
6 15
6 13
6 12
5 15
5 14
5 11
4 16
4 15
4 14
4 11
3 17
3 16
3 10
2 16
2 12
2 9
1 12
1 10
1 9
0 17
0 11
0 10
0 9
----------

52736: 8 14, 7 13, 6 12, 5 15, 4 11, 3 10, 2 16, 1 9, 0 17
Frc: 9.25 | 0.25 0.5 1 0.5 0.5 0.5 1 0.25 0.25 0.5 1 1 0.25 0.75 0.5 0.25 0.25 1 0.5 0.5 1 1 0.5 0.5 0.5 0.5 1 1 0.25 0.5 0.25 
Int: 10 | 0 1 1 0 1 0 1 1 0 1 1 1 0 1 0 0 1 1 0 1 1 1 0 1 1 0 1 1 0 1 0 
BDS: 13 | 0 1 1 0 0 1 1 1 0 1 1 1 1 1 1 1 0 1 0 1 1 1 1 1 0 1 1 1 0 1 0 

