18 29

14 17
8 16
8 15
8 14
7 16
7 15
7 14
6 16
6 13
6 12
5 14
5 13
5 11
4 13
4 12
4 11
3 17
3 16
3 10
2 17
2 15
2 9
1 12
1 10
1 9
0 17
0 11
0 10
0 9
----------

39266: 8 14, 7 15, 6 13, 5 11, 4 12, 3 16, 2 17, 1 9, 0 10
Frc: 9.25 | 0.25 0.25 0.75 1 0.75 1 0.25 0.5 1 0.5 0.5 0.5 1 0.5 1 0.5 0.5 1 0.5 1 0.25 0.75 0.5 0.5 1 0.25 0.5 1 0.25 
Int: 10 | 0 0 1 1 1 1 0 0 1 1 1 1 1 0 1 1 1 1 0 1 0 1 0 1 1 0 1 1 0 
BDS: 13 | 1 1 0 1 0 1 1 1 1 1 1 1 1 0 1 1 0 1 1 1 1 1 1 0 1 0 0 1 1 

39284: 8 15, 7 14, 6 13, 5 11, 4 12, 3 16, 2 17, 1 9, 0 10
Frc: 9.25 | 0.25 0.75 1 0.25 0.25 0.75 1 0.5 1 0.5 0.5 0.5 1 0.5 1 0.5 0.5 1 0.5 1 0.25 0.75 0.5 0.5 1 0.25 0.5 1 0.25 
Int: 10 | 1 1 1 0 0 1 1 1 1 0 0 1 1 0 1 1 0 1 1 1 0 1 1 0 1 1 0 1 0 
BDS: 13 | 1 0 1 1 1 0 1 1 1 1 1 1 1 0 1 1 0 1 1 1 1 1 1 0 1 0 0 1 1 

