17 13, 16 13, 16 13, 15 13, 19 12, 18 12, 18 12, 14 12, 18 11, 19 10, 19 10, 17 9, 16 8, 11 8, 15 7, 15 7, 10 7, 14 6, 9 6, 9 6, 11 5, 11 5, 10 5, 6 5, 9 4, 8 4, 8 4, 7 4, 18 3, 16 3, 19 2, 17 2, 17 2, 15 1, 14 1, 14 1, 3 0, 3 0, 2 0, 1 0, 
----------- 0 0 1
		0 3, 0 3, 1 14, 1 15, 2 17, 2 19, 3 16, 3 18, 4 7, 4 8, 5 6, 5 11, 6 9, 7 10, 7 15, 8 11, 9 17, 10 19, 12 14, 12 18, 13 16, 13 17, 
		0 2, 0 3, 1 14, 1 14, 2 17, 2 19, 3 18, 4 8, 4 9, 5 10, 5 11, 6 9, 6 14, 7 10, 7 15, 8 16, 10 19, 11 18, 12 14, 12 18, 13 15, 13 16, 13 17, 
		0 2, 0 3, 1 14, 1 15, 2 17, 3 16, 4 7, 4 9, 5 6, 5 10, 6 14, 7 15, 8 11, 8 16, 9 17, 10 19, 11 18, 12 18, 12 19, 13 15, 13 16, 
----------- 1 0 2
		0 1, 0 3, 1 14, 2 17, 2 19, 3 16, 4 8, 4 9, 5 6, 5 10, 5 11, 6 9, 7 10, 7 15, 8 16, 10 19, 11 18, 12 14, 12 18, 13 15, 13 16, 13 17, 
		0 3, 0 3, 1 14, 1 15, 2 17, 2 17, 3 16, 3 18, 4 7, 4 8, 5 10, 5 11, 6 9, 6 14, 7 15, 8 11, 9 17, 10 19, 12 14, 12 18, 12 19, 13 16, 13 17, 
		0 1, 0 3, 1 14, 1 15, 2 17, 2 19, 3 18, 4 7, 4 8, 4 9, 5 6, 5 11, 6 9, 6 14, 7 10, 7 15, 8 11, 8 16, 9 17, 10 19, 11 18, 12 18, 12 19, 13 15, 13 16, 
----------- 2 0 3
		0 2, 0 3, 1 14, 1 15, 2 17, 2 19, 3 18, 4 7, 4 8, 5 6, 5 11, 6 9, 7 10, 7 15, 8 11, 8 16, 9 17, 10 19, 12 14, 12 18, 13 15, 13 16, 
		0 1, 0 2, 1 14, 2 17, 3 16, 3 18, 4 7, 4 8, 4 9, 5 10, 5 11, 6 9, 6 14, 7 15, 8 16, 9 17, 10 19, 11 18, 12 14, 12 18, 12 19, 13 15, 13 16, 
		0 1, 0 3, 1 14, 1 15, 2 17, 2 19, 3 16, 4 8, 4 9, 5 6, 5 11, 6 9, 6 14, 7 10, 7 15, 8 11, 10 19, 11 18, 12 18, 12 19, 13 16, 13 17, 
----------- 3 0 3
		0 2, 0 3, 1 14, 1 15, 2 17, 2 19, 3 18, 4 7, 4 8, 5 6, 5 11, 6 9, 7 10, 7 15, 8 11, 8 16, 9 17, 10 19, 12 14, 12 18, 13 15, 13 16, 
		0 1, 0 2, 1 14, 2 17, 3 16, 3 18, 4 7, 4 8, 4 9, 5 10, 5 11, 6 9, 6 14, 7 15, 8 16, 9 17, 10 19, 11 18, 12 14, 12 18, 12 19, 13 15, 13 16, 
		0 1, 0 3, 1 14, 1 15, 2 17, 2 19, 3 16, 4 8, 4 9, 5 6, 5 11, 6 9, 6 14, 7 10, 7 15, 8 11, 10 19, 11 18, 12 18, 12 19, 13 16, 13 17, 
----------- 4 1 14
		0 1, 0 3, 1 14, 2 17, 2 19, 3 16, 4 8, 4 9, 5 6, 5 11, 6 9, 7 10, 7 15, 8 16, 10 19, 11 18, 12 14, 12 18, 12 19, 13 15, 13 16, 13 17, 
		0 2, 0 3, 1 14, 1 15, 2 17, 3 18, 4 7, 4 8, 5 6, 5 11, 6 9, 6 14, 7 10, 7 15, 8 11, 8 16, 9 17, 10 19, 12 18, 12 19, 13 15, 13 16, 
		0 1, 0 3, 1 15, 2 17, 2 19, 3 16, 3 18, 4 7, 4 8, 4 9, 5 10, 5 11, 6 9, 6 14, 7 15, 8 11, 10 19, 12 14, 12 18, 13 16, 13 17, 
----------- 5 1 14
		0 1, 0 3, 1 14, 2 17, 2 19, 3 16, 4 8, 4 9, 5 6, 5 11, 6 9, 7 10, 7 15, 8 16, 10 19, 11 18, 12 14, 12 18, 12 19, 13 15, 13 16, 13 17, 
		0 2, 0 3, 1 14, 1 15, 2 17, 3 18, 4 7, 4 8, 5 6, 5 11, 6 9, 6 14, 7 10, 7 15, 8 11, 8 16, 9 17, 10 19, 12 18, 12 19, 13 15, 13 16, 
		0 1, 0 3, 1 15, 2 17, 2 19, 3 16, 3 18, 4 7, 4 8, 4 9, 5 10, 5 11, 6 9, 6 14, 7 15, 8 11, 10 19, 12 14, 12 18, 13 16, 13 17, 
----------- 6 1 15
		0 1, 0 3, 1 14, 2 17, 2 19, 3 16, 3 18, 4 8, 4 9, 5 10, 5 11, 6 9, 6 14, 7 10, 7 15, 8 11, 10 19, 12 18, 12 19, 13 15, 13 16, 13 17, 
		0 2, 0 3, 1 14, 1 14, 2 19, 3 18, 4 7, 4 8, 5 6, 5 11, 6 9, 6 14, 7 10, 7 15, 7 15, 8 16, 9 17, 10 19, 11 18, 12 14, 12 18, 13 16, 13 17, 
		0 1, 0 2, 0 3, 1 14, 2 17, 3 16, 4 7, 4 9, 5 6, 5 10, 6 9, 7 15, 8 11, 8 16, 9 17, 10 19, 11 18, 12 14, 12 18, 12 19, 13 15, 13 16, 
----------- 7 2 17
		0 1, 0 2, 0 3, 1 14, 2 17, 3 18, 4 7, 4 8, 4 9, 5 10, 5 11, 6 9, 6 14, 7 15, 8 11, 8 16, 9 17, 10 19, 11 18, 12 18, 12 19, 13 15, 13 16, 
		0 2, 0 3, 1 14, 1 15, 2 19, 3 16, 3 18, 4 7, 4 8, 5 10, 5 11, 6 9, 6 14, 7 15, 8 11, 9 17, 10 19, 12 14, 12 18, 13 15, 13 16, 13 17, 
		0 1, 0 3, 1 14, 1 15, 2 17, 2 19, 3 16, 4 8, 4 9, 5 6, 5 11, 6 9, 7 10, 7 15, 8 16, 10 19, 11 18, 12 14, 12 18, 13 16, 13 17, 
----------- 8 2 17
		0 1, 0 2, 0 3, 1 14, 2 17, 3 18, 4 7, 4 8, 4 9, 5 10, 5 11, 6 9, 6 14, 7 15, 8 11, 8 16, 9 17, 10 19, 11 18, 12 18, 12 19, 13 15, 13 16, 
		0 2, 0 3, 1 14, 1 15, 2 19, 3 16, 3 18, 4 7, 4 8, 5 10, 5 11, 6 9, 6 14, 7 15, 8 11, 9 17, 10 19, 12 14, 12 18, 13 15, 13 16, 13 17, 
		0 1, 0 3, 1 14, 1 15, 2 17, 2 19, 3 16, 4 8, 4 9, 5 6, 5 11, 6 9, 7 10, 7 15, 8 16, 10 19, 11 18, 12 14, 12 18, 13 16, 13 17, 
----------- 9 2 19
		0 1, 0 2, 0 3, 1 14, 2 17, 3 16, 4 8, 4 9, 5 6, 5 10, 5 11, 6 9, 7 10, 7 15, 8 16, 9 17, 10 19, 10 19, 11 18, 12 14, 12 18, 13 15, 13 16, 
		0 2, 0 3, 1 14, 1 15, 2 17, 3 18, 4 7, 4 9, 5 6, 5 11, 6 9, 6 14, 7 10, 7 15, 8 11, 8 16, 10 19, 12 18, 12 19, 13 16, 13 17, 
		0 1, 0 3, 1 14, 2 17, 2 17, 3 16, 3 18, 4 7, 4 8, 5 10, 5 11, 6 9, 6 14, 7 15, 8 11, 9 17, 10 19, 11 18, 12 14, 12 19, 13 15, 13 16, 13 17, 
----------- 10 3 16
		0 2, 0 3, 1 14, 1 15, 2 17, 3 18, 4 7, 4 8, 4 9, 5 6, 5 10, 5 11, 6 9, 7 15, 8 11, 8 16, 10 19, 12 14, 12 18, 12 19, 13 16, 13 17, 
		0 1, 0 2, 0 3, 0 3, 1 14, 2 17, 4 8, 4 9, 5 6, 5 11, 6 14, 7 10, 7 15, 8 11, 9 17, 10 19, 11 18, 12 18, 12 19, 13 15, 13 16, 13 16, 13 17, 
		0 1, 0 3, 1 14, 1 15, 2 17, 2 19, 3 18, 4 7, 4 8, 5 10, 5 11, 6 9, 6 14, 7 10, 8 16, 9 17, 10 19, 11 18, 12 14, 12 18, 13 15, 13 16, 
----------- 11 3 18
		0 2, 0 3, 1 14, 1 15, 2 17, 3 16, 4 8, 4 9, 5 6, 5 10, 5 11, 6 9, 6 14, 7 10, 7 15, 8 16, 10 19, 11 18, 12 18, 12 19, 13 15, 13 16, 13 17, 
		0 1, 0 2, 0 3, 0 3, 1 14, 2 17, 4 8, 4 9, 5 6, 5 11, 6 9, 7 10, 7 15, 8 11, 8 16, 9 17, 10 19, 12 14, 12 18, 12 18, 12 19, 13 15, 13 16, 
		0 1, 0 3, 1 14, 1 15, 2 17, 2 19, 3 16, 4 7, 4 8, 5 10, 5 11, 6 9, 6 14, 7 15, 8 11, 9 17, 10 19, 11 18, 12 14, 12 18, 13 16, 13 17, 
----------- 12 4 7
		0 1, 0 2, 0 3, 1 14, 1 15, 2 17, 3 18, 4 8, 4 9, 5 6, 5 10, 5 11, 6 9, 6 14, 7 15, 7 15, 8 16, 10 19, 11 18, 12 18, 12 19, 13 15, 13 16, 13 17, 
		0 2, 0 3, 1 14, 1 15, 2 17, 2 19, 3 16, 3 18, 4 8, 4 9, 5 10, 5 11, 6 9, 6 14, 7 10, 7 15, 8 11, 9 17, 10 19, 12 14, 12 18, 12 19, 13 16, 13 17, 
		0 1, 0 3, 1 14, 2 17, 2 19, 3 16, 4 8, 4 8, 5 6, 5 11, 6 9, 7 10, 7 15, 8 11, 8 16, 9 17, 10 19, 11 18, 12 14, 12 18, 13 15, 13 16, 
----------- 13 4 8
		0 1, 0 2, 0 3, 1 14, 2 17, 3 18, 4 7, 4 9, 5 10, 5 11, 6 9, 6 14, 7 15, 8 11, 8 16, 9 17, 10 19, 12 18, 12 19, 13 15, 13 16, 
		0 1, 0 3, 1 15, 2 17, 2 19, 3 16, 3 18, 4 8, 4 9, 5 10, 5 11, 6 9, 6 14, 7 10, 7 15, 8 16, 10 19, 11 18, 12 14, 12 18, 13 15, 13 16, 13 17, 
		0 2, 0 3, 1 14, 1 15, 2 17, 2 19, 3 16, 4 7, 4 8, 5 6, 5 11, 6 9, 7 10, 7 15, 8 11, 9 17, 10 19, 11 18, 12 14, 12 18, 13 16, 13 17, 
----------- 14 4 8
		0 1, 0 2, 0 3, 1 14, 2 17, 3 18, 4 7, 4 9, 5 10, 5 11, 6 9, 6 14, 7 15, 8 11, 8 16, 9 17, 10 19, 12 18, 12 19, 13 15, 13 16, 
		0 1, 0 3, 1 15, 2 17, 2 19, 3 16, 3 18, 4 8, 4 9, 5 10, 5 11, 6 9, 6 14, 7 10, 7 15, 8 16, 10 19, 11 18, 12 14, 12 18, 13 15, 13 16, 13 17, 
		0 2, 0 3, 1 14, 1 15, 2 17, 2 19, 3 16, 4 7, 4 8, 5 6, 5 11, 6 9, 7 10, 7 15, 8 11, 9 17, 10 19, 11 18, 12 14, 12 18, 13 16, 13 17, 
----------- 15 4 9
		0 1, 0 2, 0 3, 1 14, 2 17, 3 18, 4 8, 4 8, 5 6, 5 11, 6 9, 7 10, 7 15, 8 11, 8 16, 9 17, 10 19, 11 18, 12 14, 12 19, 13 15, 13 16, 
		0 1, 0 3, 1 14, 1 15, 2 17, 2 19, 3 16, 4 7, 4 8, 5 6, 5 10, 5 11, 6 9, 6 9, 6 14, 7 15, 8 16, 10 19, 11 18, 12 14, 12 18, 13 15, 13 17, 
		0 2, 0 3, 1 14, 1 15, 2 17, 2 19, 3 16, 3 18, 4 7, 4 8, 5 10, 5 11, 6 9, 6 14, 7 10, 7 15, 8 11, 9 17, 10 19, 12 18, 12 19, 13 16, 13 17, 
----------- 16 5 6
		0 1, 0 2, 0 3, 1 14, 2 17, 3 16, 3 18, 4 7, 4 8, 4 9, 5 10, 5 11, 6 9, 6 9, 7 15, 8 11, 9 17, 10 19, 12 14, 12 18, 12 19, 13 15, 13 16, 
		0 1, 0 3, 1 14, 1 15, 2 17, 2 19, 3 16, 4 8, 4 9, 5 10, 5 11, 6 9, 6 14, 7 10, 7 15, 8 16, 10 19, 11 18, 12 14, 12 18, 13 15, 13 17, 
		0 2, 0 3, 1 14, 1 15, 2 19, 3 18, 4 7, 4 8, 5 11, 5 11, 6 9, 6 14, 7 10, 7 15, 8 11, 8 16, 9 17, 10 19, 11 18, 12 18, 12 19, 13 16, 13 17, 
----------- 17 5 10
		0 1, 0 2, 1 14, 2 17, 2 19, 3 16, 3 18, 4 7, 4 8, 5 6, 5 11, 6 9, 7 10, 7 15, 8 11, 9 17, 10 19, 12 14, 12 18, 13 15, 13 16, 
		0 1, 0 3, 1 14, 1 15, 2 17, 2 19, 3 18, 4 7, 4 9, 5 11, 5 11, 6 9, 6 14, 7 15, 8 11, 8 16, 10 19, 10 19, 11 18, 12 14, 12 19, 13 16, 13 17, 
		0 2, 0 3, 1 14, 1 15, 2 17, 3 16, 4 8, 4 9, 5 6, 5 11, 6 9, 6 14, 7 10, 7 15, 8 16, 10 19, 11 18, 12 18, 12 19, 13 15, 13 17, 
----------- 18 5 11
		0 2, 0 3, 1 14, 1 15, 2 17, 3 16, 3 18, 4 7, 4 8, 5 10, 5 11, 6 9, 6 14, 7 15, 8 11, 9 17, 10 19, 12 18, 12 19, 13 15, 13 16, 13 17, 
		0 1, 0 3, 1 14, 2 17, 2 19, 3 18, 4 8, 4 9, 5 6, 5 10, 6 9, 6 14, 7 10, 7 15, 8 11, 8 16, 9 17, 10 19, 11 18, 12 14, 12 18, 12 19, 13 15, 13 16, 
		0 2, 0 3, 1 14, 1 15, 2 17, 2 19, 3 16, 4 7, 4 8, 4 9, 5 6, 5 11, 6 9, 7 10, 7 15, 8 16, 10 19, 11 18, 12 14, 12 18, 13 16, 13 17, 
----------- 19 5 11
		0 2, 0 3, 1 14, 1 15, 2 17, 3 16, 3 18, 4 7, 4 8, 5 10, 5 11, 6 9, 6 14, 7 15, 8 11, 9 17, 10 19, 12 18, 12 19, 13 15, 13 16, 13 17, 
		0 1, 0 3, 1 14, 2 17, 2 19, 3 18, 4 8, 4 9, 5 6, 5 10, 6 9, 6 14, 7 10, 7 15, 8 11, 8 16, 9 17, 10 19, 11 18, 12 14, 12 18, 12 19, 13 15, 13 16, 
		0 2, 0 3, 1 14, 1 15, 2 17, 2 19, 3 16, 4 7, 4 8, 4 9, 5 6, 5 11, 6 9, 7 10, 7 15, 8 16, 10 19, 11 18, 12 14, 12 18, 13 16, 13 17, 
----------- 20 6 9
		0 2, 0 3, 1 14, 1 15, 2 17, 2 19, 3 18, 4 8, 4 9, 5 6, 5 10, 5 11, 6 9, 7 10, 7 15, 8 11, 8 16, 10 19, 11 18, 12 14, 12 18, 13 16, 13 17, 
		0 1, 0 3, 1 14, 2 17, 2 19, 3 16, 4 7, 4 8, 4 9, 5 6, 5 11, 6 14, 7 10, 7 15, 8 16, 9 17, 10 19, 11 18, 12 14, 12 18, 12 19, 13 15, 13 17, 
		0 1, 0 2, 0 3, 1 14, 1 15, 2 17, 3 16, 3 18, 4 7, 4 8, 5 10, 5 11, 6 9, 6 14, 7 15, 8 11, 9 17, 10 19, 12 18, 12 19, 13 15, 13 16, 
----------- 21 6 9
		0 2, 0 3, 1 14, 1 15, 2 17, 2 19, 3 18, 4 8, 4 9, 5 6, 5 10, 5 11, 6 9, 7 10, 7 15, 8 11, 8 16, 10 19, 11 18, 12 14, 12 18, 13 16, 13 17, 
		0 1, 0 3, 1 14, 2 17, 2 19, 3 16, 4 7, 4 8, 4 9, 5 6, 5 11, 6 14, 7 10, 7 15, 8 16, 9 17, 10 19, 11 18, 12 14, 12 18, 12 19, 13 15, 13 17, 
		0 1, 0 2, 0 3, 1 14, 1 15, 2 17, 3 16, 3 18, 4 7, 4 8, 5 10, 5 11, 6 9, 6 14, 7 15, 8 11, 9 17, 10 19, 12 18, 12 19, 13 15, 13 16, 
----------- 22 6 14
		0 2, 0 3, 1 14, 1 15, 2 17, 2 19, 3 18, 4 7, 4 9, 5 10, 5 11, 6 9, 6 9, 7 10, 7 15, 8 11, 8 16, 9 17, 10 19, 12 14, 12 18, 13 16, 13 17, 
		0 1, 0 3, 1 14, 2 17, 2 19, 3 16, 4 8, 4 9, 5 6, 5 11, 6 9, 7 10, 7 15, 8 16, 10 19, 11 18, 12 14, 12 18, 12 19, 13 15, 13 16, 13 17, 
		0 1, 0 2, 1 14, 1 14, 1 15, 2 17, 3 16, 3 18, 4 7, 4 8, 5 6, 5 10, 6 9, 7 15, 8 11, 9 17, 10 19, 11 18, 12 18, 12 19, 13 15, 13 16, 
----------- 23 7 10
		0 2, 0 3, 1 14, 1 15, 2 17, 3 16, 3 18, 4 8, 4 9, 5 10, 5 11, 6 9, 6 14, 7 15, 7 15, 8 11, 9 17, 10 19, 12 14, 12 18, 12 19, 13 15, 13 16, 
		0 1, 0 3, 1 14, 1 15, 2 17, 2 19, 3 18, 4 7, 4 9, 5 6, 5 11, 6 9, 6 14, 7 15, 8 11, 8 16, 10 19, 10 19, 12 18, 12 19, 13 16, 13 17, 
		0 1, 0 2, 0 3, 1 14, 2 17, 2 19, 3 16, 4 7, 4 8, 5 6, 5 10, 5 11, 6 9, 7 15, 8 16, 9 17, 10 19, 11 18, 12 14, 12 18, 13 15, 13 16, 13 17, 
----------- 24 7 15
		0 2, 0 3, 1 14, 1 15, 2 17, 3 18, 4 7, 4 8, 4 9, 5 6, 5 10, 5 11, 6 9, 6 14, 7 15, 8 11, 8 16, 9 17, 10 19, 12 18, 12 19, 13 16, 13 17, 
		0 1, 0 3, 1 14, 2 17, 2 19, 3 16, 4 8, 4 9, 5 10, 5 11, 6 9, 6 14, 7 10, 7 15, 8 16, 10 19, 11 18, 12 14, 12 18, 12 19, 13 15, 13 16, 13 17, 
		0 2, 0 3, 1 14, 1 15, 2 17, 2 19, 3 16, 3 18, 4 7, 4 8, 5 6, 5 11, 6 9, 7 10, 8 11, 9 17, 10 19, 11 18, 12 14, 12 18, 13 15, 13 16, 
----------- 25 7 15
		0 2, 0 3, 1 14, 1 15, 2 17, 3 18, 4 7, 4 8, 4 9, 5 6, 5 10, 5 11, 6 9, 6 14, 7 15, 8 11, 8 16, 9 17, 10 19, 12 18, 12 19, 13 16, 13 17, 
		0 1, 0 3, 1 14, 2 17, 2 19, 3 16, 4 8, 4 9, 5 10, 5 11, 6 9, 6 14, 7 10, 7 15, 8 16, 10 19, 11 18, 12 14, 12 18, 12 19, 13 15, 13 16, 13 17, 
		0 2, 0 3, 1 14, 1 15, 2 17, 2 19, 3 16, 3 18, 4 7, 4 8, 5 6, 5 11, 6 9, 7 10, 8 11, 9 17, 10 19, 11 18, 12 14, 12 18, 13 15, 13 16, 
----------- 26 8 11
		0 1, 0 2, 0 3, 1 15, 2 19, 3 18, 4 7, 4 8, 5 6, 5 10, 5 11, 5 11, 6 9, 6 14, 7 15, 8 16, 9 17, 10 19, 12 14, 12 18, 13 16, 13 17, 
		0 1, 0 3, 1 14, 2 17, 2 19, 3 16, 4 8, 4 9, 5 6, 5 11, 6 9, 7 10, 7 15, 8 16, 10 19, 11 18, 12 14, 12 18, 12 19, 13 15, 13 16, 13 17, 
		0 2, 0 3, 1 14, 1 15, 2 17, 3 16, 3 18, 4 7, 4 8, 4 8, 4 9, 5 10, 5 11, 6 9, 6 14, 7 10, 9 17, 10 19, 11 18, 12 18, 12 19, 13 15, 13 16, 
----------- 27 8 16
		0 1, 0 2, 0 3, 1 14, 2 17, 3 18, 4 7, 4 8, 5 10, 5 11, 6 9, 6 14, 7 15, 8 11, 9 17, 10 19, 12 18, 12 19, 13 15, 13 16, 13 16, 13 17, 
		0 2, 0 3, 1 14, 1 15, 2 17, 2 19, 3 16, 3 18, 4 7, 4 8, 4 8, 4 9, 5 6, 5 11, 6 9, 7 10, 9 17, 10 19, 11 18, 12 14, 12 18, 13 15, 13 16, 
		0 1, 0 3, 1 14, 1 15, 2 17, 2 19, 3 16, 4 8, 4 9, 5 10, 5 11, 6 9, 6 14, 7 10, 7 15, 8 11, 11 18, 12 18, 12 19, 13 16, 13 17, 
----------- 28 9 17
		0 1, 0 2, 0 3, 1 14, 2 17, 2 17, 2 19, 3 16, 4 7, 4 8, 5 6, 5 11, 6 9, 6 9, 6 14, 7 10, 7 15, 8 16, 10 19, 11 18, 12 18, 12 19, 13 15, 13 16, 
		0 1, 0 3, 1 14, 1 15, 2 17, 2 19, 3 16, 3 18, 4 8, 4 9, 5 6, 5 10, 5 11, 6 9, 7 10, 7 15, 8 11, 10 19, 11 18, 12 14, 12 18, 13 16, 13 17, 
		0 2, 0 3, 1 14, 1 15, 2 17, 3 18, 4 7, 4 9, 5 10, 5 11, 6 9, 6 14, 7 15, 8 11, 8 16, 10 19, 12 14, 12 18, 12 19, 13 15, 13 16, 13 17, 
----------- 29 10 19
		0 2, 0 3, 1 14, 1 15, 2 17, 3 16, 4 8, 4 9, 5 6, 5 11, 6 9, 6 14, 7 10, 7 15, 8 11, 9 17, 10 19, 11 18, 12 18, 12 19, 13 15, 13 16, 
		0 1, 0 3, 1 14, 2 17, 2 19, 3 18, 4 8, 4 9, 5 10, 5 11, 6 9, 6 14, 7 10, 7 15, 8 16, 11 18, 12 14, 12 19, 13 15, 13 16, 13 17, 
		0 1, 0 2, 1 14, 1 15, 2 19, 3 16, 3 18, 4 7, 4 8, 5 6, 5 10, 5 11, 6 9, 7 15, 8 11, 9 17, 10 19, 12 14, 12 18, 13 16, 13 17, 
----------- 30 10 19
		0 2, 0 3, 1 14, 1 15, 2 17, 3 16, 4 8, 4 9, 5 6, 5 11, 6 9, 6 14, 7 10, 7 15, 8 11, 9 17, 10 19, 11 18, 12 18, 12 19, 13 15, 13 16, 
		0 1, 0 3, 1 14, 2 17, 2 19, 3 18, 4 8, 4 9, 5 10, 5 11, 6 9, 6 14, 7 10, 7 15, 8 16, 11 18, 12 14, 12 19, 13 15, 13 16, 13 17, 
		0 1, 0 2, 1 14, 1 15, 2 19, 3 16, 3 18, 4 7, 4 8, 5 6, 5 10, 5 11, 6 9, 7 15, 8 11, 9 17, 10 19, 12 14, 12 18, 13 16, 13 17, 
----------- 31 11 18
		0 1, 0 2, 0 3, 1 14, 2 17, 3 16, 3 18, 4 8, 4 9, 5 6, 5 11, 6 14, 7 10, 7 15, 8 11, 9 17, 10 19, 12 18, 12 19, 13 15, 13 16, 13 17, 
		0 1, 0 3, 1 14, 1 15, 2 17, 2 19, 3 18, 4 7, 4 8, 4 9, 5 10, 5 11, 6 9, 6 14, 7 10, 7 15, 8 11, 8 16, 10 19, 12 14, 12 18, 13 16, 13 17, 
		0 2, 0 3, 1 14, 1 15, 2 17, 2 19, 3 16, 4 7, 4 8, 5 6, 5 10, 5 11, 5 11, 6 9, 7 15, 8 16, 9 17, 10 19, 12 14, 12 18, 12 18, 12 19, 13 15, 13 16, 
----------- 32 12 14
		0 1, 0 3, 1 14, 2 17, 2 19, 3 16, 4 7, 4 8, 4 9, 5 6, 5 10, 5 11, 6 9, 6 14, 7 15, 8 16, 10 19, 11 18, 12 18, 12 19, 13 15, 13 17, 
		0 2, 0 3, 1 14, 1 15, 2 19, 3 16, 3 18, 4 7, 4 8, 5 10, 5 11, 6 9, 6 14, 7 10, 7 15, 8 11, 9 17, 10 19, 11 18, 12 18, 12 18, 13 16, 13 17, 
		0 1, 0 2, 0 3, 1 14, 1 14, 1 15, 2 17, 3 18, 4 8, 4 9, 5 6, 5 11, 6 9, 7 10, 7 15, 8 11, 8 16, 9 17, 10 19, 12 18, 12 19, 13 15, 13 16, 
----------- 33 12 18
		0 2, 0 3, 1 14, 1 15, 2 17, 3 18, 4 8, 4 9, 5 10, 5 11, 6 9, 6 14, 7 10, 7 15, 8 16, 10 19, 11 18, 12 14, 12 19, 13 16, 13 17, 
		0 1, 0 2, 0 3, 1 14, 2 19, 3 18, 4 7, 4 8, 5 10, 5 11, 6 9, 6 14, 7 15, 8 11, 8 16, 9 17, 10 19, 12 18, 12 19, 13 15, 13 16, 13 17, 
		0 1, 0 3, 1 14, 1 15, 2 17, 2 19, 3 16, 4 8, 4 9, 5 6, 5 11, 6 9, 7 10, 7 15, 8 11, 9 17, 10 19, 11 18, 12 14, 12 18, 13 15, 13 16, 
----------- 34 12 18
		0 2, 0 3, 1 14, 1 15, 2 17, 3 18, 4 8, 4 9, 5 10, 5 11, 6 9, 6 14, 7 10, 7 15, 8 16, 10 19, 11 18, 12 14, 12 19, 13 16, 13 17, 
		0 1, 0 2, 0 3, 1 14, 2 19, 3 18, 4 7, 4 8, 5 10, 5 11, 6 9, 6 14, 7 15, 8 11, 8 16, 9 17, 10 19, 12 18, 12 19, 13 15, 13 16, 13 17, 
		0 1, 0 3, 1 14, 1 15, 2 17, 2 19, 3 16, 4 8, 4 9, 5 6, 5 11, 6 9, 7 10, 7 15, 8 11, 9 17, 10 19, 11 18, 12 14, 12 18, 13 15, 13 16, 
----------- 35 12 19
		0 1, 0 2, 0 3, 1 14, 1 15, 2 17, 3 16, 4 8, 4 9, 5 10, 5 11, 6 9, 6 14, 7 10, 7 15, 8 16, 9 17, 10 19, 10 19, 11 18, 12 14, 12 18, 13 15, 13 16, 
		0 2, 0 3, 1 14, 1 15, 2 17, 2 19, 3 18, 4 7, 4 9, 5 6, 5 10, 5 11, 6 9, 7 15, 8 11, 8 16, 10 19, 12 14, 12 18, 13 16, 13 17, 
		0 1, 0 3, 1 14, 2 17, 2 19, 3 16, 3 18, 4 7, 4 8, 5 6, 5 11, 6 9, 6 14, 7 10, 7 15, 8 11, 9 17, 10 19, 11 18, 12 18, 12 18, 13 15, 13 16, 
----------- 36 13 15
		0 1, 0 3, 1 14, 1 15, 2 17, 2 19, 3 16, 3 18, 4 8, 4 9, 5 6, 5 10, 5 11, 6 9, 7 10, 7 15, 8 11, 10 19, 11 18, 12 14, 12 18, 12 19, 13 16, 13 17, 
		0 2, 0 3, 1 14, 1 15, 2 17, 2 19, 3 18, 4 7, 4 8, 5 10, 5 11, 6 9, 6 14, 7 15, 8 11, 8 16, 9 17, 10 19, 12 14, 12 18, 13 16, 13 17, 
		0 1, 0 2, 0 3, 1 14, 2 17, 3 16, 4 7, 4 8, 4 9, 5 6, 5 11, 6 14, 7 10, 7 15, 7 15, 8 16, 9 17, 10 19, 11 18, 12 18, 12 19, 13 16, 13 16, 
----------- 37 13 16
		0 2, 0 3, 1 14, 1 15, 2 17, 3 18, 4 8, 4 9, 5 10, 5 11, 6 9, 6 14, 7 10, 7 15, 8 16, 9 17, 10 19, 11 18, 12 18, 12 19, 13 15, 13 16, 
		0 1, 0 2, 0 3, 1 15, 2 19, 3 16, 4 7, 4 8, 5 6, 5 10, 5 11, 6 9, 6 14, 7 15, 8 11, 9 17, 10 19, 11 18, 12 14, 12 18, 13 16, 13 17, 
		0 1, 0 3, 1 14, 2 17, 2 19, 3 16, 3 18, 4 7, 4 9, 5 6, 5 11, 6 9, 7 10, 7 15, 8 11, 8 16, 10 19, 12 14, 12 18, 12 19, 13 15, 13 17, 
----------- 38 13 16
		0 2, 0 3, 1 14, 1 15, 2 17, 3 18, 4 8, 4 9, 5 10, 5 11, 6 9, 6 14, 7 10, 7 15, 8 16, 9 17, 10 19, 11 18, 12 18, 12 19, 13 15, 13 16, 
		0 1, 0 2, 0 3, 1 15, 2 19, 3 16, 4 7, 4 8, 5 6, 5 10, 5 11, 6 9, 6 14, 7 15, 8 11, 9 17, 10 19, 11 18, 12 14, 12 18, 13 16, 13 17, 
		0 1, 0 3, 1 14, 2 17, 2 19, 3 16, 3 18, 4 7, 4 9, 5 6, 5 11, 6 9, 7 10, 7 15, 8 11, 8 16, 10 19, 12 14, 12 18, 12 19, 13 15, 13 17, 
----------- 39 13 17
		0 1, 0 2, 0 3, 1 14, 2 17, 2 17, 2 19, 3 18, 4 8, 4 9, 5 10, 5 11, 6 9, 6 14, 7 10, 7 15, 8 16, 10 19, 11 18, 12 14, 12 18, 13 15, 13 16, 
		0 1, 0 3, 1 14, 1 15, 2 17, 2 19, 3 16, 4 7, 4 8, 5 6, 5 10, 5 11, 6 9, 7 15, 8 11, 8 16, 9 17, 10 19, 11 18, 12 14, 12 18, 12 19, 13 16, 13 16, 
		0 2, 0 3, 1 14, 1 15, 2 17, 3 16, 3 18, 4 8, 4 9, 5 6, 5 11, 6 9, 6 14, 7 10, 7 15, 8 11, 9 17, 10 19, 12 18, 12 19, 13 15, 13 16, 
17 13, 16 13, 16 13, 15 13, 19 12, 19 12, 18 12, 14 12, 18 11, 19 10, 17 9, 16 8, 11 8, 11 8, 15 7, 15 7, 10 7, 14 6, 14 6, 9 6, 11 5, 10 5, 10 5, 6 5, 9 4, 9 4, 8 4, 7 4, 18 3, 18 3, 16 3, 19 2, 17 2, 17 2, 15 1, 14 1, 3 0, 2 0, 1 0, 1 0, 
----------- 0 0 1
		0 1, 0 2, 1 14, 2 17, 2 19, 3 16, 3 18, 4 8, 4 9, 5 10, 5 11, 6 9, 6 14, 7 10, 7 15, 8 11, 9 17, 11 18, 12 14, 12 18, 12 19, 13 15, 13 16, 
		0 2, 0 3, 1 14, 1 15, 2 17, 3 18, 4 7, 4 9, 5 6, 5 10, 5 11, 6 14, 7 15, 8 11, 8 16, 9 17, 10 19, 12 18, 12 19, 13 15, 13 16, 13 17, 
		0 1, 0 3, 1 15, 2 17, 2 19, 3 18, 4 8, 4 9, 5 6, 5 10, 6 9, 6 14, 7 10, 7 15, 8 11, 8 16, 11 18, 12 14, 12 19, 13 16, 13 17, 
----------- 1 0 1
		0 1, 0 2, 1 14, 2 17, 2 19, 3 16, 3 18, 4 8, 4 9, 5 10, 5 11, 6 9, 6 14, 7 10, 7 15, 8 11, 9 17, 11 18, 12 14, 12 18, 12 19, 13 15, 13 16, 
		0 2, 0 3, 1 14, 1 15, 2 17, 3 18, 4 7, 4 9, 5 6, 5 10, 5 11, 6 14, 7 15, 8 11, 8 16, 9 17, 10 19, 12 18, 12 19, 13 15, 13 16, 13 17, 
		0 1, 0 3, 1 15, 2 17, 2 19, 3 18, 4 8, 4 9, 5 6, 5 10, 6 9, 6 14, 7 10, 7 15, 8 11, 8 16, 11 18, 12 14, 12 19, 13 16, 13 17, 
----------- 2 0 2
		0 1, 0 3, 1 14, 2 17, 2 17, 3 18, 4 7, 4 9, 5 10, 5 11, 6 9, 6 14, 7 15, 8 11, 8 16, 9 17, 10 19, 12 18, 12 19, 13 15, 13 16, 13 17, 
		0 1, 0 3, 1 15, 2 17, 2 19, 3 16, 3 18, 4 7, 4 8, 4 9, 5 10, 5 11, 6 9, 6 14, 7 15, 8 11, 10 19, 12 14, 12 18, 13 16, 13 17, 
		0 1, 0 1, 1 14, 1 15, 2 17, 2 19, 3 16, 3 18, 4 8, 4 9, 5 6, 5 10, 6 14, 7 10, 7 15, 8 11, 9 17, 11 18, 12 14, 12 19, 13 15, 13 16, 
----------- 3 0 3
		0 1, 0 1, 1 14, 1 15, 2 17, 2 19, 3 16, 3 18, 4 7, 4 9, 5 10, 5 11, 6 9, 6 14, 7 10, 7 15, 8 11, 8 16, 12 18, 12 19, 13 15, 13 16, 13 17, 
		0 1, 0 2, 1 14, 2 17, 2 19, 3 18, 3 18, 4 7, 4 8, 4 9, 5 6, 5 10, 6 9, 6 14, 7 15, 8 11, 8 16, 9 17, 10 19, 11 18, 12 14, 12 18, 13 15, 13 16, 
		0 1, 0 2, 1 15, 2 17, 3 16, 3 18, 4 8, 4 9, 5 6, 5 11, 6 14, 7 10, 7 15, 8 11, 9 17, 10 19, 11 18, 12 14, 12 19, 13 16, 13 17, 
----------- 4 1 14
		0 1, 0 3, 1 15, 2 17, 2 19, 3 16, 3 18, 4 8, 4 9, 5 6, 5 10, 6 9, 6 14, 6 14, 7 10, 7 15, 8 11, 9 17, 11 18, 12 18, 12 19, 13 15, 13 16, 
		0 1, 0 2, 1 15, 2 17, 3 16, 3 18, 4 7, 4 9, 5 10, 5 11, 6 9, 6 14, 7 15, 8 11, 8 16, 10 19, 12 14, 12 18, 12 19, 13 16, 13 17, 
		0 1, 0 1, 0 2, 0 3, 2 17, 2 19, 3 18, 4 7, 4 8, 4 9, 5 6, 5 11, 6 14, 7 10, 7 15, 8 11, 8 16, 9 17, 10 19, 11 18, 12 14, 12 19, 13 15, 13 16, 
----------- 5 1 15
		0 1, 0 2, 1 14, 2 17, 3 16, 3 18, 4 8, 4 9, 5 10, 5 11, 6 9, 6 14, 7 10, 7 15, 8 11, 10 19, 11 18, 12 14, 12 19, 13 15, 13 16, 13 17, 
		0 1, 0 1, 0 2, 0 3, 2 17, 2 19, 3 18, 4 7, 4 9, 5 6, 5 10, 6 14, 7 10, 7 15, 7 15, 8 11, 8 16, 9 17, 11 18, 12 14, 12 19, 13 16, 13 17, 
		0 1, 0 3, 1 14, 2 17, 2 19, 3 16, 3 18, 4 7, 4 8, 4 9, 5 6, 5 10, 5 11, 6 9, 6 14, 7 15, 8 11, 8 16, 9 17, 10 19, 12 18, 12 19, 13 15, 13 16, 
----------- 6 2 17
		0 1, 0 2, 1 14, 2 17, 3 16, 3 18, 4 7, 4 8, 4 9, 5 6, 5 10, 6 9, 6 14, 7 15, 8 11, 10 19, 11 18, 12 14, 12 18, 12 19, 13 15, 13 16, 13 17, 
		0 1, 0 2, 0 3, 1 15, 2 19, 3 18, 4 8, 4 9, 5 10, 5 11, 6 9, 6 14, 7 10, 7 15, 8 11, 8 16, 9 17, 11 18, 12 14, 12 19, 13 16, 13 17, 
		0 1, 0 3, 1 14, 1 15, 2 17, 2 19, 3 16, 3 18, 4 7, 4 9, 5 6, 5 10, 5 11, 6 14, 7 10, 7 15, 8 11, 8 16, 9 17, 12 18, 12 19, 13 15, 13 16, 
----------- 7 2 17
		0 1, 0 2, 1 14, 2 17, 3 16, 3 18, 4 7, 4 8, 4 9, 5 6, 5 10, 6 9, 6 14, 7 15, 8 11, 10 19, 11 18, 12 14, 12 18, 12 19, 13 15, 13 16, 13 17, 
		0 1, 0 2, 0 3, 1 15, 2 19, 3 18, 4 8, 4 9, 5 10, 5 11, 6 9, 6 14, 7 10, 7 15, 8 11, 8 16, 9 17, 11 18, 12 14, 12 19, 13 16, 13 17, 
		0 1, 0 3, 1 14, 1 15, 2 17, 2 19, 3 16, 3 18, 4 7, 4 9, 5 6, 5 10, 5 11, 6 14, 7 10, 7 15, 8 11, 8 16, 9 17, 12 18, 12 19, 13 15, 13 16, 
----------- 8 2 19
		0 1, 0 2, 1 14, 2 17, 3 16, 3 18, 4 7, 4 8, 4 9, 5 6, 5 10, 5 11, 6 14, 7 15, 8 11, 9 17, 10 19, 12 18, 12 19, 13 15, 13 16, 
		0 1, 0 3, 1 15, 2 17, 2 17, 3 16, 3 18, 4 8, 4 9, 5 10, 5 11, 6 9, 6 14, 7 10, 7 15, 8 11, 9 17, 10 19, 11 18, 12 14, 12 19, 13 16, 13 17, 
		0 2, 0 3, 1 14, 1 15, 2 17, 3 18, 4 7, 4 9, 5 6, 5 10, 6 9, 6 14, 7 10, 7 15, 8 11, 8 16, 11 18, 12 14, 12 18, 12 19, 12 19, 13 15, 13 16, 13 17, 
----------- 9 3 16
		0 1, 0 2, 1 14, 1 15, 2 17, 3 18, 3 18, 4 8, 4 9, 5 10, 5 11, 6 9, 6 14, 7 10, 7 15, 8 11, 8 16, 10 19, 11 18, 12 14, 12 18, 12 19, 13 16, 13 17, 
		0 1, 0 3, 1 14, 2 17, 2 19, 3 18, 4 7, 4 9, 5 10, 5 11, 6 9, 6 14, 7 15, 8 11, 8 16, 9 17, 10 19, 12 18, 12 19, 13 15, 13 16, 
		0 1, 0 3, 1 15, 2 17, 2 19, 3 18, 4 7, 4 8, 4 9, 5 6, 5 10, 6 14, 7 10, 8 11, 9 17, 11 18, 12 14, 12 19, 13 15, 13 16, 13 16, 13 17, 
----------- 10 3 18
		0 1, 0 3, 1 14, 2 17, 2 19, 3 16, 4 8, 4 9, 5 10, 5 11, 6 9, 6 14, 7 10, 7 15, 8 11, 11 18, 12 18, 12 19, 13 15, 13 16, 13 17, 
		0 1, 0 2, 0 3, 1 14, 1 15, 2 17, 3 18, 4 7, 4 9, 5 6, 5 10, 6 14, 7 10, 7 15, 8 11, 8 16, 9 17, 10 19, 11 18, 12 14, 12 19, 13 15, 13 16, 
		0 1, 0 2, 1 15, 2 17, 2 19, 3 16, 3 18, 4 7, 4 9, 5 10, 5 11, 6 9, 6 14, 7 15, 8 11, 8 16, 10 19, 12 14, 12 18, 12 19, 13 16, 13 17, 
----------- 11 3 18
		0 1, 0 3, 1 14, 2 17, 2 19, 3 16, 4 8, 4 9, 5 10, 5 11, 6 9, 6 14, 7 10, 7 15, 8 11, 11 18, 12 18, 12 19, 13 15, 13 16, 13 17, 
		0 1, 0 2, 0 3, 1 14, 1 15, 2 17, 3 18, 4 7, 4 9, 5 6, 5 10, 6 14, 7 10, 7 15, 8 11, 8 16, 9 17, 10 19, 11 18, 12 14, 12 19, 13 15, 13 16, 
		0 1, 0 2, 1 15, 2 17, 2 19, 3 16, 3 18, 4 7, 4 9, 5 10, 5 11, 6 9, 6 14, 7 15, 8 11, 8 16, 10 19, 12 14, 12 18, 12 19, 13 16, 13 17, 
----------- 12 4 7
		0 1, 0 2, 0 3, 1 15, 2 17, 3 18, 4 8, 4 9, 5 6, 5 10, 5 11, 6 14, 7 15, 7 15, 8 11, 8 16, 9 17, 10 19, 11 18, 12 14, 12 18, 12 19, 13 15, 13 16, 
		0 1, 0 3, 1 14, 2 17, 2 19, 3 16, 3 18, 4 9, 4 9, 5 10, 5 11, 6 9, 6 14, 7 10, 7 15, 8 11, 8 16, 9 17, 12 18, 12 19, 13 15, 13 17, 
		0 1, 0 2, 1 14, 1 15, 2 17, 2 19, 3 16, 3 18, 4 8, 4 9, 5 6, 5 10, 6 9, 6 14, 7 10, 7 15, 8 11, 11 18, 12 14, 12 19, 13 16, 13 17, 
----------- 13 4 8
		0 1, 0 2, 1 14, 2 17, 3 16, 3 18, 4 7, 4 9, 5 10, 5 11, 6 9, 6 14, 7 15, 8 11, 8 11, 10 19, 11 18, 12 14, 12 19, 13 15, 13 16, 13 17, 
		0 1, 0 2, 1 15, 2 17, 2 19, 3 16, 3 18, 4 9, 4 9, 5 10, 5 11, 6 9, 6 14, 7 10, 7 15, 8 11, 8 16, 9 17, 12 14, 12 18, 12 19, 13 15, 13 16, 
		0 1, 0 3, 1 14, 1 15, 2 17, 2 19, 3 18, 4 7, 4 9, 5 6, 5 10, 6 14, 7 10, 7 15, 8 11, 8 16, 9 17, 10 19, 11 18, 12 18, 12 19, 13 16, 13 17, 
----------- 14 4 9
		0 1, 0 2, 0 3, 1 14, 2 17, 3 18, 4 7, 4 9, 5 6, 5 10, 6 14, 7 15, 8 11, 8 16, 9 17, 10 19, 11 18, 12 18, 12 19, 13 15, 13 16, 
		0 1, 0 3, 1 14, 1 15, 2 17, 2 19, 3 16, 3 18, 4 8, 4 9, 5 10, 5 11, 6 9, 6 14, 7 10, 7 15, 8 11, 10 19, 12 14, 12 18, 12 19, 13 16, 13 17, 
		0 1, 0 2, 1 15, 2 19, 3 16, 3 18, 4 7, 4 8, 5 6, 5 10, 5 11, 6 9, 6 14, 7 10, 7 15, 8 11, 8 16, 9 17, 11 18, 12 14, 12 19, 13 15, 13 16, 13 17, 
----------- 15 4 9
		0 1, 0 2, 0 3, 1 14, 2 17, 3 18, 4 7, 4 9, 5 6, 5 10, 6 14, 7 15, 8 11, 8 16, 9 17, 10 19, 11 18, 12 18, 12 19, 13 15, 13 16, 
		0 1, 0 3, 1 14, 1 15, 2 17, 2 19, 3 16, 3 18, 4 8, 4 9, 5 10, 5 11, 6 9, 6 14, 7 10, 7 15, 8 11, 10 19, 12 14, 12 18, 12 19, 13 16, 13 17, 
		0 1, 0 2, 1 15, 2 19, 3 16, 3 18, 4 7, 4 8, 5 6, 5 10, 5 11, 6 9, 6 14, 7 10, 7 15, 8 11, 8 16, 9 17, 11 18, 12 14, 12 19, 13 15, 13 16, 13 17, 
----------- 16 5 6
		0 1, 0 2, 1 15, 2 17, 3 16, 3 18, 4 7, 4 8, 5 10, 5 11, 6 9, 6 14, 7 15, 8 11, 9 17, 10 19, 11 18, 12 14, 12 19, 13 15, 13 16, 
		0 1, 0 3, 1 14, 2 17, 2 19, 3 16, 3 18, 4 7, 4 9, 5 10, 5 11, 6 14, 6 14, 7 10, 7 15, 8 11, 8 16, 9 17, 12 14, 12 18, 12 19, 13 15, 13 17, 
		0 1, 0 2, 0 3, 1 14, 1 15, 2 17, 2 19, 3 18, 4 8, 4 9, 5 10, 5 10, 6 9, 6 14, 7 10, 7 15, 8 11, 8 16, 10 19, 11 18, 12 18, 12 19, 13 16, 13 17, 
----------- 17 5 10
		0 1, 0 2, 1 15, 2 17, 2 19, 3 16, 3 18, 4 8, 4 9, 5 6, 5 10, 6 14, 7 10, 7 15, 8 11, 9 17, 11 18, 12 14, 12 19, 13 15, 13 16, 
		0 1, 0 3, 1 14, 2 17, 2 19, 3 18, 4 7, 4 9, 5 10, 5 11, 6 9, 6 14, 7 15, 8 11, 8 16, 9 17, 10 19, 12 18, 12 19, 13 15, 13 16, 13 17, 
		0 2, 0 3, 1 14, 1 15, 2 17, 3 18, 4 8, 4 9, 5 6, 5 11, 6 9, 6 14, 7 10, 7 15, 8 16, 10 19, 11 18, 12 14, 12 18, 12 19, 13 16, 13 17, 
----------- 18 5 10
		0 1, 0 2, 1 15, 2 17, 2 19, 3 16, 3 18, 4 8, 4 9, 5 6, 5 10, 6 14, 7 10, 7 15, 8 11, 9 17, 11 18, 12 14, 12 19, 13 15, 13 16, 
		0 1, 0 3, 1 14, 2 17, 2 19, 3 18, 4 7, 4 9, 5 10, 5 11, 6 9, 6 14, 7 15, 8 11, 8 16, 9 17, 10 19, 12 18, 12 19, 13 15, 13 16, 13 17, 
		0 2, 0 3, 1 14, 1 15, 2 17, 3 18, 4 8, 4 9, 5 6, 5 11, 6 9, 6 14, 7 10, 7 15, 8 16, 10 19, 11 18, 12 14, 12 18, 12 19, 13 16, 13 17, 
----------- 19 5 11
		0 1, 0 2, 0 3, 1 14, 1 15, 2 17, 3 18, 4 7, 4 8, 4 9, 5 6, 5 10, 6 14, 7 15, 8 11, 8 11, 8 16, 9 17, 10 19, 12 18, 12 19, 13 15, 13 16, 13 17, 
		0 1, 0 3, 1 14, 2 17, 2 19, 3 16, 3 18, 4 8, 4 9, 5 10, 5 10, 6 9, 6 14, 7 10, 7 15, 8 11, 9 17, 10 19, 11 18, 12 14, 12 19, 13 15, 13 16, 
		0 1, 0 2, 1 15, 2 17, 2 19, 3 16, 3 18, 4 7, 4 9, 5 6, 5 10, 6 9, 6 14, 7 10, 7 15, 8 11, 8 16, 11 18, 12 14, 12 18, 12 19, 13 16, 13 17, 
----------- 20 6 9
		0 1, 0 3, 1 15, 2 17, 2 19, 3 18, 4 7, 4 9, 5 6, 5 10, 6 14, 7 15, 8 11, 8 16, 9 17, 10 19, 11 18, 12 14, 12 18, 13 16, 13 17, 
		0 1, 0 3, 1 14, 2 17, 2 19, 3 16, 3 18, 4 7, 4 8, 4 9, 4 9, 5 10, 5 11, 6 14, 6 14, 7 10, 7 15, 8 11, 11 18, 12 14, 12 19, 13 15, 13 16, 13 17, 
		0 1, 0 2, 1 14, 1 15, 2 17, 3 16, 3 18, 4 8, 4 9, 5 6, 5 11, 6 14, 7 10, 7 15, 8 11, 8 16, 9 17, 10 19, 12 18, 12 19, 13 15, 13 16, 
----------- 21 6 14
		0 1, 0 2, 1 15, 2 17, 3 16, 3 18, 4 7, 4 9, 5 10, 5 11, 6 9, 6 14, 7 15, 8 11, 8 16, 9 17, 10 19, 12 14, 12 18, 12 19, 13 16, 13 17, 
		0 1, 0 2, 0 3, 1 14, 2 17, 3 18, 4 8, 4 9, 5 6, 5 11, 6 9, 7 10, 7 15, 8 16, 10 19, 11 18, 12 14, 12 19, 13 15, 13 16, 13 17, 
		0 1, 0 3, 1 14, 1 15, 2 17, 2 19, 3 16, 3 18, 4 7, 4 8, 4 9, 5 6, 5 10, 6 14, 7 10, 7 15, 8 11, 9 17, 11 18, 12 18, 12 19, 13 15, 13 16, 
----------- 22 6 14
		0 1, 0 2, 1 15, 2 17, 3 16, 3 18, 4 7, 4 9, 5 10, 5 11, 6 9, 6 14, 7 15, 8 11, 8 16, 9 17, 10 19, 12 14, 12 18, 12 19, 13 16, 13 17, 
		0 1, 0 2, 0 3, 1 14, 2 17, 3 18, 4 8, 4 9, 5 6, 5 11, 6 9, 7 10, 7 15, 8 16, 10 19, 11 18, 12 14, 12 19, 13 15, 13 16, 13 17, 
		0 1, 0 3, 1 14, 1 15, 2 17, 2 19, 3 16, 3 18, 4 7, 4 8, 4 9, 5 6, 5 10, 6 14, 7 10, 7 15, 8 11, 9 17, 11 18, 12 18, 12 19, 13 15, 13 16, 
----------- 23 7 10
		0 1, 0 2, 1 14, 2 17, 3 16, 3 18, 4 7, 4 8, 4 9, 5 6, 5 10, 6 14, 7 15, 8 11, 9 17, 10 19, 11 18, 12 18, 12 19, 13 15, 13 16, 
		0 1, 0 3, 1 15, 2 17, 2 19, 3 16, 3 18, 4 7, 4 9, 5 10, 5 11, 6 9, 6 14, 7 15, 8 11, 8 16, 10 19, 12 14, 12 18, 12 19, 13 16, 13 17, 
		0 1, 0 3, 1 14, 1 15, 2 17, 2 19, 3 18, 4 8, 4 9, 5 6, 5 10, 5 10, 5 11, 6 9, 7 15, 7 15, 8 16, 9 17, 11 18, 12 14, 12 19, 13 15, 13 16, 13 17, 
----------- 24 7 15
		0 1, 0 3, 1 14, 1 15, 2 17, 2 19, 3 16, 3 18, 4 7, 4 8, 4 9, 5 6, 5 10, 5 11, 6 14, 7 10, 8 11, 9 17, 12 18, 12 19, 13 15, 13 16, 
		0 1, 0 2, 0 3, 1 14, 2 17, 3 18, 4 7, 4 9, 5 6, 5 10, 6 14, 7 15, 8 11, 8 16, 9 17, 10 19, 11 18, 12 18, 12 19, 13 15, 13 16, 
		0 1, 0 2, 1 15, 2 17, 3 16, 3 18, 4 8, 4 9, 5 10, 5 11, 6 9, 6 14, 7 10, 7 15, 8 16, 10 19, 11 18, 12 14, 12 19, 13 16, 13 17, 
----------- 25 7 15
		0 1, 0 3, 1 14, 1 15, 2 17, 2 19, 3 16, 3 18, 4 7, 4 8, 4 9, 5 6, 5 10, 5 11, 6 14, 7 10, 8 11, 9 17, 12 18, 12 19, 13 15, 13 16, 
		0 1, 0 2, 0 3, 1 14, 2 17, 3 18, 4 7, 4 9, 5 6, 5 10, 6 14, 7 15, 8 11, 8 16, 9 17, 10 19, 11 18, 12 18, 12 19, 13 15, 13 16, 
		0 1, 0 2, 1 15, 2 17, 3 16, 3 18, 4 8, 4 9, 5 10, 5 11, 6 9, 6 14, 7 10, 7 15, 8 16, 10 19, 11 18, 12 14, 12 19, 13 16, 13 17, 
----------- 26 8 11
		0 1, 0 2, 1 14, 1 15, 2 17, 2 19, 3 16, 3 18, 4 8, 4 9, 5 6, 5 10, 5 11, 6 14, 7 10, 7 15, 8 16, 9 17, 10 19, 11 18, 12 18, 12 19, 13 15, 13 16, 13 17, 
		0 1, 0 3, 1 14, 2 17, 2 19, 3 16, 3 18, 4 7, 4 8, 4 9, 5 6, 5 10, 6 9, 7 10, 7 15, 8 11, 9 17, 11 18, 12 14, 12 19, 13 15, 13 16, 
		0 1, 0 2, 0 3, 1 15, 2 17, 3 18, 4 7, 4 9, 5 10, 5 11, 6 9, 6 14, 7 15, 8 11, 8 16, 10 19, 12 14, 12 18, 12 19, 13 16, 13 17, 
----------- 27 8 11
		0 1, 0 2, 1 14, 1 15, 2 17, 2 19, 3 16, 3 18, 4 8, 4 9, 5 6, 5 10, 5 11, 6 14, 7 10, 7 15, 8 16, 9 17, 10 19, 11 18, 12 18, 12 19, 13 15, 13 16, 13 17, 
		0 1, 0 3, 1 14, 2 17, 2 19, 3 16, 3 18, 4 7, 4 8, 4 9, 5 6, 5 10, 6 9, 7 10, 7 15, 8 11, 9 17, 11 18, 12 14, 12 19, 13 15, 13 16, 
		0 1, 0 2, 0 3, 1 15, 2 17, 3 18, 4 7, 4 9, 5 10, 5 11, 6 9, 6 14, 7 15, 8 11, 8 16, 10 19, 12 14, 12 18, 12 19, 13 16, 13 17, 
----------- 28 8 16
		0 1, 0 2, 1 14, 2 17, 2 19, 3 16, 3 18, 4 8, 4 9, 5 6, 5 10, 6 14, 7 10, 7 15, 8 11, 9 17, 11 18, 12 14, 12 19, 13 15, 13 16, 
		0 1, 0 3, 1 15, 2 17, 2 19, 3 18, 4 7, 4 9, 5 10, 5 11, 6 9, 6 14, 7 15, 8 11, 8 11, 10 19, 11 18, 12 14, 12 18, 13 15, 13 16, 13 16, 13 17, 
		0 1, 0 2, 1 14, 1 15, 2 17, 3 16, 3 18, 4 7, 4 8, 4 9, 5 6, 5 11, 6 9, 6 14, 7 10, 7 15, 8 11, 10 19, 12 18, 12 19, 13 16, 13 17, 
----------- 29 9 17
		0 1, 0 3, 1 14, 1 15, 2 17, 2 19, 3 18, 4 7, 4 8, 4 9, 4 9, 5 6, 5 10, 6 14, 7 15, 8 11, 8 16, 10 19, 11 18, 12 14, 12 19, 13 16, 13 17, 
		0 1, 0 2, 0 3, 1 15, 2 17, 2 17, 2 19, 3 16, 4 8, 4 9, 5 6, 5 10, 6 9, 6 14, 7 10, 7 15, 8 11, 11 18, 12 14, 12 18, 12 19, 13 15, 13 16, 
		0 1, 0 2, 1 14, 2 17, 3 16, 3 18, 4 7, 4 9, 5 10, 5 11, 6 9, 6 14, 7 10, 7 15, 8 11, 8 16, 10 19, 12 18, 12 19, 13 15, 13 16, 13 17, 
----------- 30 10 19
		0 1, 0 2, 1 15, 2 19, 3 16, 3 18, 4 7, 4 8, 5 6, 5 10, 6 9, 6 14, 7 10, 7 15, 8 11, 9 17, 11 18, 12 14, 12 19, 13 16, 13 17, 
		0 1, 0 2, 1 14, 2 17, 3 16, 3 18, 4 8, 4 9, 5 10, 5 11, 6 9, 6 14, 7 10, 7 15, 8 11, 11 18, 12 14, 12 18, 12 19, 12 19, 13 15, 13 16, 13 17, 
		0 1, 0 3, 1 14, 1 15, 2 17, 2 19, 3 18, 4 7, 4 9, 5 6, 5 10, 5 10, 5 11, 6 14, 7 15, 8 11, 8 16, 9 17, 12 18, 12 19, 13 15, 13 16, 
----------- 31 11 18
		0 1, 0 2, 0 3, 1 15, 2 17, 3 16, 3 18, 3 18, 4 7, 4 8, 5 10, 5 11, 6 9, 6 14, 7 15, 8 11, 9 17, 10 19, 12 14, 12 19, 13 16, 13 17, 
		0 1, 0 2, 1 14, 1 15, 2 17, 2 19, 3 16, 3 18, 4 8, 4 9, 5 6, 5 10, 6 9, 6 14, 7 10, 7 15, 8 11, 8 11, 8 16, 12 18, 12 19, 13 16, 13 17, 
		0 1, 0 3, 1 14, 2 17, 2 19, 3 18, 4 7, 4 9, 5 6, 5 11, 6 14, 7 10, 7 15, 8 11, 8 16, 9 17, 10 19, 12 18, 12 19, 13 15, 13 16, 
----------- 32 12 14
		0 1, 0 2, 0 3, 1 15, 2 17, 2 19, 3 18, 4 7, 4 8, 4 9, 5 6, 5 10, 5 11, 6 9, 6 14, 6 14, 7 10, 7 15, 8 11, 8 16, 12 18, 12 19, 13 16, 13 17, 
		0 1, 0 3, 1 14, 2 17, 2 19, 3 16, 3 18, 4 8, 4 9, 5 10, 5 11, 6 9, 6 14, 7 10, 7 15, 8 11, 10 19, 11 18, 12 19, 12 19, 13 15, 13 16, 13 17, 
		0 1, 0 2, 1 14, 2 17, 3 16, 3 18, 4 7, 4 9, 5 6, 5 10, 6 14, 7 15, 8 11, 8 16, 9 17, 10 19, 11 18, 12 18, 12 19, 13 15, 13 16, 
----------- 33 12 18
		0 1, 0 2, 1 14, 1 15, 2 17, 2 19, 3 16, 3 18, 4 7, 4 8, 4 9, 5 10, 5 11, 6 9, 6 14, 7 10, 7 15, 8 11, 10 19, 11 18, 12 19, 12 19, 13 16, 13 17, 
		0 1, 0 3, 1 15, 2 17, 2 19, 3 18, 4 8, 4 9, 5 6, 5 10, 6 9, 6 14, 7 10, 7 15, 8 11, 8 16, 9 17, 11 18, 12 14, 12 19, 13 15, 13 16, 
		0 1, 0 2, 0 3, 1 14, 2 17, 3 16, 3 18, 3 18, 4 7, 4 9, 5 6, 5 10, 5 11, 6 14, 7 15, 8 11, 8 16, 9 17, 10 19, 12 14, 12 19, 13 15, 13 16, 
----------- 34 12 19
		0 1, 0 2, 1 15, 2 17, 2 19, 3 16, 3 18, 4 7, 4 8, 4 9, 5 10, 5 11, 6 9, 6 14, 7 15, 8 11, 10 19, 12 14, 12 18, 13 16, 13 17, 
		0 1, 0 2, 0 3, 1 14, 2 17, 3 18, 4 7, 4 9, 5 6, 5 10, 6 14, 7 15, 8 11, 8 16, 9 17, 10 19, 11 18, 12 18, 12 19, 13 15, 13 16, 
		0 1, 0 3, 1 14, 1 15, 2 17, 2 19, 3 18, 4 8, 4 9, 5 6, 5 10, 6 9, 7 10, 7 15, 8 11, 8 16, 11 18, 12 14, 12 19, 13 16, 13 17, 
----------- 35 12 19
		0 1, 0 2, 1 15, 2 17, 2 19, 3 16, 3 18, 4 7, 4 8, 4 9, 5 10, 5 11, 6 9, 6 14, 7 15, 8 11, 10 19, 12 14, 12 18, 13 16, 13 17, 
		0 1, 0 2, 0 3, 1 14, 2 17, 3 18, 4 7, 4 9, 5 6, 5 10, 6 14, 7 15, 8 11, 8 16, 9 17, 10 19, 11 18, 12 18, 12 19, 13 15, 13 16, 
		0 1, 0 3, 1 14, 1 15, 2 17, 2 19, 3 18, 4 8, 4 9, 5 6, 5 10, 6 9, 7 10, 7 15, 8 11, 8 16, 11 18, 12 14, 12 19, 13 16, 13 17, 
----------- 36 13 15
		0 1, 0 3, 1 15, 2 17, 2 19, 3 18, 4 7, 4 9, 5 10, 5 11, 6 9, 6 14, 7 15, 8 11, 8 16, 10 19, 11 18, 12 14, 12 19, 13 16, 13 17, 
		0 1, 0 2, 1 14, 2 17, 2 19, 3 16, 3 18, 4 7, 4 8, 4 9, 5 6, 5 10, 5 11, 6 14, 7 10, 7 15, 7 15, 8 11, 9 17, 12 18, 12 19, 13 16, 13 17, 
		0 1, 0 2, 1 14, 1 15, 2 17, 3 16, 3 18, 4 8, 4 9, 5 6, 5 10, 6 9, 6 14, 7 10, 7 15, 8 11, 8 16, 9 17, 10 19, 11 18, 12 14, 12 18, 12 19, 13 16, 13 16, 
----------- 37 13 16
		0 1, 0 2, 1 14, 2 17, 2 19, 3 16, 3 18, 4 7, 4 9, 5 10, 5 11, 6 9, 6 14, 7 10, 7 15, 8 11, 8 16, 12 18, 12 19, 13 15, 13 17, 
		0 1, 0 2, 0 3, 1 15, 2 17, 3 18, 4 8, 4 9, 5 6, 5 11, 6 14, 7 10, 7 15, 8 11, 8 16, 9 17, 10 19, 11 18, 12 14, 12 19, 13 15, 13 16, 
		0 1, 0 3, 1 15, 2 17, 2 19, 3 16, 3 18, 4 7, 4 8, 4 9, 5 6, 5 10, 6 9, 6 14, 7 15, 8 11, 10 19, 11 18, 12 14, 12 19, 13 16, 13 17, 
----------- 38 13 16
		0 1, 0 2, 1 14, 2 17, 2 19, 3 16, 3 18, 4 7, 4 9, 5 10, 5 11, 6 9, 6 14, 7 10, 7 15, 8 11, 8 16, 12 18, 12 19, 13 15, 13 17, 
		0 1, 0 2, 0 3, 1 15, 2 17, 3 18, 4 8, 4 9, 5 6, 5 11, 6 14, 7 10, 7 15, 8 11, 8 16, 9 17, 10 19, 11 18, 12 14, 12 19, 13 15, 13 16, 
		0 1, 0 3, 1 15, 2 17, 2 19, 3 16, 3 18, 4 7, 4 8, 4 9, 5 6, 5 10, 6 9, 6 14, 7 15, 8 11, 10 19, 11 18, 12 14, 12 19, 13 16, 13 17, 
----------- 39 13 17
		0 1, 0 2, 1 15, 2 17, 3 16, 3 18, 4 7, 4 8, 5 10, 5 11, 6 9, 6 14, 7 15, 8 11, 9 17, 10 19, 12 14, 12 18, 12 19, 13 15, 13 16, 
		0 1, 0 2, 1 14, 1 15, 2 17, 2 17, 2 19, 3 16, 3 18, 4 8, 4 9, 5 6, 5 11, 6 9, 6 14, 7 10, 7 15, 8 11, 8 16, 10 19, 12 18, 12 19, 13 16, 13 16, 
		0 1, 0 3, 1 14, 2 17, 2 19, 3 18, 4 7, 4 9, 5 6, 5 10, 6 14, 7 10, 7 15, 8 11, 8 16, 9 17, 11 18, 12 14, 12 19, 13 15, 13 16, 
17 13, 16 13, 16 13, 15 13, 19 12, 18 12, 14 12, 14 12, 18 11, 19 10, 19 10, 17 9, 16 8, 11 8, 15 7, 15 7, 10 7, 14 6, 9 6, 9 6, 11 5, 11 5, 10 5, 6 5, 9 4, 8 4, 8 4, 7 4, 18 3, 18 3, 16 3, 19 2, 17 2, 17 2, 15 1, 14 1, 3 0, 2 0, 1 0, 1 0, 
----------- 0 0 1
		0 1, 0 2, 1 14, 2 17, 2 19, 3 16, 3 18, 4 8, 4 9, 5 10, 5 11, 6 9, 6 14, 7 10, 7 15, 8 11, 9 17, 10 19, 12 14, 12 18, 13 15, 13 16, 
		0 2, 0 3, 1 14, 1 15, 2 17, 3 18, 4 7, 4 8, 5 6, 5 10, 5 11, 6 9, 7 15, 8 16, 9 17, 10 19, 11 18, 12 14, 12 19, 13 15, 13 16, 13 17, 
		0 1, 0 3, 1 15, 2 17, 2 19, 3 16, 3 18, 4 7, 4 8, 4 9, 5 6, 5 11, 6 9, 6 14, 7 10, 7 15, 8 11, 10 19, 12 14, 12 18, 13 16, 13 17, 
----------- 1 0 1
		0 1, 0 2, 1 14, 2 17, 2 19, 3 16, 3 18, 4 8, 4 9, 5 10, 5 11, 6 9, 6 14, 7 10, 7 15, 8 11, 9 17, 10 19, 12 14, 12 18, 13 15, 13 16, 
		0 2, 0 3, 1 14, 1 15, 2 17, 3 18, 4 7, 4 8, 5 6, 5 10, 5 11, 6 9, 7 15, 8 16, 9 17, 10 19, 11 18, 12 14, 12 19, 13 15, 13 16, 13 17, 
		0 1, 0 3, 1 15, 2 17, 2 19, 3 16, 3 18, 4 7, 4 8, 4 9, 5 6, 5 11, 6 9, 6 14, 7 10, 7 15, 8 11, 10 19, 12 14, 12 18, 13 16, 13 17, 
----------- 2 0 2
		0 1, 0 3, 1 14, 2 17, 2 17, 3 18, 4 7, 4 8, 5 6, 5 11, 6 9, 7 10, 7 15, 8 11, 8 16, 9 17, 10 19, 11 18, 12 14, 12 18, 12 19, 13 15, 13 16, 13 17, 
		0 1, 0 3, 1 15, 2 17, 2 19, 3 16, 3 18, 4 7, 4 8, 4 9, 5 10, 5 11, 6 9, 6 14, 7 15, 8 11, 10 19, 12 14, 12 18, 13 16, 13 17, 
		0 1, 0 1, 1 14, 1 15, 2 17, 2 19, 3 16, 3 18, 4 8, 4 9, 5 6, 5 10, 5 11, 6 9, 6 14, 7 10, 7 15, 8 16, 9 17, 11 18, 12 14, 12 19, 13 15, 13 16, 
----------- 3 0 3
		0 1, 0 2, 1 14, 2 17, 3 16, 3 18, 4 7, 4 9, 5 6, 5 10, 5 11, 6 9, 7 15, 8 11, 8 16, 10 19, 12 14, 12 18, 12 19, 13 15, 13 17, 
		0 1, 0 2, 1 15, 2 17, 2 19, 3 18, 3 18, 4 7, 4 8, 5 10, 5 11, 6 9, 6 14, 7 15, 8 16, 9 17, 10 19, 11 18, 12 14, 12 18, 13 16, 13 17, 
		0 1, 0 1, 1 14, 1 15, 2 17, 2 19, 3 16, 3 18, 4 8, 4 9, 5 6, 5 11, 6 14, 7 10, 7 15, 8 11, 9 17, 10 19, 11 18, 12 14, 12 19, 13 15, 13 16, 
----------- 4 1 14
		0 1, 0 1, 0 2, 0 3, 2 17, 2 19, 3 18, 4 7, 4 9, 5 10, 5 11, 6 9, 6 14, 7 15, 8 11, 8 16, 10 19, 12 14, 12 18, 13 15, 13 16, 13 17, 
		0 1, 0 3, 1 15, 2 17, 2 19, 3 18, 4 8, 4 9, 5 6, 5 11, 6 9, 7 10, 7 15, 8 16, 9 17, 10 19, 11 18, 12 14, 12 14, 12 18, 12 19, 13 16, 13 17, 
		0 1, 0 2, 1 15, 2 17, 3 16, 3 18, 4 7, 4 8, 5 10, 5 11, 6 9, 6 14, 7 10, 8 11, 9 17, 10 19, 11 18, 12 14, 12 19, 13 15, 13 16, 
----------- 5 1 15
		0 1, 0 1, 0 2, 0 3, 2 17, 2 19, 3 16, 3 18, 4 7, 4 9, 5 10, 5 11, 6 9, 6 14, 7 15, 8 11, 8 16, 10 19, 12 14, 12 18, 13 15, 13 16, 13 17, 
		0 1, 0 2, 1 14, 2 17, 3 16, 3 18, 4 8, 4 9, 5 6, 5 11, 6 9, 7 10, 7 15, 8 11, 9 17, 10 19, 11 18, 12 14, 12 19, 13 15, 13 16, 
		0 1, 0 3, 1 14, 2 17, 2 19, 3 18, 4 7, 4 8, 5 6, 5 10, 5 11, 6 9, 6 14, 7 10, 7 15, 7 15, 8 16, 9 17, 10 19, 11 18, 12 14, 12 18, 13 16, 13 17, 
----------- 6 2 17
		0 1, 0 3, 1 15, 2 17, 2 19, 3 18, 4 8, 4 9, 5 10, 5 11, 6 9, 6 14, 7 10, 7 15, 8 16, 10 19, 11 18, 12 14, 12 19, 13 15, 13 16, 13 17, 
		0 1, 0 2, 0 3, 1 15, 2 19, 3 18, 4 7, 4 8, 5 6, 5 10, 5 11, 6 9, 6 14, 7 15, 8 16, 9 17, 10 19, 11 18, 12 14, 12 18, 13 16, 13 17, 
		0 1, 0 2, 1 14, 2 17, 3 16, 3 18, 4 7, 4 8, 4 9, 5 6, 5 11, 6 9, 7 10, 7 15, 8 11, 9 17, 10 19, 12 14, 12 18, 12 19, 13 15, 13 16, 
----------- 7 2 17
		0 1, 0 3, 1 15, 2 17, 2 19, 3 18, 4 8, 4 9, 5 10, 5 11, 6 9, 6 14, 7 10, 7 15, 8 16, 10 19, 11 18, 12 14, 12 19, 13 15, 13 16, 13 17, 
		0 1, 0 2, 0 3, 1 15, 2 19, 3 18, 4 7, 4 8, 5 6, 5 10, 5 11, 6 9, 6 14, 7 15, 8 16, 9 17, 10 19, 11 18, 12 14, 12 18, 13 16, 13 17, 
		0 1, 0 2, 1 14, 2 17, 3 16, 3 18, 4 7, 4 8, 4 9, 5 6, 5 11, 6 9, 7 10, 7 15, 8 11, 9 17, 10 19, 12 14, 12 18, 12 19, 13 15, 13 16, 
----------- 8 2 19
		0 1, 0 2, 1 14, 1 15, 2 17, 3 16, 3 18, 4 8, 4 9, 5 6, 5 10, 5 11, 6 14, 7 10, 7 15, 8 11, 9 17, 10 19, 10 19, 12 14, 12 18, 13 15, 13 16, 
		0 1, 0 2, 0 3, 1 15, 2 17, 3 18, 4 7, 4 9, 5 10, 5 11, 6 9, 6 14, 7 15, 8 11, 8 16, 10 19, 11 18, 12 14, 12 19, 13 16, 13 17, 
		0 1, 0 3, 1 14, 2 17, 2 17, 3 16, 3 18, 4 7, 4 8, 5 6, 5 11, 6 9, 7 10, 7 15, 8 16, 9 17, 10 19, 11 18, 12 14, 12 19, 13 15, 13 16, 13 17, 
----------- 9 3 16
		0 1, 0 2, 1 15, 2 17, 2 19, 3 18, 3 18, 4 7, 4 8, 5 10, 5 11, 6 9, 6 14, 7 15, 8 11, 9 17, 10 19, 11 18, 12 14, 12 18, 13 15, 13 16, 13 16, 13 17, 
		0 1, 0 3, 1 14, 1 15, 2 17, 2 19, 3 18, 4 8, 4 9, 5 6, 5 11, 6 9, 6 14, 7 10, 7 15, 8 11, 8 16, 10 19, 12 14, 12 18, 12 19, 13 16, 13 17, 
		0 1, 0 2, 0 3, 1 14, 2 17, 3 18, 4 8, 4 9, 5 6, 5 11, 6 9, 7 10, 7 15, 8 16, 9 17, 10 19, 11 18, 12 14, 12 19, 13 15, 13 16, 
----------- 10 3 18
		0 1, 0 3, 1 14, 2 17, 2 19, 3 16, 4 8, 4 9, 5 10, 5 11, 6 9, 6 14, 7 10, 7 15, 8 11, 9 17, 10 19, 11 18, 12 14, 12 18, 13 15, 13 16, 
		0 1, 0 2, 0 3, 1 15, 2 17, 3 18, 4 7, 4 8, 5 6, 5 10, 5 11, 6 9, 6 14, 7 15, 8 16, 9 17, 10 19, 11 18, 12 14, 12 19, 13 16, 13 17, 
		0 1, 0 2, 1 14, 1 15, 2 17, 2 19, 3 16, 3 18, 4 7, 4 9, 5 6, 5 11, 6 9, 7 10, 8 11, 8 16, 10 19, 12 14, 12 18, 13 15, 13 17, 
----------- 11 3 18
		0 1, 0 3, 1 14, 2 17, 2 19, 3 16, 4 8, 4 9, 5 10, 5 11, 6 9, 6 14, 7 10, 7 15, 8 11, 9 17, 10 19, 11 18, 12 14, 12 18, 13 15, 13 16, 
		0 1, 0 2, 0 3, 1 15, 2 17, 3 18, 4 7, 4 8, 5 6, 5 10, 5 11, 6 9, 6 14, 7 15, 8 16, 9 17, 10 19, 11 18, 12 14, 12 19, 13 16, 13 17, 
		0 1, 0 2, 1 14, 1 15, 2 17, 2 19, 3 16, 3 18, 4 7, 4 9, 5 6, 5 11, 6 9, 7 10, 8 11, 8 16, 10 19, 12 14, 12 18, 13 15, 13 17, 
----------- 12 4 7
		0 1, 0 2, 1 14, 2 17, 3 16, 3 18, 4 8, 4 9, 5 6, 5 11, 6 9, 7 10, 7 15, 8 16, 9 17, 10 19, 11 18, 12 14, 12 19, 13 15, 13 16, 
		0 1, 0 3, 1 15, 2 17, 2 19, 3 18, 4 8, 4 8, 5 10, 5 11, 6 9, 6 14, 7 15, 7 15, 8 11, 8 16, 9 17, 10 19, 12 14, 12 18, 12 19, 13 15, 13 16, 
		0 1, 0 2, 0 3, 1 14, 1 15, 2 17, 2 19, 3 16, 3 18, 4 8, 4 9, 5 6, 5 11, 6 9, 6 14, 7 10, 7 15, 8 11, 10 19, 11 18, 12 14, 12 18, 13 16, 13 17, 
----------- 13 4 8
		0 1, 0 2, 1 14, 2 17, 3 16, 3 18, 4 7, 4 8, 5 10, 5 11, 6 9, 6 14, 7 15, 8 16, 9 17, 10 19, 11 18, 12 14, 12 19, 13 15, 13 16, 13 17, 
		0 1, 0 3, 1 14, 1 15, 2 17, 2 19, 3 16, 3 18, 4 8, 4 9, 5 6, 5 10, 5 11, 6 9, 7 10, 7 15, 8 11, 10 19, 11 18, 12 14, 12 18, 13 16, 13 17, 
		0 1, 0 2, 0 3, 1 15, 2 17, 2 19, 3 18, 4 7, 4 9, 5 6, 5 11, 6 14, 7 10, 8 11, 8 16, 9 17, 10 19, 12 14, 12 18, 12 19, 13 15, 13 16, 
----------- 14 4 8
		0 1, 0 2, 1 14, 2 17, 3 16, 3 18, 4 7, 4 8, 5 10, 5 11, 6 9, 6 14, 7 15, 8 16, 9 17, 10 19, 11 18, 12 14, 12 19, 13 15, 13 16, 13 17, 
		0 1, 0 3, 1 14, 1 15, 2 17, 2 19, 3 16, 3 18, 4 8, 4 9, 5 6, 5 10, 5 11, 6 9, 7 10, 7 15, 8 11, 10 19, 11 18, 12 14, 12 18, 13 16, 13 17, 
		0 1, 0 2, 0 3, 1 15, 2 17, 2 19, 3 18, 4 7, 4 9, 5 6, 5 11, 6 14, 7 10, 8 11, 8 16, 9 17, 10 19, 12 14, 12 18, 12 19, 13 15, 13 16, 
----------- 15 4 9
		0 1, 0 2, 0 3, 1 15, 2 17, 3 18, 4 7, 4 8, 5 6, 5 11, 6 9, 6 9, 6 14, 7 10, 7 15, 8 16, 10 19, 11 18, 12 14, 12 19, 13 16, 13 17, 
		0 1, 0 3, 1 15, 2 17, 2 19, 3 16, 4 8, 4 8, 5 10, 5 11, 6 9, 6 14, 7 10, 7 15, 8 11, 8 16, 9 17, 10 19, 11 18, 12 14, 12 18, 13 15, 13 17, 
		0 1, 0 2, 1 14, 2 17, 2 19, 3 16, 3 18, 4 7, 4 8, 5 6, 5 10, 5 11, 6 9, 7 15, 8 11, 9 17, 10 19, 12 14, 12 18, 13 15, 13 16, 
----------- 16 5 6
		0 1, 0 2, 1 14, 2 17, 3 16, 3 18, 4 7, 4 8, 4 9, 5 10, 5 11, 6 9, 6 9, 7 15, 8 11, 9 17, 10 19, 12 14, 12 18, 12 19, 13 15, 13 16, 
		0 1, 0 3, 1 15, 2 17, 2 19, 3 16, 3 18, 4 8, 4 9, 5 11, 5 11, 6 9, 6 14, 7 10, 7 15, 8 11, 8 16, 10 19, 11 18, 12 14, 12 19, 13 15, 13 17, 
		0 2, 0 3, 1 14, 1 15, 2 17, 2 19, 3 18, 4 7, 4 8, 5 10, 5 11, 6 9, 6 14, 7 10, 7 15, 8 16, 9 17, 10 19, 11 18, 12 14, 12 18, 13 16, 13 17, 
----------- 17 5 10
		0 1, 0 2, 1 15, 2 17, 3 16, 3 18, 4 8, 4 9, 5 11, 5 11, 6 9, 6 14, 7 10, 7 15, 8 11, 10 19, 11 18, 12 14, 12 19, 13 16, 13 17, 
		0 1, 0 3, 1 14, 2 17, 2 19, 3 18, 4 7, 4 9, 5 6, 5 11, 6 9, 6 14, 7 15, 8 11, 8 16, 10 19, 10 19, 12 18, 12 19, 13 15, 13 16, 13 17, 
		0 2, 0 3, 1 14, 1 15, 2 17, 2 19, 3 16, 3 18, 4 7, 4 8, 5 6, 5 11, 6 9, 7 10, 8 16, 9 17, 10 19, 11 18, 12 14, 12 18, 13 15, 13 16, 
----------- 18 5 11
		0 1, 0 3, 1 15, 2 17, 2 19, 3 18, 4 8, 4 9, 5 10, 5 11, 6 9, 6 14, 7 10, 7 15, 8 16, 9 17, 10 19, 11 18, 12 14, 12 19, 13 15, 13 16, 
		0 1, 0 2, 0 3, 1 14, 2 17, 3 16, 3 18, 4 7, 4 8, 5 6, 5 10, 6 9, 6 14, 7 15, 8 11, 9 17, 10 19, 11 18, 12 14, 12 18, 12 19, 13 15, 13 16, 
		0 1, 0 2, 1 14, 1 15, 2 17, 2 19, 3 16, 3 18, 4 7, 4 9, 5 6, 5 11, 6 9, 7 10, 7 15, 8 11, 8 16, 10 19, 12 14, 12 18, 13 16, 13 17, 
----------- 19 5 11
		0 1, 0 3, 1 15, 2 17, 2 19, 3 18, 4 8, 4 9, 5 10, 5 11, 6 9, 6 14, 7 10, 7 15, 8 16, 9 17, 10 19, 11 18, 12 14, 12 19, 13 15, 13 16, 
		0 1, 0 2, 0 3, 1 14, 2 17, 3 16, 3 18, 4 7, 4 8, 5 6, 5 10, 6 9, 6 14, 7 15, 8 11, 9 17, 10 19, 11 18, 12 14, 12 18, 12 19, 13 15, 13 16, 
		0 1, 0 2, 1 14, 1 15, 2 17, 2 19, 3 16, 3 18, 4 7, 4 9, 5 6, 5 11, 6 9, 7 10, 7 15, 8 11, 8 16, 10 19, 12 14, 12 18, 13 16, 13 17, 
----------- 20 6 9
		0 1, 0 2, 1 15, 2 17, 3 16, 3 18, 4 7, 4 8, 4 9, 5 10, 5 11, 6 9, 6 14, 7 15, 8 11, 10 19, 12 14, 12 18, 12 19, 13 15, 13 16, 13 17, 
		0 1, 0 3, 1 15, 2 17, 2 19, 3 18, 4 8, 4 9, 5 6, 5 11, 6 14, 7 10, 7 15, 8 11, 8 16, 9 17, 10 19, 11 18, 12 14, 12 19, 13 16, 13 17, 
		0 1, 0 2, 1 14, 2 17, 2 19, 3 16, 3 18, 4 7, 4 8, 5 6, 5 10, 5 11, 6 9, 7 10, 7 15, 8 16, 9 17, 10 19, 11 18, 12 14, 12 18, 13 15, 13 16, 
----------- 21 6 9
		0 1, 0 2, 1 15, 2 17, 3 16, 3 18, 4 7, 4 8, 4 9, 5 10, 5 11, 6 9, 6 14, 7 15, 8 11, 10 19, 12 14, 12 18, 12 19, 13 15, 13 16, 13 17, 
		0 1, 0 3, 1 15, 2 17, 2 19, 3 18, 4 8, 4 9, 5 6, 5 11, 6 14, 7 10, 7 15, 8 11, 8 16, 9 17, 10 19, 11 18, 12 14, 12 19, 13 16, 13 17, 
		0 1, 0 2, 1 14, 2 17, 2 19, 3 16, 3 18, 4 7, 4 8, 5 6, 5 10, 5 11, 6 9, 7 10, 7 15, 8 16, 9 17, 10 19, 11 18, 12 14, 12 18, 13 15, 13 16, 
----------- 22 6 14
		0 1, 0 2, 1 14, 1 15, 2 17, 2 19, 3 16, 3 18, 4 8, 4 9, 5 10, 5 11, 6 9, 6 9, 7 10, 7 15, 8 11, 9 17, 10 19, 12 14, 12 18, 13 15, 13 16, 
		0 1, 0 3, 1 15, 2 17, 2 19, 3 16, 3 18, 4 7, 4 8, 4 9, 5 6, 5 10, 5 11, 6 9, 7 15, 8 11, 8 16, 10 19, 12 14, 12 14, 12 18, 12 19, 13 16, 13 17, 
		0 1, 0 2, 0 3, 1 14, 2 17, 3 18, 4 7, 4 8, 5 6, 5 11, 6 9, 7 10, 7 15, 8 16, 9 17, 10 19, 11 18, 12 14, 12 19, 13 15, 13 16, 13 17, 
----------- 23 7 10
		0 1, 0 3, 1 15, 2 17, 2 19, 3 16, 3 18, 4 7, 4 8, 5 10, 5 11, 6 9, 6 14, 7 15, 8 11, 9 17, 10 19, 11 18, 12 14, 12 18, 13 16, 13 17, 
		0 1, 0 2, 1 14, 2 17, 3 16, 3 18, 4 7, 4 9, 5 6, 5 10, 5 11, 6 9, 6 14, 7 15, 8 11, 8 16, 10 19, 12 14, 12 18, 12 19, 13 15, 13 17, 
		0 1, 0 2, 0 3, 1 14, 1 15, 2 17, 2 19, 3 18, 4 8, 4 9, 5 6, 5 11, 6 9, 7 15, 7 15, 8 16, 9 17, 10 19, 10 19, 11 18, 12 14, 12 19, 13 15, 13 16, 
----------- 24 7 15
		0 1, 0 3, 1 14, 2 17, 2 19, 3 16, 3 18, 4 8, 4 9, 5 6, 5 11, 6 9, 6 14, 7 10, 7 15, 8 11, 8 16, 9 17, 10 19, 11 18, 12 14, 12 18, 13 15, 13 16, 
		0 1, 0 2, 0 3, 1 15, 2 17, 3 18, 4 7, 4 8, 4 9, 5 10, 5 11, 6 9, 6 14, 7 10, 8 16, 10 19, 11 18, 12 14, 12 19, 13 15, 13 16, 13 17, 
		0 1, 0 2, 1 14, 1 15, 2 17, 2 19, 3 16, 3 18, 4 7, 4 8, 5 6, 5 10, 5 11, 6 9, 7 15, 8 11, 9 17, 10 19, 12 14, 12 18, 13 16, 13 17, 
----------- 25 7 15
		0 1, 0 3, 1 14, 2 17, 2 19, 3 16, 3 18, 4 8, 4 9, 5 6, 5 11, 6 9, 6 14, 7 10, 7 15, 8 11, 8 16, 9 17, 10 19, 11 18, 12 14, 12 18, 13 15, 13 16, 
		0 1, 0 2, 0 3, 1 15, 2 17, 3 18, 4 7, 4 8, 4 9, 5 10, 5 11, 6 9, 6 14, 7 10, 8 16, 10 19, 11 18, 12 14, 12 19, 13 15, 13 16, 13 17, 
		0 1, 0 2, 1 14, 1 15, 2 17, 2 19, 3 16, 3 18, 4 7, 4 8, 5 6, 5 10, 5 11, 6 9, 7 15, 8 11, 9 17, 10 19, 12 14, 12 18, 13 16, 13 17, 
----------- 26 8 11
		0 1, 0 3, 1 15, 2 17, 2 19, 3 18, 4 7, 4 8, 5 6, 5 10, 5 11, 5 11, 6 9, 6 14, 7 15, 8 16, 9 17, 10 19, 12 14, 12 18, 13 16, 13 17, 
		0 1, 0 2, 1 14, 2 17, 3 16, 3 18, 4 8, 4 9, 5 6, 5 11, 6 9, 7 10, 7 15, 8 16, 10 19, 11 18, 12 14, 12 18, 12 19, 13 15, 13 16, 13 17, 
		0 1, 0 2, 1 14, 2 17, 3 16, 3 18, 4 7, 4 8, 4 8, 4 9, 5 10, 5 11, 6 9, 6 14, 7 10, 7 15, 9 17, 10 19, 11 18, 12 14, 12 19, 13 15, 13 16, 
----------- 27 8 16
		0 1, 0 2, 0 3, 1 14, 2 17, 3 18, 4 7, 4 8, 4 8, 4 9, 5 10, 5 11, 6 9, 6 14, 7 15, 10 19, 11 18, 12 14, 12 19, 13 15, 13 16, 13 16, 13 17, 
		0 1, 0 2, 1 15, 2 17, 2 19, 3 16, 3 18, 4 7, 4 8, 5 6, 5 11, 6 9, 6 14, 7 10, 8 11, 9 17, 10 19, 12 14, 12 18, 13 15, 13 16, 
		0 1, 0 3, 1 14, 1 15, 2 17, 2 19, 3 16, 3 18, 4 8, 4 9, 5 6, 5 10, 6 9, 7 10, 7 15, 8 11, 11 18, 12 14, 12 19, 13 16, 13 17, 
----------- 28 9 17
		0 1, 0 3, 1 15, 2 17, 2 19, 3 18, 4 7, 4 8, 5 6, 5 11, 6 9, 6 9, 6 14, 7 10, 7 15, 8 16, 10 19, 11 18, 12 14, 12 19, 13 16, 13 17, 
		0 1, 0 2, 1 14, 2 17, 2 17, 2 19, 3 16, 3 18, 4 8, 4 9, 5 6, 5 10, 5 11, 6 9, 7 10, 7 15, 8 11, 10 19, 11 18, 12 14, 12 18, 13 15, 13 16, 
		0 2, 0 3, 1 14, 1 15, 2 17, 3 16, 3 18, 4 7, 4 9, 5 10, 5 11, 6 9, 6 14, 7 15, 8 11, 8 16, 10 19, 12 14, 12 18, 12 19, 13 15, 13 16, 13 17, 
----------- 29 10 19
		0 1, 0 3, 1 15, 2 17, 2 19, 3 16, 3 18, 4 8, 4 9, 5 10, 5 11, 6 9, 6 14, 7 10, 7 15, 8 11, 9 17, 12 14, 12 18, 12 19, 13 15, 13 16, 13 17, 
		0 1, 0 2, 0 3, 1 14, 2 17, 3 18, 4 7, 4 8, 5 6, 5 11, 6 9, 7 10, 7 15, 8 11, 8 16, 9 17, 10 19, 11 18, 12 14, 12 19, 13 15, 13 16, 
		0 1, 0 2, 1 14, 1 15, 2 17, 2 19, 3 16, 3 18, 4 7, 4 8, 4 9, 5 6, 5 10, 5 11, 6 9, 6 14, 7 15, 8 16, 10 19, 11 18, 12 14, 12 18, 13 16, 13 17, 
----------- 30 10 19
		0 1, 0 3, 1 15, 2 17, 2 19, 3 16, 3 18, 4 8, 4 9, 5 10, 5 11, 6 9, 6 14, 7 10, 7 15, 8 11, 9 17, 12 14, 12 18, 12 19, 13 15, 13 16, 13 17, 
		0 1, 0 2, 0 3, 1 14, 2 17, 3 18, 4 7, 4 8, 5 6, 5 11, 6 9, 7 10, 7 15, 8 11, 8 16, 9 17, 10 19, 11 18, 12 14, 12 19, 13 15, 13 16, 
		0 1, 0 2, 1 14, 1 15, 2 17, 2 19, 3 16, 3 18, 4 7, 4 8, 4 9, 5 6, 5 10, 5 11, 6 9, 6 14, 7 15, 8 16, 10 19, 11 18, 12 14, 12 18, 13 16, 13 17, 
----------- 31 11 18
		0 1, 0 2, 0 3, 1 15, 2 17, 2 19, 3 18, 4 7, 4 8, 4 9, 5 10, 5 11, 6 9, 6 14, 7 15, 8 11, 8 16, 10 19, 12 14, 12 18, 13 15, 13 16, 13 17, 
		0 1, 0 2, 1 14, 1 15, 2 17, 3 16, 3 18, 4 7, 4 8, 5 6, 5 10, 5 11, 5 11, 6 9, 7 15, 8 16, 9 17, 10 19, 12 14, 12 18, 12 19, 13 16, 13 17, 
		0 1, 0 3, 1 14, 2 17, 2 19, 3 16, 3 18, 3 18, 4 8, 4 9, 5 6, 5 11, 6 9, 6 14, 7 10, 7 15, 8 11, 9 17, 10 19, 12 14, 12 19, 13 15, 13 16, 
----------- 32 12 14
		0 1, 0 3, 1 15, 2 17, 2 19, 3 16, 3 18, 4 8, 4 9, 5 10, 5 11, 6 9, 6 14, 7 10, 7 15, 8 16, 9 17, 10 19, 11 18, 12 14, 12 19, 13 15, 13 16, 
		0 1, 0 2, 0 3, 1 14, 2 17, 3 18, 4 7, 4 8, 5 10, 5 11, 6 9, 6 14, 7 15, 8 11, 8 16, 9 17, 10 19, 12 18, 12 19, 13 15, 13 16, 13 17, 
		0 1, 0 2, 1 14, 1 15, 2 17, 2 19, 3 16, 3 18, 4 7, 4 8, 4 9, 5 6, 5 11, 6 9, 7 10, 7 15, 8 11, 10 19, 11 18, 12 14, 12 18, 13 16, 13 17, 
----------- 33 12 14
		0 1, 0 3, 1 15, 2 17, 2 19, 3 16, 3 18, 4 8, 4 9, 5 10, 5 11, 6 9, 6 14, 7 10, 7 15, 8 16, 9 17, 10 19, 11 18, 12 14, 12 19, 13 15, 13 16, 
		0 1, 0 2, 0 3, 1 14, 2 17, 3 18, 4 7, 4 8, 5 10, 5 11, 6 9, 6 14, 7 15, 8 11, 8 16, 9 17, 10 19, 12 18, 12 19, 13 15, 13 16, 13 17, 
		0 1, 0 2, 1 14, 1 15, 2 17, 2 19, 3 16, 3 18, 4 7, 4 8, 4 9, 5 6, 5 11, 6 9, 7 10, 7 15, 8 11, 10 19, 11 18, 12 14, 12 18, 13 16, 13 17, 
----------- 34 12 18
		0 1, 0 2, 1 15, 2 17, 3 16, 3 18, 4 8, 4 9, 5 6, 5 11, 6 9, 6 14, 7 10, 7 15, 8 16, 10 19, 11 18, 12 14, 12 19, 13 16, 13 17, 
		0 1, 0 3, 1 14, 2 17, 2 19, 3 16, 3 18, 3 18, 4 7, 4 8, 5 10, 5 11, 6 9, 6 14, 7 15, 8 11, 9 17, 10 19, 12 14, 12 14, 13 15, 13 16, 
		0 1, 0 2, 0 3, 1 14, 1 15, 2 17, 3 18, 4 7, 4 9, 5 6, 5 10, 5 11, 6 9, 7 10, 7 15, 8 11, 8 16, 9 17, 10 19, 11 18, 12 14, 12 19, 13 15, 13 16, 13 17, 
----------- 35 12 19
		0 1, 0 2, 1 14, 1 15, 2 17, 3 16, 3 18, 4 8, 4 9, 5 6, 5 10, 5 11, 6 9, 7 10, 7 15, 8 16, 10 19, 10 19, 11 18, 12 14, 12 18, 13 16, 13 17, 
		0 1, 0 3, 1 14, 2 17, 2 19, 3 16, 3 18, 4 8, 4 9, 5 6, 5 11, 6 9, 6 14, 7 10, 7 15, 8 11, 9 17, 10 19, 11 18, 12 14, 12 14, 13 15, 13 16, 
		0 1, 0 3, 1 15, 2 17, 2 19, 3 18, 4 7, 4 8, 5 10, 5 11, 6 9, 6 14, 7 15, 8 11, 8 16, 9 17, 10 19, 12 14, 12 18, 13 15, 13 16, 
----------- 36 13 15
		0 1, 0 2, 0 3, 1 14, 2 17, 3 18, 4 7, 4 8, 4 9, 5 6, 5 11, 6 9, 7 10, 7 15, 7 15, 8 16, 10 19, 11 18, 12 14, 12 19, 13 16, 13 17, 
		0 1, 0 3, 1 15, 2 17, 2 19, 3 16, 3 18, 4 8, 4 9, 5 10, 5 11, 6 9, 6 14, 7 10, 7 15, 8 11, 9 17, 10 19, 12 14, 12 18, 13 16, 13 17, 
		0 1, 0 2, 1 14, 1 15, 2 17, 2 19, 3 16, 3 18, 4 7, 4 8, 5 6, 5 10, 5 11, 6 9, 6 14, 7 15, 8 11, 8 16, 9 17, 10 19, 11 18, 12 14, 12 18, 12 19, 13 16, 13 16, 
----------- 37 13 16
		0 1, 0 2, 1 14, 2 17, 2 19, 3 16, 3 18, 4 7, 4 8, 5 6, 5 10, 5 11, 6 9, 7 15, 8 11, 9 17, 10 19, 12 14, 12 18, 13 15, 13 16, 
		0 1, 0 2, 0 3, 1 14, 2 17, 3 16, 4 8, 4 9, 5 6, 5 11, 6 9, 7 10, 7 15, 8 16, 10 19, 11 18, 12 14, 12 18, 12 19, 13 15, 13 17, 
		0 1, 0 3, 1 15, 2 17, 2 19, 3 18, 4 7, 4 8, 4 9, 5 10, 5 11, 6 9, 6 14, 7 15, 8 16, 10 19, 11 18, 12 14, 12 19, 13 16, 13 17, 
----------- 38 13 16
		0 1, 0 2, 1 14, 2 17, 2 19, 3 16, 3 18, 4 7, 4 8, 5 6, 5 10, 5 11, 6 9, 7 15, 8 11, 9 17, 10 19, 12 14, 12 18, 13 15, 13 16, 
		0 1, 0 2, 0 3, 1 14, 2 17, 3 16, 4 8, 4 9, 5 6, 5 11, 6 9, 7 10, 7 15, 8 16, 10 19, 11 18, 12 14, 12 18, 12 19, 13 15, 13 17, 
		0 1, 0 3, 1 15, 2 17, 2 19, 3 18, 4 7, 4 8, 4 9, 5 10, 5 11, 6 9, 6 14, 7 15, 8 16, 10 19, 11 18, 12 14, 12 19, 13 16, 13 17, 
----------- 39 13 17
		0 1, 0 2, 0 3, 1 14, 2 17, 2 17, 2 19, 3 18, 4 8, 4 9, 5 6, 5 11, 6 9, 7 10, 7 15, 8 16, 10 19, 11 18, 12 14, 12 19, 13 15, 13 16, 
		0 1, 0 3, 1 15, 2 17, 2 19, 3 16, 3 18, 4 7, 4 8, 5 10, 5 11, 6 9, 6 14, 7 15, 8 11, 9 17, 10 19, 12 14, 12 18, 13 15, 13 16, 
		0 1, 0 2, 1 14, 1 15, 2 17, 3 16, 3 18, 4 7, 4 8, 4 9, 5 6, 5 11, 6 14, 7 10, 7 15, 8 11, 8 16, 9 17, 10 19, 12 18, 12 19, 13 16, 13 16, 
17 13, 16 13, 15 13, 15 13, 19 12, 18 12, 14 12, 14 12, 18 11, 19 10, 19 10, 17 9, 16 8, 16 8, 11 8, 15 7, 10 7, 14 6, 9 6, 9 6, 11 5, 11 5, 10 5, 6 5, 9 4, 8 4, 7 4, 7 4, 18 3, 18 3, 16 3, 19 2, 17 2, 17 2, 15 1, 14 1, 3 0, 2 0, 1 0, 1 0, 
----------- 0 0 1
		0 1, 0 2, 1 15, 2 17, 2 19, 3 16, 3 18, 4 7, 4 9, 5 6, 5 10, 5 11, 6 9, 6 14, 7 15, 8 11, 8 16, 10 19, 12 14, 12 18, 13 15, 13 17, 
		0 2, 0 3, 1 14, 1 15, 2 17, 3 18, 4 7, 4 8, 5 10, 5 11, 6 9, 6 14, 7 10, 8 16, 9 17, 10 19, 11 18, 12 14, 12 19, 13 15, 13 16, 
		0 1, 0 3, 1 14, 2 17, 2 19, 3 16, 3 18, 4 7, 4 8, 4 9, 5 6, 5 11, 6 9, 7 10, 7 15, 8 11, 9 17, 10 19, 12 14, 12 18, 12 19, 13 15, 13 16, 13 17, 
----------- 1 0 1
		0 1, 0 2, 1 15, 2 17, 2 19, 3 16, 3 18, 4 7, 4 9, 5 6, 5 10, 5 11, 6 9, 6 14, 7 15, 8 11, 8 16, 10 19, 12 14, 12 18, 13 15, 13 17, 
		0 2, 0 3, 1 14, 1 15, 2 17, 3 18, 4 7, 4 8, 5 10, 5 11, 6 9, 6 14, 7 10, 8 16, 9 17, 10 19, 11 18, 12 14, 12 19, 13 15, 13 16, 
		0 1, 0 3, 1 14, 2 17, 2 19, 3 16, 3 18, 4 7, 4 8, 4 9, 5 6, 5 11, 6 9, 7 10, 7 15, 8 11, 9 17, 10 19, 12 14, 12 18, 12 19, 13 15, 13 16, 13 17, 
----------- 2 0 2
		0 1, 0 3, 1 14, 2 17, 2 19, 3 18, 4 8, 4 9, 5 6, 5 11, 6 9, 7 10, 7 15, 8 16, 9 17, 10 19, 11 18, 12 14, 12 19, 13 15, 13 16, 
		0 1, 0 1, 1 14, 1 15, 2 17, 2 19, 3 16, 3 18, 4 7, 4 9, 5 10, 5 11, 6 9, 6 14, 7 10, 8 11, 8 16, 10 19, 12 14, 12 18, 13 15, 13 17, 
		0 1, 0 3, 1 15, 2 17, 2 17, 3 16, 3 18, 4 7, 4 8, 5 6, 5 10, 5 11, 6 9, 6 14, 7 15, 8 11, 8 16, 9 17, 10 19, 11 18, 12 14, 12 18, 12 19, 13 15, 13 17, 
----------- 3 0 3
		0 1, 0 2, 1 14, 2 17, 2 19, 3 16, 3 18, 4 7, 4 8, 4 9, 5 6, 5 10, 5 11, 6 9, 7 15, 8 16, 10 19, 11 18, 12 14, 12 19, 13 15, 13 16, 13 17, 
		0 1, 0 2, 1 15, 2 17, 3 18, 3 18, 4 7, 4 9, 5 10, 5 11, 6 9, 6 14, 7 10, 7 15, 8 11, 8 16, 9 17, 10 19, 11 18, 12 14, 12 18, 12 19, 13 15, 13 16, 
		0 1, 0 1, 1 14, 1 15, 2 17, 2 19, 3 16, 3 18, 4 7, 4 8, 5 6, 5 11, 6 9, 6 14, 7 10, 8 11, 8 16, 9 17, 10 19, 12 14, 12 18, 13 15, 13 17, 
----------- 4 1 14
		0 1, 0 1, 0 2, 0 3, 2 17, 2 19, 3 16, 3 18, 4 7, 4 8, 4 9, 5 6, 5 11, 6 9, 6 14, 7 10, 7 15, 8 11, 8 16, 9 17, 10 19, 12 14, 12 18, 13 15, 13 17, 
		0 1, 0 3, 1 15, 2 17, 2 19, 3 18, 4 7, 4 9, 5 6, 5 10, 5 11, 6 9, 7 15, 8 11, 8 16, 10 19, 11 18, 12 14, 12 14, 12 18, 12 19, 13 16, 13 17, 
		0 1, 0 2, 1 15, 2 17, 3 16, 3 18, 4 7, 4 8, 5 10, 5 11, 6 9, 6 14, 7 10, 8 16, 9 17, 10 19, 11 18, 12 14, 12 19, 13 15, 13 16, 
----------- 5 1 15
		0 1, 0 2, 1 14, 2 17, 2 19, 3 16, 3 18, 4 7, 4 9, 5 6, 5 10, 5 11, 6 9, 7 15, 8 11, 8 16, 10 19, 12 14, 12 18, 13 15, 13 17, 
		0 1, 0 3, 1 14, 2 17, 2 19, 3 18, 4 7, 4 9, 5 10, 5 11, 6 9, 6 14, 7 15, 8 11, 8 16, 9 17, 10 19, 12 14, 12 18, 12 19, 13 15, 13 16, 
		0 1, 0 1, 0 2, 0 3, 2 17, 3 18, 4 7, 4 8, 5 6, 5 11, 6 9, 6 14, 7 10, 8 16, 9 17, 10 19, 11 18, 12 14, 12 19, 13 15, 13 15, 13 16, 13 17, 
----------- 6 2 17
		0 1, 0 2, 1 15, 2 17, 3 16, 3 18, 4 7, 4 8, 5 10, 5 11, 6 9, 6 14, 7 10, 8 16, 9 17, 10 19, 11 18, 12 14, 12 19, 13 15, 13 16, 
		0 1, 0 2, 0 3, 1 15, 2 19, 3 18, 4 7, 4 8, 5 6, 5 10, 5 11, 6 9, 6 14, 7 15, 8 11, 8 16, 9 17, 10 19, 12 14, 12 18, 13 15, 13 16, 13 17, 
		0 1, 0 3, 1 14, 2 17, 2 19, 3 16, 3 18, 4 7, 4 9, 5 6, 5 11, 6 9, 7 10, 7 15, 8 11, 8 16, 10 19, 12 14, 12 18, 12 19, 13 15, 13 17, 
----------- 7 2 17
		0 1, 0 2, 1 15, 2 17, 3 16, 3 18, 4 7, 4 8, 5 10, 5 11, 6 9, 6 14, 7 10, 8 16, 9 17, 10 19, 11 18, 12 14, 12 19, 13 15, 13 16, 
		0 1, 0 2, 0 3, 1 15, 2 19, 3 18, 4 7, 4 8, 5 6, 5 10, 5 11, 6 9, 6 14, 7 15, 8 11, 8 16, 9 17, 10 19, 12 14, 12 18, 13 15, 13 16, 13 17, 
		0 1, 0 3, 1 14, 2 17, 2 19, 3 16, 3 18, 4 7, 4 9, 5 6, 5 11, 6 9, 7 10, 7 15, 8 11, 8 16, 10 19, 12 14, 12 18, 12 19, 13 15, 13 17, 
----------- 8 2 19
		0 1, 0 2, 1 14, 2 17, 3 16, 3 18, 4 7, 4 9, 5 6, 5 11, 6 9, 7 10, 7 15, 8 11, 8 16, 10 19, 12 14, 12 18, 12 19, 13 15, 13 17, 
		0 1, 0 2, 1 15, 2 17, 3 16, 3 18, 4 7, 4 8, 5 10, 5 11, 6 9, 6 14, 7 10, 8 16, 9 17, 10 19, 10 19, 11 18, 12 14, 12 18, 13 15, 13 16, 
		0 1, 0 3, 1 14, 1 15, 2 17, 2 17, 3 18, 4 7, 4 9, 5 6, 5 10, 6 9, 7 15, 8 11, 8 16, 9 17, 10 19, 11 18, 12 14, 12 19, 13 16, 13 17, 
----------- 9 3 16
		0 1, 0 3, 1 15, 2 17, 2 19, 3 18, 4 7, 4 9, 5 10, 5 11, 6 9, 6 14, 7 15, 8 11, 8 16, 9 17, 10 19, 12 14, 12 18, 13 15, 13 16, 
		0 1, 0 2, 1 14, 2 17, 2 19, 3 18, 3 18, 4 7, 4 8, 5 10, 5 11, 6 9, 6 14, 7 10, 7 15, 8 11, 8 16, 8 16, 9 17, 10 19, 11 18, 12 14, 12 18, 12 19, 13 15, 13 17, 
		0 2, 0 3, 1 14, 1 15, 2 17, 3 18, 4 7, 4 8, 4 9, 5 6, 5 11, 6 9, 7 10, 8 16, 10 19, 11 18, 12 14, 12 19, 13 15, 13 16, 13 17, 
----------- 10 3 18
		0 1, 0 2, 1 15, 2 17, 2 19, 3 16, 3 18, 4 7, 4 8, 5 10, 5 11, 6 9, 6 14, 7 10, 8 11, 8 16, 9 17, 10 19, 12 14, 12 18, 13 15, 13 16, 
		0 1, 0 2, 0 3, 1 15, 2 17, 3 18, 4 7, 4 8, 5 6, 5 10, 5 11, 6 9, 6 14, 7 15, 8 16, 9 17, 10 19, 11 18, 12 14, 12 19, 13 15, 13 16, 13 17, 
		0 1, 0 3, 1 14, 2 17, 2 19, 3 16, 4 7, 4 9, 5 6, 5 11, 6 9, 7 10, 7 15, 8 11, 8 16, 10 19, 11 18, 12 14, 12 18, 12 19, 13 15, 13 17, 
----------- 11 3 18
		0 1, 0 2, 1 15, 2 17, 2 19, 3 16, 3 18, 4 7, 4 8, 5 10, 5 11, 6 9, 6 14, 7 10, 8 11, 8 16, 9 17, 10 19, 12 14, 12 18, 13 15, 13 16, 
		0 1, 0 2, 0 3, 1 15, 2 17, 3 18, 4 7, 4 8, 5 6, 5 10, 5 11, 6 9, 6 14, 7 15, 8 16, 9 17, 10 19, 11 18, 12 14, 12 19, 13 15, 13 16, 13 17, 
		0 1, 0 3, 1 14, 2 17, 2 19, 3 16, 4 7, 4 9, 5 6, 5 11, 6 9, 7 10, 7 15, 8 11, 8 16, 10 19, 11 18, 12 14, 12 18, 12 19, 13 15, 13 17, 
----------- 12 4 7
		0 1, 0 2, 0 3, 1 15, 2 17, 3 18, 4 7, 4 9, 5 10, 5 11, 6 9, 6 14, 7 15, 8 11, 8 16, 10 19, 11 18, 12 14, 12 19, 13 15, 13 16, 13 17, 
		0 1, 0 3, 1 15, 2 17, 2 19, 3 18, 4 7, 4 8, 5 10, 5 11, 6 9, 6 14, 7 10, 8 16, 9 17, 10 19, 11 18, 12 14, 12 18, 13 15, 13 16, 
		0 1, 0 2, 1 14, 2 17, 2 19, 3 16, 3 18, 4 8, 4 9, 5 6, 5 11, 6 9, 7 10, 7 15, 8 11, 8 16, 9 17, 10 19, 12 14, 12 18, 13 15, 13 17, 
----------- 13 4 7
		0 1, 0 2, 0 3, 1 15, 2 17, 3 18, 4 7, 4 9, 5 10, 5 11, 6 9, 6 14, 7 15, 8 11, 8 16, 10 19, 11 18, 12 14, 12 19, 13 15, 13 16, 13 17, 
		0 1, 0 3, 1 15, 2 17, 2 19, 3 18, 4 7, 4 8, 5 10, 5 11, 6 9, 6 14, 7 10, 8 16, 9 17, 10 19, 11 18, 12 14, 12 18, 13 15, 13 16, 
		0 1, 0 2, 1 14, 2 17, 2 19, 3 16, 3 18, 4 8, 4 9, 5 6, 5 11, 6 9, 7 10, 7 15, 8 11, 8 16, 9 17, 10 19, 12 14, 12 18, 13 15, 13 17, 
----------- 14 4 8
		0 1, 0 2, 1 15, 2 17, 3 16, 3 18, 4 7, 4 9, 5 10, 5 11, 6 9, 6 14, 7 15, 8 16, 8 16, 10 19, 11 18, 12 14, 12 19, 13 15, 13 16, 13 17, 
		0 1, 0 2, 1 14, 2 17, 2 19, 3 16, 3 18, 4 7, 4 7, 5 6, 5 11, 6 9, 6 14, 7 10, 7 15, 8 11, 8 16, 9 17, 10 19, 12 14, 12 18, 13 15, 13 17, 
		0 1, 0 3, 1 14, 1 15, 2 17, 2 19, 3 18, 4 7, 4 9, 5 6, 5 10, 5 11, 6 9, 7 10, 8 11, 8 16, 9 17, 10 19, 11 18, 12 14, 12 19, 13 15, 13 16, 
----------- 15 4 9
		0 1, 0 2, 0 3, 1 15, 2 17, 3 18, 4 7, 4 8, 5 10, 5 11, 6 9, 6 14, 7 10, 8 11, 8 16, 9 17, 10 19, 11 18, 12 14, 12 19, 13 15, 13 16, 
		0 1, 0 3, 1 14, 2 17, 2 19, 3 16, 3 18, 4 7, 4 7, 5 6, 5 11, 6 9, 7 10, 7 15, 8 11, 8 16, 9 17, 10 19, 12 14, 12 18, 12 19, 13 15, 13 17, 
		0 1, 0 2, 1 14, 1 15, 2 17, 2 19, 3 16, 3 18, 4 7, 4 8, 5 6, 5 10, 5 11, 6 9, 6 9, 6 14, 7 15, 8 16, 10 19, 11 18, 12 14, 12 18, 13 15, 13 16, 13 17, 
----------- 16 5 6
		0 1, 0 2, 1 14, 2 17, 3 16, 3 18, 4 7, 4 9, 5 10, 5 11, 6 9, 6 9, 7 15, 8 11, 8 16, 9 17, 10 19, 12 14, 12 18, 12 19, 13 15, 13 16, 
		0 1, 0 3, 1 15, 2 17, 2 19, 3 16, 3 18, 4 7, 4 8, 4 9, 5 11, 5 11, 6 9, 6 14, 7 10, 7 15, 8 11, 8 16, 10 19, 11 18, 12 14, 12 19, 13 15, 13 17, 
		0 2, 0 3, 1 14, 1 15, 2 17, 2 19, 3 18, 4 7, 4 8, 5 10, 5 11, 6 9, 6 14, 7 10, 8 16, 9 17, 10 19, 11 18, 12 14, 12 18, 13 15, 13 16, 13 17, 
----------- 17 5 10
		0 1, 0 2, 1 14, 2 17, 3 16, 3 18, 4 8, 4 9, 5 11, 5 11, 6 9, 6 14, 7 10, 7 15, 8 11, 8 16, 9 17, 10 19, 11 18, 12 14, 12 19, 13 15, 13 16, 
		0 1, 0 3, 1 15, 2 17, 2 19, 3 16, 3 18, 4 7, 4 9, 5 6, 5 11, 6 9, 6 14, 7 15, 8 11, 8 16, 10 19, 10 19, 12 14, 12 18, 12 19, 13 15, 13 17, 
		0 1, 0 2, 0 3, 1 14, 1 15, 2 17, 2 19, 3 18, 4 7, 4 8, 5 6, 5 11, 6 9, 7 10, 8 16, 9 17, 10 19, 11 18, 12 14, 12 18, 13 15, 13 16, 
----------- 18 5 11
		0 1, 0 3, 1 15, 2 17, 2 19, 3 18, 4 7, 4 8, 4 9, 5 10, 5 11, 6 9, 6 14, 7 10, 8 16, 9 17, 10 19, 11 18, 12 14, 12 19, 13 15, 13 16, 
		0 1, 0 2, 1 14, 2 17, 3 16, 3 18, 4 7, 4 8, 5 6, 5 10, 6 9, 7 15, 8 11, 9 17, 10 19, 11 18, 12 14, 12 18, 12 19, 13 15, 13 16, 13 17, 
		0 2, 0 3, 1 14, 1 15, 2 17, 2 19, 3 16, 3 18, 4 7, 4 9, 5 6, 5 11, 6 9, 7 10, 8 11, 8 16, 10 19, 12 14, 12 18, 13 15, 13 17, 
----------- 19 5 11
		0 1, 0 3, 1 15, 2 17, 2 19, 3 18, 4 7, 4 8, 4 9, 5 10, 5 11, 6 9, 6 14, 7 10, 8 16, 9 17, 10 19, 11 18, 12 14, 12 19, 13 15, 13 16, 
		0 1, 0 2, 1 14, 2 17, 3 16, 3 18, 4 7, 4 8, 5 6, 5 10, 6 9, 7 15, 8 11, 9 17, 10 19, 11 18, 12 14, 12 18, 12 19, 13 15, 13 16, 13 17, 
		0 2, 0 3, 1 14, 1 15, 2 17, 2 19, 3 16, 3 18, 4 7, 4 9, 5 6, 5 11, 6 9, 7 10, 8 11, 8 16, 10 19, 12 14, 12 18, 13 15, 13 17, 
----------- 20 6 9
		0 1, 0 2, 1 14, 2 17, 3 16, 3 18, 4 7, 4 8, 4 9, 5 6, 5 10, 5 11, 6 9, 7 15, 8 16, 10 19, 11 18, 12 14, 12 19, 13 15, 13 17, 
		0 1, 0 3, 1 15, 2 17, 2 19, 3 18, 4 7, 4 9, 5 6, 5 11, 6 14, 7 10, 7 15, 8 11, 8 16, 9 17, 10 19, 12 14, 12 18, 12 19, 13 15, 13 16, 13 17, 
		0 2, 0 3, 1 14, 1 15, 2 17, 2 19, 3 16, 3 18, 4 7, 4 8, 5 10, 5 11, 6 9, 6 14, 7 10, 8 11, 9 17, 10 19, 11 18, 12 14, 12 18, 13 15, 13 16, 
----------- 21 6 9
		0 1, 0 2, 1 14, 2 17, 3 16, 3 18, 4 7, 4 8, 4 9, 5 6, 5 10, 5 11, 6 9, 7 15, 8 16, 10 19, 11 18, 12 14, 12 19, 13 15, 13 17, 
		0 1, 0 3, 1 15, 2 17, 2 19, 3 18, 4 7, 4 9, 5 6, 5 11, 6 14, 7 10, 7 15, 8 11, 8 16, 9 17, 10 19, 12 14, 12 18, 12 19, 13 15, 13 16, 13 17, 
		0 2, 0 3, 1 14, 1 15, 2 17, 2 19, 3 16, 3 18, 4 7, 4 8, 5 10, 5 11, 6 9, 6 14, 7 10, 8 11, 9 17, 10 19, 11 18, 12 14, 12 18, 13 15, 13 16, 
----------- 22 6 14
		0 1, 0 2, 1 14, 2 17, 3 16, 3 18, 4 7, 4 8, 4 9, 5 10, 5 11, 6 9, 6 9, 7 15, 8 16, 9 17, 10 19, 11 18, 12 14, 12 19, 13 15, 13 17, 
		0 1, 0 3, 1 15, 2 17, 2 19, 3 16, 3 18, 4 7, 4 9, 5 6, 5 10, 5 11, 6 9, 7 10, 8 11, 8 16, 10 19, 12 14, 12 14, 12 18, 12 19, 13 15, 13 17, 
		0 2, 0 3, 1 14, 1 15, 2 17, 2 19, 3 18, 4 7, 4 8, 5 6, 5 11, 6 9, 7 10, 8 11, 8 16, 9 17, 10 19, 11 18, 12 14, 12 18, 13 15, 13 16, 
----------- 23 7 10
		0 1, 0 2, 1 15, 2 17, 3 16, 3 18, 4 7, 4 8, 5 10, 5 11, 6 9, 6 14, 7 15, 8 11, 8 16, 9 17, 10 19, 11 18, 12 14, 12 19, 13 15, 13 16, 
		0 1, 0 3, 1 14, 2 17, 2 19, 3 16, 3 18, 4 7, 4 9, 5 6, 5 11, 6 9, 7 15, 8 11, 8 16, 9 17, 10 19, 10 19, 12 14, 12 18, 12 19, 13 15, 13 17, 
		0 1, 0 3, 1 14, 1 15, 2 17, 2 19, 3 18, 4 7, 4 7, 4 8, 4 9, 5 6, 5 10, 5 11, 6 9, 6 14, 8 16, 10 19, 11 18, 12 14, 12 18, 13 15, 13 16, 13 17, 
----------- 24 7 15
		0 1, 0 2, 1 15, 2 17, 2 19, 3 16, 3 18, 4 7, 4 9, 5 6, 5 11, 6 9, 6 14, 7 10, 8 11, 8 16, 9 17, 10 19, 11 18, 12 14, 12 18, 12 19, 13 15, 13 16, 
		0 1, 0 2, 0 3, 1 14, 2 17, 3 18, 4 7, 4 7, 4 8, 4 9, 5 10, 5 11, 6 9, 6 14, 8 16, 10 19, 11 18, 12 14, 12 19, 13 15, 13 15, 13 16, 13 17, 
		0 1, 0 3, 1 14, 1 15, 2 17, 2 19, 3 16, 3 18, 4 7, 4 8, 5 6, 5 10, 5 11, 6 9, 7 10, 8 11, 8 16, 9 17, 10 19, 12 14, 12 18, 13 15, 13 17, 
----------- 25 8 11
		0 1, 0 3, 1 15, 2 17, 2 19, 3 18, 4 8, 4 9, 5 6, 5 10, 5 11, 5 11, 6 14, 7 10, 7 15, 8 16, 9 17, 10 19, 12 14, 12 18, 13 15, 13 16, 
		0 1, 0 2, 1 14, 2 17, 2 19, 3 16, 3 18, 4 7, 4 9, 5 10, 5 11, 6 9, 6 14, 7 15, 8 16, 8 16, 10 19, 11 18, 12 18, 12 19, 13 15, 13 16, 13 17, 
		0 2, 0 3, 1 14, 1 15, 2 17, 3 16, 3 18, 4 7, 4 8, 5 6, 5 11, 6 9, 7 10, 8 16, 9 17, 10 19, 11 18, 12 14, 12 19, 13 15, 13 17, 
----------- 26 8 16
		0 1, 0 2, 1 14, 2 17, 3 16, 3 18, 4 7, 4 8, 5 6, 5 10, 5 11, 6 9, 7 15, 8 16, 9 17, 10 19, 11 18, 12 14, 12 19, 13 15, 13 17, 
		0 1, 0 3, 1 15, 2 17, 2 19, 3 18, 4 7, 4 9, 5 10, 5 11, 6 9, 6 14, 7 15, 8 11, 8 16, 10 19, 11 18, 12 14, 12 18, 13 15, 13 16, 13 17, 
		0 2, 0 3, 1 14, 1 15, 2 17, 2 19, 3 16, 3 18, 4 7, 4 8, 4 9, 5 6, 5 11, 6 14, 7 10, 8 11, 9 17, 10 19, 12 14, 12 18, 13 15, 13 16, 
----------- 27 8 16
		0 1, 0 2, 1 14, 2 17, 3 16, 3 18, 4 7, 4 8, 5 6, 5 10, 5 11, 6 9, 7 15, 8 16, 9 17, 10 19, 11 18, 12 14, 12 19, 13 15, 13 17, 
		0 1, 0 3, 1 15, 2 17, 2 19, 3 18, 4 7, 4 9, 5 10, 5 11, 6 9, 6 14, 7 15, 8 11, 8 16, 10 19, 11 18, 12 14, 12 18, 13 15, 13 16, 13 17, 
		0 2, 0 3, 1 14, 1 15, 2 17, 2 19, 3 16, 3 18, 4 7, 4 8, 4 9, 5 6, 5 11, 6 14, 7 10, 8 11, 9 17, 10 19, 12 14, 12 18, 13 15, 13 16, 
----------- 28 9 17
		0 1, 0 2, 0 3, 1 15, 2 17, 2 17, 2 19, 3 18, 4 7, 4 8, 5 6, 5 10, 5 11, 6 9, 6 9, 6 14, 7 10, 7 15, 8 16, 10 19, 11 18, 12 14, 12 19, 13 15, 13 16, 
		0 1, 0 3, 1 14, 2 17, 2 19, 3 16, 3 18, 4 7, 4 8, 4 9, 5 10, 5 11, 6 9, 6 14, 7 15, 8 11, 8 16, 10 19, 11 18, 12 14, 12 18, 13 15, 13 17, 
		0 1, 0 2, 1 14, 1 15, 2 17, 3 16, 3 18, 4 7, 4 9, 5 6, 5 11, 6 9, 7 10, 8 11, 8 16, 10 19, 12 14, 12 18, 12 19, 13 15, 13 16, 13 17, 
----------- 29 10 19
		0 1, 0 2, 1 14, 2 17, 2 19, 3 16, 3 18, 4 7, 4 9, 5 10, 5 11, 6 9, 6 14, 7 10, 7 15, 8 11, 8 16, 9 17, 12 14, 12 18, 12 19, 13 15, 13 16, 13 17, 
		0 1, 0 2, 0 3, 1 14, 1 15, 2 17, 3 16, 3 18, 4 7, 4 8, 4 9, 5 6, 5 10, 5 11, 6 9, 7 15, 8 16, 10 19, 11 18, 12 14, 12 19, 13 15, 13 17, 
		0 1, 0 3, 1 15, 2 17, 2 19, 3 18, 4 7, 4 8, 5 6, 5 11, 6 9, 6 14, 7 10, 8 16, 9 17, 10 19, 11 18, 12 14, 12 18, 13 15, 13 16, 
----------- 30 10 19
		0 1, 0 2, 1 14, 2 17, 2 19, 3 16, 3 18, 4 7, 4 9, 5 10, 5 11, 6 9, 6 14, 7 10, 7 15, 8 11, 8 16, 9 17, 12 14, 12 18, 12 19, 13 15, 13 16, 13 17, 
		0 1, 0 2, 0 3, 1 14, 1 15, 2 17, 3 16, 3 18, 4 7, 4 8, 4 9, 5 6, 5 10, 5 11, 6 9, 7 15, 8 16, 10 19, 11 18, 12 14, 12 19, 13 15, 13 17, 
		0 1, 0 3, 1 15, 2 17, 2 19, 3 18, 4 7, 4 8, 5 6, 5 11, 6 9, 6 14, 7 10, 8 16, 9 17, 10 19, 11 18, 12 14, 12 18, 13 15, 13 16, 
----------- 31 11 18
		0 1, 0 2, 1 14, 2 17, 2 19, 3 16, 3 18, 4 7, 4 9, 5 10, 5 11, 6 9, 6 14, 7 15, 8 11, 8 16, 10 19, 12 14, 12 18, 13 15, 13 17, 
		0 1, 0 3, 1 14, 1 15, 2 17, 2 19, 3 18, 4 7, 4 8, 5 6, 5 10, 5 11, 5 11, 6 9, 7 10, 8 16, 9 17, 10 19, 12 14, 12 18, 12 19, 13 15, 13 16, 
		0 1, 0 2, 0 3, 1 15, 2 17, 3 16, 3 18, 3 18, 4 7, 4 8, 4 9, 5 6, 5 11, 6 14, 7 10, 8 11, 8 16, 9 17, 10 19, 12 14, 12 19, 13 15, 13 16, 13 17, 
----------- 32 12 14
		0 1, 0 3, 1 14, 1 15, 2 17, 2 19, 3 16, 3 18, 4 7, 4 8, 5 6, 5 11, 6 9, 7 10, 8 16, 9 17, 10 19, 11 18, 12 14, 12 19, 13 15, 13 16, 
		0 1, 0 2, 0 3, 1 14, 2 17, 3 18, 4 7, 4 8, 5 10, 5 11, 6 9, 6 14, 7 15, 8 11, 8 16, 9 17, 10 19, 12 18, 12 19, 13 15, 13 16, 13 17, 
		0 1, 0 2, 1 15, 2 17, 2 19, 3 16, 3 18, 4 7, 4 9, 5 6, 5 10, 5 11, 6 9, 6 14, 7 15, 8 11, 8 16, 10 19, 12 14, 12 18, 13 15, 13 17, 
----------- 33 12 14
		0 1, 0 3, 1 14, 1 15, 2 17, 2 19, 3 16, 3 18, 4 7, 4 8, 5 6, 5 11, 6 9, 7 10, 8 16, 9 17, 10 19, 11 18, 12 14, 12 19, 13 15, 13 16, 
		0 1, 0 2, 0 3, 1 14, 2 17, 3 18, 4 7, 4 8, 5 10, 5 11, 6 9, 6 14, 7 15, 8 11, 8 16, 9 17, 10 19, 12 18, 12 19, 13 15, 13 16, 13 17, 
		0 1, 0 2, 1 15, 2 17, 2 19, 3 16, 3 18, 4 7, 4 9, 5 6, 5 10, 5 11, 6 9, 6 14, 7 15, 8 11, 8 16, 10 19, 12 14, 12 18, 13 15, 13 17, 
----------- 34 12 18
		0 1, 0 3, 1 14, 2 17, 2 19, 3 16, 3 18, 3 18, 4 7, 4 8, 4 9, 5 6, 5 11, 6 9, 7 10, 7 15, 8 11, 8 16, 10 19, 12 14, 12 19, 13 15, 13 16, 13 17, 
		0 1, 0 2, 1 14, 1 15, 2 19, 3 16, 3 18, 4 7, 4 8, 5 10, 5 11, 6 9, 6 14, 7 15, 8 16, 9 17, 10 19, 11 18, 12 14, 12 14, 13 15, 13 17, 
		0 1, 0 2, 0 3, 1 15, 2 17, 3 18, 4 7, 4 9, 5 6, 5 10, 5 11, 6 14, 7 10, 8 11, 8 16, 9 17, 10 19, 11 18, 12 14, 12 19, 13 15, 13 16, 
----------- 35 12 19
		0 1, 0 2, 1 14, 1 15, 2 17, 3 16, 3 18, 4 7, 4 8, 5 6, 5 10, 5 11, 6 9, 7 10, 7 15, 8 16, 9 17, 10 19, 10 19, 11 18, 12 14, 12 18, 13 15, 13 16, 
		0 1, 0 3, 1 14, 2 17, 2 19, 3 16, 3 18, 4 7, 4 9, 5 10, 5 11, 6 9, 6 14, 7 15, 8 11, 8 16, 10 19, 11 18, 12 14, 12 14, 13 15, 13 17, 
		0 1, 0 3, 1 15, 2 17, 2 19, 3 18, 4 7, 4 8, 5 6, 5 11, 6 9, 6 14, 7 10, 8 11, 8 16, 9 17, 10 19, 12 14, 12 18, 13 15, 13 16, 
----------- 36 13 15
		0 1, 0 2, 0 3, 1 15, 2 17, 3 18, 4 7, 4 8, 5 10, 5 11, 6 9, 6 14, 7 10, 8 16, 9 17, 10 19, 11 18, 12 14, 12 19, 13 15, 13 16, 
		0 1, 0 3, 1 14, 2 17, 2 19, 3 16, 3 18, 4 7, 4 9, 5 6, 5 11, 6 9, 6 14, 7 10, 7 15, 8 11, 8 16, 9 17, 10 19, 12 14, 12 18, 12 19, 13 15, 13 17, 
		0 1, 0 2, 1 14, 1 15, 2 17, 2 19, 3 16, 3 18, 4 7, 4 8, 4 9, 5 6, 5 10, 5 11, 6 9, 7 15, 8 11, 8 16, 10 19, 12 14, 12 18, 13 16, 13 17, 
----------- 37 13 15
		0 1, 0 2, 0 3, 1 15, 2 17, 3 18, 4 7, 4 8, 5 10, 5 11, 6 9, 6 14, 7 10, 8 16, 9 17, 10 19, 11 18, 12 14, 12 19, 13 15, 13 16, 
		0 1, 0 3, 1 14, 2 17, 2 19, 3 16, 3 18, 4 7, 4 9, 5 6, 5 11, 6 9, 6 14, 7 10, 7 15, 8 11, 8 16, 9 17, 10 19, 12 14, 12 18, 12 19, 13 15, 13 17, 
		0 1, 0 2, 1 14, 1 15, 2 17, 2 19, 3 16, 3 18, 4 7, 4 8, 4 9, 5 6, 5 10, 5 11, 6 9, 7 15, 8 11, 8 16, 10 19, 12 14, 12 18, 13 16, 13 17, 
----------- 38 13 16
		0 1, 0 2, 1 14, 1 15, 2 17, 3 16, 3 18, 4 7, 4 8, 5 6, 5 11, 6 9, 7 10, 7 15, 8 16, 9 17, 10 19, 11 18, 12 14, 12 19, 13 15, 13 15, 
		0 1, 0 3, 1 15, 2 17, 2 19, 3 16, 3 18, 4 7, 4 9, 5 10, 5 11, 6 9, 6 14, 7 10, 8 11, 8 16, 12 14, 12 18, 12 19, 13 15, 13 17, 
		0 1, 0 3, 1 14, 2 17, 2 19, 3 18, 4 7, 4 8, 4 9, 5 10, 5 11, 6 9, 6 14, 7 15, 8 11, 8 16, 8 16, 10 19, 11 18, 12 14, 12 18, 13 15, 13 17, 
----------- 39 13 17
		0 1, 0 2, 1 15, 2 17, 2 17, 2 19, 3 16, 3 18, 4 7, 4 8, 4 9, 5 10, 5 11, 6 9, 6 14, 7 10, 7 15, 8 11, 8 16, 10 19, 12 14, 12 18, 13 15, 13 15, 
		0 1, 0 2, 0 3, 1 14, 2 17, 3 18, 4 7, 4 9, 5 6, 5 10, 6 9, 6 14, 7 15, 8 11, 8 16, 9 17, 10 19, 11 18, 12 14, 12 19, 13 15, 13 16, 
		0 1, 0 3, 1 14, 1 15, 2 17, 2 19, 3 18, 4 7, 4 8, 5 6, 5 11, 6 9, 7 10, 8 16, 9 17, 10 19, 11 18, 12 14, 12 19, 13 15, 13 16, 
