9 8, 7 6, 9 5, 9 5, 7 5, 8 4, 8 4, 6 4, 8 3, 7 3, 7 3, 9 2, 6 2, 6 2, 5 1, 4 1, 3 0, 2 0, 1 0, 1 0, 
----------- 0 0 1
		0 2, 0 3, 1 4, 1 5, 2 6, 3 7, 3 8, 4 6, 4 8, 5 9, 6 7, 8 9, 
		0 1, 0 2, 1 5, 2 6, 2 9, 3 7, 3 8, 4 6, 4 8, 5 7, 5 9, 
		0 1, 0 3, 1 4, 2 6, 2 9, 3 7, 4 8, 5 7, 5 9, 6 7, 8 9, 
----------- 1 0 1
		0 2, 0 3, 1 4, 1 5, 2 6, 3 7, 3 8, 4 6, 4 8, 5 9, 6 7, 8 9, 
		0 1, 0 2, 1 5, 2 6, 2 9, 3 7, 3 8, 4 6, 4 8, 5 7, 5 9, 
		0 1, 0 3, 1 4, 2 6, 2 9, 3 7, 4 8, 5 7, 5 9, 6 7, 8 9, 
----------- 2 0 2
		0 1, 0 1, 1 4, 1 5, 2 6, 2 9, 3 7, 3 8, 4 8, 5 7, 5 9, 6 7, 
		0 1, 0 3, 1 5, 2 6, 2 6, 3 7, 4 6, 4 8, 5 9, 6 7, 8 9, 
		0 1, 0 3, 1 4, 2 6, 2 9, 3 7, 3 8, 4 6, 4 8, 5 7, 5 9, 
----------- 3 0 3
		0 1, 0 2, 1 5, 2 6, 2 9, 3 7, 3 8, 4 6, 4 8, 5 7, 5 9, 
		0 1, 0 2, 1 4, 2 6, 3 7, 3 7, 4 8, 5 7, 5 9, 6 7, 8 9, 
		0 1, 0 1, 1 4, 1 5, 2 6, 2 9, 3 7, 3 8, 4 8, 5 9, 6 7, 
----------- 4 1 4
		0 1, 0 3, 1 5, 2 6, 2 9, 3 7, 3 8, 4 6, 4 8, 5 7, 5 9, 
		0 1, 0 1, 0 2, 0 3, 2 6, 3 7, 4 6, 4 8, 5 7, 5 9, 6 7, 8 9, 
		0 1, 0 2, 1 5, 2 6, 2 9, 3 7, 3 8, 4 8, 4 8, 5 9, 6 7, 8 9, 
----------- 5 1 5
		0 1, 0 1, 0 2, 0 3, 2 6, 2 9, 3 7, 4 6, 4 8, 5 9, 5 9, 6 7, 8 9, 
		0 1, 0 2, 1 4, 2 6, 3 7, 3 8, 4 8, 5 7, 5 9, 6 7, 8 9, 
		0 1, 0 3, 1 4, 2 6, 2 9, 3 7, 3 8, 4 6, 4 8, 5 7, 5 9, 
----------- 6 2 6
		0 1, 0 2, 0 3, 1 5, 2 6, 3 7, 4 6, 4 8, 5 7, 5 9, 8 9, 
		0 1, 0 2, 1 4, 2 9, 3 7, 3 8, 4 6, 4 8, 5 7, 5 9, 6 7, 
		0 1, 0 3, 1 4, 1 5, 2 6, 2 9, 3 7, 4 8, 5 9, 6 7, 8 9, 
----------- 7 2 6
		0 1, 0 2, 0 3, 1 5, 2 6, 3 7, 4 6, 4 8, 5 7, 5 9, 8 9, 
		0 1, 0 2, 1 4, 2 9, 3 7, 3 8, 4 6, 4 8, 5 7, 5 9, 6 7, 
		0 1, 0 3, 1 4, 1 5, 2 6, 2 9, 3 7, 4 8, 5 9, 6 7, 8 9, 
----------- 8 2 9
		0 1, 0 2, 1 4, 1 5, 2 6, 3 7, 3 8, 4 8, 5 9, 6 7, 8 9, 
		0 1, 0 3, 1 4, 2 6, 2 6, 3 7, 4 6, 4 8, 5 7, 5 9, 6 7, 8 9, 
		0 1, 0 2, 1 5, 2 6, 3 7, 3 8, 4 6, 4 8, 5 7, 5 9, 5 9, 
----------- 9 3 7
		0 1, 0 2, 0 3, 1 4, 2 6, 3 8, 4 6, 4 8, 5 7, 5 9, 6 7, 8 9, 
		0 1, 0 2, 1 5, 2 6, 2 9, 3 7, 3 8, 4 6, 4 8, 5 7, 5 9, 
		0 1, 0 3, 1 4, 1 5, 2 6, 2 9, 3 7, 4 8, 5 9, 6 7, 8 9, 
----------- 10 3 7
		0 1, 0 2, 0 3, 1 4, 2 6, 3 8, 4 6, 4 8, 5 7, 5 9, 6 7, 8 9, 
		0 1, 0 2, 1 5, 2 6, 2 9, 3 7, 3 8, 4 6, 4 8, 5 7, 5 9, 
		0 1, 0 3, 1 4, 1 5, 2 6, 2 9, 3 7, 4 8, 5 9, 6 7, 8 9, 
----------- 11 3 8
		0 1, 0 2, 0 3, 1 5, 2 6, 3 7, 4 6, 4 8, 5 7, 5 9, 8 9, 
		0 1, 0 2, 1 4, 2 6, 3 7, 3 7, 4 8, 5 7, 5 9, 6 7, 8 9, 
		0 1, 0 3, 1 4, 1 5, 2 6, 2 9, 3 7, 4 6, 4 8, 4 8, 5 9, 6 7, 
----------- 12 4 6
		0 1, 0 3, 1 4, 1 5, 2 6, 2 9, 3 7, 4 8, 5 7, 5 9, 6 7, 8 9, 
		0 1, 0 2, 1 4, 2 6, 2 6, 2 9, 3 7, 3 8, 4 8, 5 7, 5 9, 
		0 1, 0 2, 1 5, 2 6, 3 7, 3 8, 4 8, 4 8, 5 9, 6 7, 8 9, 
----------- 13 4 8
		0 1, 0 3, 1 5, 2 6, 2 9, 3 7, 3 8, 4 6, 4 8, 5 9, 6 7, 
		0 1, 0 2, 1 4, 1 5, 2 6, 2 9, 3 7, 3 8, 4 6, 5 7, 8 9, 
		0 1, 0 2, 0 3, 1 4, 2 6, 3 7, 4 8, 5 7, 5 9, 6 7, 8 9, 
----------- 14 4 8
		0 1, 0 3, 1 5, 2 6, 2 9, 3 7, 3 8, 4 6, 4 8, 5 9, 6 7, 
		0 1, 0 2, 1 4, 1 5, 2 6, 2 9, 3 7, 3 8, 4 6, 5 7, 8 9, 
		0 1, 0 2, 0 3, 1 4, 2 6, 3 7, 4 8, 5 7, 5 9, 6 7, 8 9, 
----------- 15 5 7
		0 1, 0 2, 1 4, 1 5, 2 6, 3 7, 3 8, 4 6, 5 9, 6 7, 8 9, 
		0 1, 0 3, 1 4, 2 6, 2 9, 3 7, 4 8, 5 9, 5 9, 6 7, 8 9, 
		0 1, 0 3, 1 5, 2 6, 2 9, 3 7, 3 7, 3 8, 4 6, 4 8, 5 9, 
----------- 16 5 9
		0 1, 0 2, 1 4, 1 5, 2 6, 3 7, 3 8, 4 8, 5 9, 6 7, 8 9, 
		0 1, 0 2, 0 3, 1 5, 2 9, 3 7, 4 6, 4 8, 5 7, 6 7, 8 9, 
		0 1, 0 3, 1 4, 2 6, 2 9, 3 7, 3 8, 4 6, 4 8, 5 7, 5 9, 
----------- 17 5 9
		0 1, 0 2, 1 4, 1 5, 2 6, 3 7, 3 8, 4 8, 5 9, 6 7, 8 9, 
		0 1, 0 2, 0 3, 1 5, 2 9, 3 7, 4 6, 4 8, 5 7, 6 7, 8 9, 
		0 1, 0 3, 1 4, 2 6, 2 9, 3 7, 3 8, 4 6, 4 8, 5 7, 5 9, 
----------- 18 6 7
		0 1, 0 3, 1 5, 2 6, 2 9, 3 7, 3 7, 3 8, 4 6, 4 8, 5 9, 
		0 1, 0 2, 1 4, 2 6, 2 6, 2 9, 3 7, 3 8, 4 8, 5 7, 5 9, 8 9, 
		0 1, 0 2, 0 3, 1 4, 1 5, 2 6, 3 7, 4 6, 4 8, 5 7, 5 9, 8 9, 
----------- 19 8 9
		0 2, 0 3, 1 4, 1 5, 2 6, 3 7, 4 6, 4 8, 4 8, 5 7, 5 9, 5 9, 
		0 1, 0 2, 1 4, 2 6, 2 9, 3 7, 3 8, 4 8, 5 7, 5 9, 6 7, 
		0 1, 0 3, 1 5, 2 6, 2 9, 3 7, 3 8, 4 6, 4 8, 5 9, 6 7, 
