20
9 8, 9 8, 8 7, 7 6, 7 6, 9 5, 7 4, 5 4, 5 4, 8 3, 4 3, 6 2, 3 2, 3 2, 9 1, 5 1, 6 0, 2 0, 1 0, 1 0, 
0.555556
	0 1 0.666667
		0.333333 8 7, 7 6, 9 5, 5 4, 8 3, 4 3, 6 2, 9 1, 2 0, 1 0, 
		0.333333 9 8, 7 6, 7 4, 5 4, 8 3, 3 2, 9 1, 5 1, 6 0, 2 0, 
		0.333333 9 8, 8 7, 9 5, 7 4, 4 3, 6 2, 3 2, 5 1, 6 0, 1 0, 
	0 1 0.666667
		0.333333 8 7, 7 6, 9 5, 5 4, 8 3, 4 3, 6 2, 9 1, 2 0, 1 0, 
		0.333333 9 8, 7 6, 7 4, 5 4, 8 3, 3 2, 9 1, 5 1, 6 0, 2 0, 
		0.333333 9 8, 8 7, 9 5, 7 4, 4 3, 6 2, 3 2, 5 1, 6 0, 1 0, 
	0 2 0.666667
		0.333333 8 7, 9 5, 7 4, 5 4, 8 3, 6 2, 3 2, 9 1, 6 0, 1 0, 
		0.333333 9 8, 7 6, 9 5, 7 4, 8 3, 4 3, 3 2, 3 2, 5 1, 6 0, 1 0, 
		0.333333 9 8, 8 7, 7 6, 5 4, 4 3, 6 2, 3 2, 9 1, 5 1, 1 0, 1 0, 
	0 6 0.666667
		0.333333 8 7, 7 6, 9 5, 5 4, 8 3, 4 3, 6 2, 9 1, 2 0, 1 0, 
		0.333333 9 8, 7 6, 7 4, 5 4, 8 3, 6 2, 3 2, 9 1, 5 1, 1 0, 1 0, 
		0.333333 9 8, 8 7, 7 6, 7 6, 9 5, 7 4, 4 3, 3 2, 5 1, 2 0, 1 0, 
	1 5 0.666667
		0.333333 8 7, 7 6, 9 5, 5 4, 8 3, 4 3, 6 2, 3 2, 9 1, 2 0, 1 0, 
		0.333333 9 8, 7 6, 9 5, 7 4, 5 4, 8 3, 3 2, 6 0, 2 0, 1 0, 1 0, 
		0.333333 9 8, 8 7, 7 4, 5 4, 5 4, 4 3, 6 2, 3 2, 9 1, 6 0, 1 0, 
	1 9 0.666667
		0.333333 9 8, 8 7, 7 6, 9 5, 5 4, 4 3, 3 2, 6 0, 2 0, 1 0, 1 0, 
		0.333333 9 8, 7 6, 9 5, 7 4, 8 3, 4 3, 6 2, 5 1, 2 0, 1 0, 
		0.333333 9 8, 9 8, 8 7, 7 4, 5 4, 8 3, 6 2, 3 2, 5 1, 6 0, 1 0, 
	2 3 0.666667
		0.333333 8 7, 9 5, 7 4, 5 4, 8 3, 6 2, 3 2, 9 1, 6 0, 1 0, 
		0.333333 9 8, 7 6, 9 5, 7 4, 8 3, 4 3, 6 2, 5 1, 2 0, 1 0, 
		0.333333 9 8, 8 7, 7 6, 5 4, 4 3, 3 2, 9 1, 5 1, 6 0, 2 0, 
	2 3 0.666667
		0.333333 8 7, 9 5, 7 4, 5 4, 8 3, 6 2, 3 2, 9 1, 6 0, 1 0, 
		0.333333 9 8, 7 6, 9 5, 7 4, 8 3, 4 3, 6 2, 5 1, 2 0, 1 0, 
		0.333333 9 8, 8 7, 7 6, 5 4, 4 3, 3 2, 9 1, 5 1, 6 0, 2 0, 
	2 6 0.666667
		0.333333 8 7, 7 6, 7 6, 9 5, 7 4, 5 4, 8 3, 3 2, 9 1, 2 0, 1 0, 
		0.333333 9 8, 7 6, 7 4, 5 4, 8 3, 4 3, 3 2, 3 2, 9 1, 5 1, 6 0, 1 0, 
		0.333333 9 8, 8 7, 7 6, 9 5, 5 4, 4 3, 3 2, 5 1, 6 0, 2 0, 1 0, 
	3 4 0.666667
		0.333333 8 7, 9 5, 7 4, 5 4, 8 3, 6 2, 3 2, 9 1, 6 0, 1 0, 
		0.333333 9 8, 7 6, 7 4, 5 4, 8 3, 3 2, 9 1, 5 1, 6 0, 2 0, 1 0, 
		0.333333 9 8, 8 7, 7 6, 9 5, 5 4, 5 4, 6 2, 3 2, 3 2, 5 1, 2 0, 1 0, 
	3 8 0.666667
		0.333333 9 8, 8 7, 7 4, 5 4, 4 3, 6 2, 3 2, 9 1, 5 1, 6 0, 1 0, 
		0.333333 9 8, 8 7, 7 6, 9 5, 5 4, 5 4, 6 2, 3 2, 3 2, 5 1, 2 0, 1 0, 
		0.333333 9 8, 9 8, 7 6, 9 5, 7 4, 5 4, 4 3, 3 2, 9 1, 6 0, 2 0, 1 0, 
	4 5 0.666667
		0.333333 8 7, 9 5, 7 4, 5 4, 8 3, 6 2, 3 2, 9 1, 6 0, 1 0, 
		0.333333 9 8, 7 6, 9 5, 7 4, 8 3, 4 3, 6 2, 5 1, 2 0, 1 0, 
		0.333333 9 8, 8 7, 7 6, 5 4, 4 3, 3 2, 9 1, 5 1, 6 0, 2 0, 
	4 5 0.666667
		0.333333 8 7, 9 5, 7 4, 5 4, 8 3, 6 2, 3 2, 9 1, 6 0, 1 0, 
		0.333333 9 8, 7 6, 9 5, 7 4, 8 3, 4 3, 6 2, 5 1, 2 0, 1 0, 
		0.333333 9 8, 8 7, 7 6, 5 4, 4 3, 3 2, 9 1, 5 1, 6 0, 2 0, 
	4 7 0.666667
		0.333333 8 7, 7 6, 9 5, 5 4, 8 3, 4 3, 6 2, 9 1, 2 0, 1 0, 
		0.333333 9 8, 7 6, 7 6, 9 5, 5 4, 5 4, 8 3, 6 2, 3 2, 5 1, 6 0, 1 0, 
		0.333333 9 8, 8 7, 7 6, 5 4, 4 3, 3 2, 9 1, 5 1, 6 0, 2 0, 1 0, 
	5 9 0.666667
		0.333333 9 8, 7 6, 7 4, 5 4, 5 4, 8 3, 4 3, 3 2, 9 1, 6 0, 2 0, 1 0, 
		0.333333 9 8, 8 7, 7 6, 5 4, 4 3, 6 2, 3 2, 9 1, 5 1, 1 0, 1 0, 
		0.333333 9 8, 9 8, 8 7, 7 4, 5 4, 8 3, 6 2, 3 2, 5 1, 6 0, 2 0, 1 0, 
	6 7 0.666667
		0.333333 8 7, 9 5, 7 4, 5 4, 8 3, 6 2, 3 2, 9 1, 6 0, 1 0, 
		0.333333 9 8, 7 6, 9 5, 7 4, 8 3, 4 3, 6 2, 5 1, 2 0, 1 0, 
		0.333333 9 8, 8 7, 7 6, 5 4, 4 3, 3 2, 9 1, 5 1, 6 0, 2 0, 1 0, 
	6 7 0.666667
		0.333333 8 7, 9 5, 7 4, 5 4, 8 3, 6 2, 3 2, 9 1, 6 0, 1 0, 
		0.333333 9 8, 7 6, 9 5, 7 4, 8 3, 4 3, 6 2, 5 1, 2 0, 1 0, 
		0.333333 9 8, 8 7, 7 6, 5 4, 4 3, 3 2, 9 1, 5 1, 6 0, 2 0, 1 0, 
	7 8 0.666667
		0.333333 9 8, 7 6, 9 5, 7 4, 8 3, 4 3, 3 2, 5 1, 6 0, 2 0, 1 0, 
		0.333333 9 8, 7 6, 7 4, 5 4, 8 3, 6 2, 3 2, 9 1, 5 1, 1 0, 1 0, 
		0.333333 9 8, 9 8, 7 6, 7 6, 9 5, 5 4, 4 3, 6 2, 3 2, 9 1, 6 0, 2 0, 1 0, 
	8 9 0.666667
		0.333333 8 7, 7 6, 9 5, 5 4, 8 3, 4 3, 6 2, 9 1, 6 0, 2 0, 1 0, 
		0.333333 9 8, 7 6, 7 4, 5 4, 8 3, 6 2, 3 2, 9 1, 5 1, 6 0, 1 0, 
		0.333333 9 8, 8 7, 7 6, 7 6, 9 5, 7 4, 4 3, 3 2, 5 1, 2 0, 1 0, 
	8 9 0.666667
		0.333333 8 7, 7 6, 9 5, 5 4, 8 3, 4 3, 6 2, 9 1, 6 0, 2 0, 1 0, 
		0.333333 9 8, 7 6, 7 4, 5 4, 8 3, 6 2, 3 2, 9 1, 5 1, 6 0, 1 0, 
		0.333333 9 8, 8 7, 7 6, 7 6, 9 5, 7 4, 4 3, 3 2, 5 1, 2 0, 1 0, 
