20
9 7, 9 6, 8 6, 8 5, 7 5, 9 4, 9 4, 8 3, 8 3, 4 3, 7 2, 7 2, 3 2, 6 1, 6 1, 2 1, 5 0, 5 0, 4 0, 1 0, 
0.55
	0 1 3
		0.333333 9 6, 7 5, 9 4, 8 3, 8 3, 4 3, 7 2, 3 2, 6 1, 2 1, 5 0, 4 0, 
		0.333333 9 7, 8 6, 8 5, 9 4, 4 3, 7 2, 3 2, 6 1, 2 1, 5 0, 4 0, 
		0.333333 9 7, 9 6, 8 6, 8 5, 7 5, 9 4, 9 4, 8 3, 8 3, 7 2, 7 2, 6 1, 6 1, 5 0, 5 0, 
	0 4 3
		0.333333 9 6, 8 6, 8 5, 9 4, 4 3, 7 2, 7 2, 3 2, 2 1, 5 0, 1 0, 
		0.333333 9 7, 7 5, 9 4, 8 3, 8 3, 4 3, 3 2, 6 1, 6 1, 2 1, 5 0, 1 0, 
		0.333333 9 7, 9 6, 8 6, 8 5, 7 5, 9 4, 9 4, 8 3, 8 3, 7 2, 7 2, 6 1, 6 1, 5 0, 5 0, 
	0 5 6
		0.166667 8 6, 8 5, 9 4, 9 4, 8 3, 4 3, 7 2, 7 2, 3 2, 6 1, 2 1, 5 0, 4 0, 
		0.166667 9 6, 8 6, 7 5, 9 4, 8 3, 4 3, 7 2, 3 2, 6 1, 6 1, 5 0, 4 0, 
		0.166667 9 7, 8 5, 7 5, 9 4, 8 3, 7 2, 3 2, 6 1, 6 1, 2 1, 4 0, 1 0, 
		0.166667 9 7, 9 6, 7 5, 9 4, 8 3, 8 3, 4 3, 7 2, 3 2, 6 1, 2 1, 5 0, 1 0, 
		0.166667 9 7, 9 6, 8 6, 8 5, 9 4, 9 4, 8 3, 8 3, 7 2, 6 1, 2 1, 5 0, 1 0, 
		0.166667 9 7, 9 6, 8 6, 8 5, 7 5, 9 4, 8 3, 4 3, 7 2, 7 2, 6 1, 4 0, 1 0, 
	0 5 6
		0.166667 8 6, 8 5, 9 4, 9 4, 8 3, 4 3, 7 2, 7 2, 3 2, 6 1, 2 1, 5 0, 4 0, 
		0.166667 9 6, 8 6, 7 5, 9 4, 8 3, 4 3, 7 2, 3 2, 6 1, 6 1, 5 0, 4 0, 
		0.166667 9 7, 8 5, 7 5, 9 4, 8 3, 7 2, 3 2, 6 1, 6 1, 2 1, 4 0, 1 0, 
		0.166667 9 7, 9 6, 7 5, 9 4, 8 3, 8 3, 4 3, 7 2, 3 2, 6 1, 2 1, 5 0, 1 0, 
		0.166667 9 7, 9 6, 8 6, 8 5, 9 4, 9 4, 8 3, 8 3, 7 2, 6 1, 2 1, 5 0, 1 0, 
		0.166667 9 7, 9 6, 8 6, 8 5, 7 5, 9 4, 8 3, 4 3, 7 2, 7 2, 6 1, 4 0, 1 0, 
	1 2 3
		0.333333 8 6, 7 5, 9 4, 9 4, 8 3, 4 3, 7 2, 3 2, 6 1, 5 0, 4 0, 1 0, 
		0.333333 9 7, 9 6, 8 5, 8 3, 4 3, 7 2, 3 2, 6 1, 5 0, 4 0, 1 0, 
		0.333333 9 7, 9 6, 8 6, 8 5, 7 5, 9 4, 9 4, 8 3, 8 3, 7 2, 7 2, 6 1, 6 1, 5 0, 5 0, 
	1 6 6
		0.166667 8 6, 8 5, 9 4, 9 4, 8 3, 4 3, 7 2, 7 2, 3 2, 6 1, 2 1, 5 0, 4 0, 
		0.166667 9 6, 8 5, 7 5, 9 4, 8 3, 4 3, 7 2, 6 1, 2 1, 5 0, 5 0, 
		0.166667 9 7, 8 6, 8 5, 7 5, 9 4, 8 3, 8 3, 7 2, 7 2, 6 1, 5 0, 4 0, 1 0, 
		0.166667 9 7, 9 6, 9 4, 8 3, 8 3, 4 3, 7 2, 3 2, 6 1, 5 0, 5 0, 4 0, 1 0, 
		0.166667 9 7, 9 6, 8 6, 7 5, 9 4, 8 3, 4 3, 7 2, 3 2, 2 1, 5 0, 4 0, 1 0, 
		0.166667 9 7, 9 6, 8 6, 8 5, 7 5, 9 4, 9 4, 8 3, 7 2, 3 2, 2 1, 5 0, 1 0, 
	1 6 6
		0.166667 8 6, 8 5, 9 4, 9 4, 8 3, 4 3, 7 2, 7 2, 3 2, 6 1, 2 1, 5 0, 4 0, 
		0.166667 9 6, 8 5, 7 5, 9 4, 8 3, 4 3, 7 2, 6 1, 2 1, 5 0, 5 0, 
		0.166667 9 7, 8 6, 8 5, 7 5, 9 4, 8 3, 8 3, 7 2, 7 2, 6 1, 5 0, 4 0, 1 0, 
		0.166667 9 7, 9 6, 9 4, 8 3, 8 3, 4 3, 7 2, 3 2, 6 1, 5 0, 5 0, 4 0, 1 0, 
		0.166667 9 7, 9 6, 8 6, 7 5, 9 4, 8 3, 4 3, 7 2, 3 2, 2 1, 5 0, 4 0, 1 0, 
		0.166667 9 7, 9 6, 8 6, 8 5, 7 5, 9 4, 9 4, 8 3, 7 2, 3 2, 2 1, 5 0, 1 0, 
	2 3 3
		0.333333 9 6, 8 5, 7 5, 9 4, 8 3, 4 3, 7 2, 6 1, 2 1, 4 0, 1 0, 
		0.333333 9 7, 8 6, 9 4, 8 3, 4 3, 7 2, 6 1, 2 1, 5 0, 5 0, 4 0, 1 0, 
		0.333333 9 7, 9 6, 8 6, 8 5, 7 5, 9 4, 9 4, 8 3, 8 3, 7 2, 7 2, 6 1, 6 1, 5 0, 5 0, 
	2 7 6
		0.166667 8 6, 8 5, 7 5, 9 4, 9 4, 8 3, 4 3, 7 2, 6 1, 2 1, 5 0, 4 0, 
		0.166667 9 6, 8 6, 8 5, 7 5, 9 4, 8 3, 4 3, 7 2, 3 2, 6 1, 6 1, 5 0, 5 0, 
		0.166667 9 7, 8 5, 7 5, 9 4, 8 3, 4 3, 3 2, 6 1, 6 1, 2 1, 5 0, 4 0, 1 0, 
		0.166667 9 7, 9 6, 9 4, 8 3, 8 3, 4 3, 7 2, 3 2, 6 1, 5 0, 5 0, 4 0, 1 0, 
		0.166667 9 7, 9 6, 8 6, 7 5, 9 4, 9 4, 8 3, 3 2, 6 1, 2 1, 5 0, 1 0, 
		0.166667 9 7, 9 6, 8 6, 8 5, 9 4, 8 3, 8 3, 7 2, 6 1, 2 1, 5 0, 4 0, 1 0, 
	2 7 6
		0.166667 8 6, 8 5, 7 5, 9 4, 9 4, 8 3, 4 3, 7 2, 6 1, 2 1, 5 0, 4 0, 
		0.166667 9 6, 8 6, 8 5, 7 5, 9 4, 8 3, 4 3, 7 2, 3 2, 6 1, 6 1, 5 0, 5 0, 
		0.166667 9 7, 8 5, 7 5, 9 4, 8 3, 4 3, 3 2, 6 1, 6 1, 2 1, 5 0, 4 0, 1 0, 
		0.166667 9 7, 9 6, 9 4, 8 3, 8 3, 4 3, 7 2, 3 2, 6 1, 5 0, 5 0, 4 0, 1 0, 
		0.166667 9 7, 9 6, 8 6, 7 5, 9 4, 9 4, 8 3, 3 2, 6 1, 2 1, 5 0, 1 0, 
		0.166667 9 7, 9 6, 8 6, 8 5, 9 4, 8 3, 8 3, 7 2, 6 1, 2 1, 5 0, 4 0, 1 0, 
	3 4 3
		0.333333 9 6, 8 6, 7 5, 9 4, 8 3, 7 2, 3 2, 2 1, 5 0, 4 0, 1 0, 
		0.333333 9 7, 8 5, 9 4, 8 3, 7 2, 3 2, 6 1, 6 1, 2 1, 5 0, 4 0, 1 0, 
		0.333333 9 7, 9 6, 8 6, 8 5, 7 5, 9 4, 9 4, 8 3, 8 3, 7 2, 7 2, 6 1, 6 1, 5 0, 5 0, 
	3 8 6
		0.166667 8 6, 8 5, 7 5, 9 4, 9 4, 4 3, 7 2, 3 2, 6 1, 5 0, 4 0, 1 0, 
		0.166667 9 6, 8 6, 9 4, 8 3, 7 2, 7 2, 3 2, 6 1, 2 1, 5 0, 5 0, 4 0, 1 0, 
		0.166667 9 7, 8 5, 9 4, 8 3, 4 3, 7 2, 6 1, 6 1, 2 1, 5 0, 1 0, 
		0.166667 9 7, 9 6, 8 5, 7 5, 9 4, 9 4, 8 3, 7 2, 3 2, 6 1, 2 1, 5 0, 5 0, 
		0.166667 9 7, 9 6, 8 6, 7 5, 9 4, 8 3, 4 3, 7 2, 7 2, 6 1, 6 1, 5 0, 4 0, 
		0.166667 9 7, 9 6, 8 6, 8 5, 7 5, 9 4, 4 3, 7 2, 3 2, 6 1, 2 1, 5 0, 4 0, 1 0, 
	3 8 6
		0.166667 8 6, 8 5, 7 5, 9 4, 9 4, 4 3, 7 2, 3 2, 6 1, 5 0, 4 0, 1 0, 
		0.166667 9 6, 8 6, 9 4, 8 3, 7 2, 7 2, 3 2, 6 1, 2 1, 5 0, 5 0, 4 0, 1 0, 
		0.166667 9 7, 8 5, 9 4, 8 3, 4 3, 7 2, 6 1, 6 1, 2 1, 5 0, 1 0, 
		0.166667 9 7, 9 6, 8 5, 7 5, 9 4, 9 4, 8 3, 7 2, 3 2, 6 1, 2 1, 5 0, 5 0, 
		0.166667 9 7, 9 6, 8 6, 7 5, 9 4, 8 3, 4 3, 7 2, 7 2, 6 1, 6 1, 5 0, 4 0, 
		0.166667 9 7, 9 6, 8 6, 8 5, 7 5, 9 4, 4 3, 7 2, 3 2, 6 1, 2 1, 5 0, 4 0, 1 0, 
	4 9 6
		0.166667 9 6, 8 6, 8 5, 9 4, 8 3, 7 2, 7 2, 3 2, 6 1, 2 1, 5 0, 4 0, 1 0, 
		0.166667 9 6, 8 6, 8 5, 7 5, 9 4, 8 3, 7 2, 3 2, 6 1, 2 1, 5 0, 4 0, 1 0, 
		0.166667 9 7, 7 5, 9 4, 8 3, 8 3, 4 3, 7 2, 3 2, 6 1, 6 1, 2 1, 5 0, 1 0, 
		0.166667 9 7, 8 6, 8 5, 7 5, 9 4, 8 3, 4 3, 7 2, 6 1, 2 1, 5 0, 5 0, 
		0.166667 9 7, 9 6, 8 3, 8 3, 4 3, 7 2, 3 2, 6 1, 5 0, 5 0, 4 0, 1 0, 
		0.166667 9 7, 9 6, 8 6, 8 5, 7 5, 8 3, 4 3, 7 2, 7 2, 6 1, 6 1, 5 0, 4 0, 
	4 9 6
		0.166667 9 6, 8 6, 8 5, 9 4, 8 3, 7 2, 7 2, 3 2, 6 1, 2 1, 5 0, 4 0, 1 0, 
		0.166667 9 6, 8 6, 8 5, 7 5, 9 4, 8 3, 7 2, 3 2, 6 1, 2 1, 5 0, 4 0, 1 0, 
		0.166667 9 7, 7 5, 9 4, 8 3, 8 3, 4 3, 7 2, 3 2, 6 1, 6 1, 2 1, 5 0, 1 0, 
		0.166667 9 7, 8 6, 8 5, 7 5, 9 4, 8 3, 4 3, 7 2, 6 1, 2 1, 5 0, 5 0, 
		0.166667 9 7, 9 6, 8 3, 8 3, 4 3, 7 2, 3 2, 6 1, 5 0, 5 0, 4 0, 1 0, 
		0.166667 9 7, 9 6, 8 6, 8 5, 7 5, 8 3, 4 3, 7 2, 7 2, 6 1, 6 1, 5 0, 4 0, 
	5 7 3
		0.333333 9 4, 9 4, 8 3, 8 3, 4 3, 7 2, 7 2, 3 2, 6 1, 6 1, 2 1, 5 0, 5 0, 4 0, 1 0, 
		0.333333 9 7, 9 6, 8 6, 8 5, 9 4, 8 3, 4 3, 7 2, 2 1, 5 0, 1 0, 
		0.333333 9 7, 9 6, 8 6, 8 5, 9 4, 8 3, 7 2, 3 2, 6 1, 6 1, 5 0, 4 0, 
	5 8 3
		0.333333 9 4, 9 4, 8 3, 8 3, 4 3, 7 2, 7 2, 3 2, 6 1, 6 1, 2 1, 5 0, 5 0, 4 0, 1 0, 
		0.333333 9 7, 9 6, 8 6, 7 5, 8 3, 4 3, 7 2, 6 1, 2 1, 5 0, 4 0, 
		0.333333 9 7, 9 6, 8 6, 7 5, 9 4, 9 4, 8 3, 7 2, 3 2, 6 1, 5 0, 1 0, 
	6 8 3
		0.333333 9 4, 9 4, 8 3, 8 3, 4 3, 7 2, 7 2, 3 2, 6 1, 6 1, 2 1, 5 0, 5 0, 4 0, 1 0, 
		0.333333 9 7, 9 6, 8 5, 7 5, 8 3, 4 3, 7 2, 7 2, 6 1, 4 0, 1 0, 
		0.333333 9 7, 9 6, 8 5, 7 5, 9 4, 9 4, 8 3, 3 2, 6 1, 2 1, 5 0, 5 0, 
	6 9 3
		0.333333 9 4, 9 4, 8 3, 8 3, 4 3, 7 2, 7 2, 3 2, 6 1, 6 1, 2 1, 5 0, 5 0, 4 0, 1 0, 
		0.333333 9 7, 8 6, 8 5, 7 5, 9 4, 8 3, 4 3, 7 2, 6 1, 2 1, 5 0, 5 0, 
		0.333333 9 7, 8 6, 8 5, 7 5, 9 4, 8 3, 7 2, 3 2, 6 1, 4 0, 1 0, 
	7 9 3
		0.333333 9 4, 9 4, 8 3, 8 3, 4 3, 7 2, 7 2, 3 2, 6 1, 6 1, 2 1, 5 0, 5 0, 4 0, 1 0, 
		0.333333 9 6, 8 6, 8 5, 7 5, 9 4, 8 3, 8 3, 7 2, 6 1, 2 1, 5 0, 4 0, 
		0.333333 9 6, 8 6, 8 5, 7 5, 9 4, 4 3, 7 2, 3 2, 6 1, 5 0, 1 0, 
