30
14 9, 14 9, 13 8, 13 8, 12 7, 12 7, 9 7, 11 6, 11 6, 9 6, 8 6, 10 5, 10 5, 8 5, 7 5, 14 4, 14 4, 13 3, 13 3, 4 3, 12 2, 12 2, 3 2, 11 1, 11 1, 2 1, 10 0, 10 0, 4 0, 1 0, 
0.55
	0 1 0.666667
		0.030303 13 8, 12 7, 9 7, 11 6, 11 6, 9 6, 8 6, 10 5, 7 5, 14 4, 14 4, 13 3, 4 3, 12 2, 3 2, 11 1, 11 1, 10 0, 4 0, 
		0.0606061 14 9, 13 8, 12 7, 11 6, 9 6, 10 5, 10 5, 8 5, 7 5, 14 4, 13 3, 4 3, 12 2, 11 1, 2 1, 10 0, 10 0, 
		0.030303 14 9, 13 8, 12 7, 9 7, 11 6, 8 6, 10 5, 8 5, 14 4, 13 3, 4 3, 12 2, 11 1, 2 1, 10 0, 4 0, 
		0.0606061 14 9, 13 8, 12 7, 9 7, 11 6, 8 6, 10 5, 8 5, 14 4, 13 3, 12 2, 3 2, 11 1, 2 1, 10 0, 4 0, 
		0.151515 14 9, 13 8, 12 7, 12 7, 11 6, 9 6, 10 5, 8 5, 14 4, 13 3, 4 3, 12 2, 12 2, 3 2, 11 1, 2 1, 10 0, 4 0, 
		0.0909091 14 9, 13 8, 12 7, 9 7, 11 6, 11 6, 9 6, 8 6, 10 5, 7 5, 14 4, 13 3, 4 3, 12 2, 3 2, 11 1, 11 1, 10 0, 4 0, 
		0.0606061 14 9, 13 8, 12 7, 9 7, 11 6, 8 6, 10 5, 10 5, 8 5, 7 5, 14 4, 13 3, 4 3, 12 2, 3 2, 11 1, 2 1, 10 0, 10 0, 
		0.0606061 14 9, 13 8, 13 8, 12 7, 9 7, 11 6, 8 6, 10 5, 8 5, 14 4, 13 3, 13 3, 12 2, 11 1, 2 1, 10 0, 4 0, 
		0.0909091 14 9, 13 8, 13 8, 12 7, 9 7, 11 6, 9 6, 10 5, 7 5, 14 4, 13 3, 13 3, 4 3, 12 2, 3 2, 11 1, 2 1, 10 0, 4 0, 
		0.121212 14 9, 14 9, 13 8, 12 7, 11 6, 8 6, 10 5, 7 5, 14 4, 14 4, 13 3, 4 3, 12 2, 3 2, 11 1, 2 1, 10 0, 4 0, 
		0.030303 14 9, 14 9, 13 8, 12 7, 9 7, 11 6, 9 6, 10 5, 10 5, 8 5, 7 5, 14 4, 14 4, 13 3, 12 2, 3 2, 11 1, 2 1, 10 0, 10 0, 
		0.030303 14 9, 14 9, 13 8, 12 7, 9 7, 11 6, 11 6, 9 6, 8 6, 10 5, 8 5, 13 3, 4 3, 12 2, 3 2, 11 1, 11 1, 10 0, 4 0, 
		0.181818 14 9, 14 9, 13 8, 13 8, 12 7, 12 7, 9 7, 11 6, 11 6, 9 6, 8 6, 10 5, 10 5, 8 5, 7 5, 14 4, 14 4, 13 3, 13 3, 12 2, 12 2, 11 1, 11 1, 10 0, 10 0, 
	0 4 0.666667
		0.0661578 14 9, 12 7, 12 7, 9 6, 8 6, 10 5, 8 5, 14 4, 13 3, 13 3, 4 3, 12 2, 12 2, 3 2, 11 1, 11 1, 2 1, 10 0, 1 0, 
		0.0534351 14 9, 13 8, 12 7, 12 7, 11 6, 9 6, 10 5, 8 5, 14 4, 13 3, 4 3, 12 2, 12 2, 3 2, 11 1, 2 1, 10 0, 1 0, 
		0.0152672 14 9, 13 8, 12 7, 12 7, 11 6, 9 6, 10 5, 8 5, 14 4, 13 3, 4 3, 12 2, 12 2, 3 2, 11 1, 2 1, 10 0, 1 0, 
		0.0101781 14 9, 13 8, 12 7, 12 7, 9 7, 11 6, 8 6, 10 5, 7 5, 14 4, 13 3, 4 3, 12 2, 12 2, 11 1, 10 0, 1 0, 
		0.0203562 14 9, 13 8, 12 7, 12 7, 11 6, 9 6, 10 5, 8 5, 14 4, 13 3, 4 3, 12 2, 12 2, 3 2, 11 1, 2 1, 10 0, 1 0, 
		0.0966921 14 9, 13 8, 12 7, 12 7, 9 7, 11 6, 8 6, 10 5, 7 5, 14 4, 13 3, 4 3, 12 2, 12 2, 11 1, 10 0, 1 0, 
		0.0687023 14 9, 13 8, 13 8, 12 7, 11 6, 11 6, 9 6, 8 6, 10 5, 10 5, 8 5, 7 5, 14 4, 4 3, 12 2, 3 2, 11 1, 11 1, 10 0, 10 0, 
		0.0381679 14 9, 13 8, 12 7, 11 6, 9 6, 8 6, 10 5, 7 5, 14 4, 13 3, 4 3, 12 2, 3 2, 11 1, 10 0, 1 0, 
		0.0381679 14 9, 13 8, 12 7, 9 7, 11 6, 8 6, 10 5, 7 5, 14 4, 13 3, 4 3, 12 2, 3 2, 11 1, 10 0, 1 0, 
		0.0381679 14 9, 13 8, 12 7, 9 7, 11 6, 11 6, 10 5, 8 5, 14 4, 13 3, 4 3, 12 2, 11 1, 11 1, 2 1, 10 0, 1 0, 
		0.0610687 14 9, 13 8, 12 7, 12 7, 11 6, 9 6, 10 5, 8 5, 14 4, 13 3, 4 3, 12 2, 12 2, 3 2, 11 1, 2 1, 10 0, 1 0, 
		0.137405 14 9, 13 8, 13 8, 12 7, 9 7, 11 6, 11 6, 10 5, 7 5, 14 4, 13 3, 13 3, 4 3, 12 2, 3 2, 11 1, 11 1, 2 1, 10 0, 1 0, 
		0.0610687 14 9, 14 9, 13 8, 12 7, 9 7, 11 6, 11 6, 9 6, 8 6, 10 5, 8 5, 14 4, 14 4, 13 3, 12 2, 3 2, 2 1, 10 0, 1 0, 
		0.0814249 14 9, 14 9, 13 8, 12 7, 9 7, 11 6, 11 6, 9 6, 8 6, 10 5, 10 5, 8 5, 7 5, 14 4, 14 4, 13 3, 12 2, 3 2, 11 1, 11 1, 10 0, 10 0, 
		0.180662 14 9, 14 9, 13 8, 13 8, 12 7, 9 7, 11 6, 9 6, 8 6, 10 5, 10 5, 8 5, 7 5, 14 4, 14 4, 13 3, 13 3, 12 2, 11 1, 2 1, 10 0, 10 0, 
	0 10 0.666667
		0.117284 13 8, 12 7, 12 7, 9 7, 11 6, 11 6, 9 6, 8 6, 10 5, 7 5, 14 4, 14 4, 13 3, 4 3, 12 2, 12 2, 11 1, 11 1, 10 0, 4 0, 
		0.0177469 14 9, 13 8, 12 7, 12 7, 11 6, 9 6, 10 5, 8 5, 14 4, 13 3, 12 2, 12 2, 3 2, 11 1, 2 1, 10 0, 4 0, 
		0.0339506 14 9, 13 8, 12 7, 12 7, 9 7, 11 6, 9 6, 8 6, 10 5, 7 5, 14 4, 13 3, 4 3, 12 2, 12 2, 11 1, 10 0, 1 0, 
		0.0509259 14 9, 13 8, 13 8, 12 7, 9 7, 11 6, 11 6, 10 5, 7 5, 14 4, 13 3, 13 3, 4 3, 12 2, 3 2, 11 1, 11 1, 2 1, 10 0, 1 0, 
		0.0794753 14 9, 13 8, 13 8, 12 7, 9 7, 11 6, 9 6, 10 5, 7 5, 14 4, 13 3, 13 3, 4 3, 12 2, 3 2, 11 1, 10 0, 1 0, 
		0.0185185 14 9, 13 8, 13 8, 12 7, 9 7, 11 6, 11 6, 10 5, 7 5, 14 4, 13 3, 13 3, 4 3, 12 2, 3 2, 11 1, 11 1, 2 1, 10 0, 1 0, 
		0.0131173 14 9, 13 8, 12 7, 11 6, 9 6, 8 6, 10 5, 10 5, 8 5, 7 5, 14 4, 13 3, 12 2, 3 2, 11 1, 2 1, 4 0, 1 0, 
		0.0648148 14 9, 13 8, 12 7, 9 7, 11 6, 11 6, 10 5, 10 5, 8 5, 7 5, 14 4, 13 3, 12 2, 3 2, 11 1, 11 1, 2 1, 4 0, 1 0, 
		0.0270062 14 9, 13 8, 12 7, 9 7, 11 6, 11 6, 9 6, 8 6, 10 5, 7 5, 14 4, 13 3, 4 3, 12 2, 3 2, 11 1, 11 1, 10 0, 4 0, 
		0.0686728 14 9, 13 8, 13 8, 12 7, 11 6, 9 6, 8 6, 10 5, 10 5, 8 5, 7 5, 14 4, 13 3, 13 3, 12 2, 11 1, 2 1, 4 0, 1 0, 
		0.0262346 14 9, 13 8, 13 8, 12 7, 11 6, 9 6, 8 6, 10 5, 10 5, 8 5, 7 5, 14 4, 13 3, 13 3, 12 2, 11 1, 2 1, 4 0, 1 0, 
		0.0902778 14 9, 14 9, 12 7, 9 7, 11 6, 9 6, 8 6, 10 5, 10 5, 8 5, 7 5, 13 3, 13 3, 4 3, 12 2, 3 2, 11 1, 2 1, 4 0, 1 0, 
		0.0162037 14 9, 14 9, 12 7, 9 7, 11 6, 9 6, 8 6, 10 5, 10 5, 8 5, 7 5, 13 3, 13 3, 4 3, 12 2, 3 2, 11 1, 2 1, 4 0, 1 0, 
		0.0555556 14 9, 14 9, 13 8, 12 7, 9 7, 11 6, 9 6, 10 5, 8 5, 14 4, 14 4, 13 3, 12 2, 3 2, 11 1, 10 0, 1 0, 
		0.0339506 14 9, 14 9, 13 8, 12 7, 11 6, 11 6, 10 5, 10 5, 8 5, 7 5, 14 4, 14 4, 13 3, 4 3, 12 2, 3 2, 11 1, 11 1, 2 1, 4 0, 1 0, 
		0.0578704 14 9, 14 9, 13 8, 12 7, 12 7, 11 6, 8 6, 10 5, 8 5, 14 4, 14 4, 13 3, 4 3, 12 2, 12 2, 3 2, 11 1, 2 1, 10 0, 4 0, 
		0.0871914 14 9, 14 9, 13 8, 13 8, 12 7, 9 7, 11 6, 9 6, 8 6, 10 5, 8 5, 14 4, 14 4, 13 3, 13 3, 12 2, 11 1, 2 1, 10 0, 1 0, 
		0.0987654 14 9, 14 9, 13 8, 13 8, 12 7, 12 7, 11 6, 8 6, 10 5, 8 5, 14 4, 14 4, 4 3, 12 2, 12 2, 3 2, 11 1, 2 1, 10 0, 4 0, 
	0 10 0.666667
		0.117284 13 8, 12 7, 12 7, 9 7, 11 6, 11 6, 9 6, 8 6, 10 5, 7 5, 14 4, 14 4, 13 3, 4 3, 12 2, 12 2, 11 1, 11 1, 10 0, 4 0, 
		0.0177469 14 9, 13 8, 12 7, 12 7, 11 6, 9 6, 10 5, 8 5, 14 4, 13 3, 12 2, 12 2, 3 2, 11 1, 2 1, 10 0, 4 0, 
		0.0339506 14 9, 13 8, 12 7, 12 7, 9 7, 11 6, 9 6, 8 6, 10 5, 7 5, 14 4, 13 3, 4 3, 12 2, 12 2, 11 1, 10 0, 1 0, 
		0.0509259 14 9, 13 8, 13 8, 12 7, 9 7, 11 6, 11 6, 10 5, 7 5, 14 4, 13 3, 13 3, 4 3, 12 2, 3 2, 11 1, 11 1, 2 1, 10 0, 1 0, 
		0.0794753 14 9, 13 8, 13 8, 12 7, 9 7, 11 6, 9 6, 10 5, 7 5, 14 4, 13 3, 13 3, 4 3, 12 2, 3 2, 11 1, 10 0, 1 0, 
		0.0185185 14 9, 13 8, 13 8, 12 7, 9 7, 11 6, 11 6, 10 5, 7 5, 14 4, 13 3, 13 3, 4 3, 12 2, 3 2, 11 1, 11 1, 2 1, 10 0, 1 0, 
		0.0131173 14 9, 13 8, 12 7, 11 6, 9 6, 8 6, 10 5, 10 5, 8 5, 7 5, 14 4, 13 3, 12 2, 3 2, 11 1, 2 1, 4 0, 1 0, 
		0.0648148 14 9, 13 8, 12 7, 9 7, 11 6, 11 6, 10 5, 10 5, 8 5, 7 5, 14 4, 13 3, 12 2, 3 2, 11 1, 11 1, 2 1, 4 0, 1 0, 
		0.0270062 14 9, 13 8, 12 7, 9 7, 11 6, 11 6, 9 6, 8 6, 10 5, 7 5, 14 4, 13 3, 4 3, 12 2, 3 2, 11 1, 11 1, 10 0, 4 0, 
		0.0686728 14 9, 13 8, 13 8, 12 7, 11 6, 9 6, 8 6, 10 5, 10 5, 8 5, 7 5, 14 4, 13 3, 13 3, 12 2, 11 1, 2 1, 4 0, 1 0, 
		0.0262346 14 9, 13 8, 13 8, 12 7, 11 6, 9 6, 8 6, 10 5, 10 5, 8 5, 7 5, 14 4, 13 3, 13 3, 12 2, 11 1, 2 1, 4 0, 1 0, 
		0.0902778 14 9, 14 9, 12 7, 9 7, 11 6, 9 6, 8 6, 10 5, 10 5, 8 5, 7 5, 13 3, 13 3, 4 3, 12 2, 3 2, 11 1, 2 1, 4 0, 1 0, 
		0.0162037 14 9, 14 9, 12 7, 9 7, 11 6, 9 6, 8 6, 10 5, 10 5, 8 5, 7 5, 13 3, 13 3, 4 3, 12 2, 3 2, 11 1, 2 1, 4 0, 1 0, 
		0.0555556 14 9, 14 9, 13 8, 12 7, 9 7, 11 6, 9 6, 10 5, 8 5, 14 4, 14 4, 13 3, 12 2, 3 2, 11 1, 10 0, 1 0, 
		0.0339506 14 9, 14 9, 13 8, 12 7, 11 6, 11 6, 10 5, 10 5, 8 5, 7 5, 14 4, 14 4, 13 3, 4 3, 12 2, 3 2, 11 1, 11 1, 2 1, 4 0, 1 0, 
		0.0578704 14 9, 14 9, 13 8, 12 7, 12 7, 11 6, 8 6, 10 5, 8 5, 14 4, 14 4, 13 3, 4 3, 12 2, 12 2, 3 2, 11 1, 2 1, 10 0, 4 0, 
		0.0871914 14 9, 14 9, 13 8, 13 8, 12 7, 9 7, 11 6, 9 6, 8 6, 10 5, 8 5, 14 4, 14 4, 13 3, 13 3, 12 2, 11 1, 2 1, 10 0, 1 0, 
		0.0987654 14 9, 14 9, 13 8, 13 8, 12 7, 12 7, 11 6, 8 6, 10 5, 8 5, 14 4, 14 4, 4 3, 12 2, 12 2, 3 2, 11 1, 2 1, 10 0, 4 0, 
	1 2 0.666667
		0.0606061 13 8, 13 8, 12 7, 9 7, 11 6, 11 6, 9 6, 8 6, 10 5, 8 5, 14 4, 14 4, 4 3, 12 2, 3 2, 11 1, 11 1, 10 0, 4 0, 
		0.0909091 14 9, 13 8, 12 7, 9 7, 11 6, 8 6, 10 5, 10 5, 14 4, 13 3, 4 3, 12 2, 3 2, 11 1, 10 0, 10 0, 4 0, 1 0, 
		0.0454545 14 9, 13 8, 12 7, 12 7, 9 7, 11 6, 8 6, 10 5, 7 5, 14 4, 13 3, 4 3, 12 2, 12 2, 11 1, 10 0, 1 0, 
		0.0757576 14 9, 13 8, 13 8, 12 7, 9 7, 11 6, 9 6, 10 5, 10 5, 14 4, 13 3, 13 3, 4 3, 12 2, 3 2, 11 1, 10 0, 10 0, 4 0, 1 0, 
		0.0606061 14 9, 13 8, 13 8, 12 7, 12 7, 9 7, 11 6, 8 6, 10 5, 8 5, 7 5, 14 4, 13 3, 13 3, 12 2, 12 2, 11 1, 10 0, 4 0, 1 0, 
		0.0454545 14 9, 13 8, 12 7, 11 6, 11 6, 9 6, 8 6, 10 5, 7 5, 14 4, 13 3, 12 2, 3 2, 11 1, 11 1, 10 0, 4 0, 
		0.0151515 14 9, 13 8, 12 7, 12 7, 9 7, 11 6, 8 6, 10 5, 7 5, 14 4, 13 3, 4 3, 12 2, 12 2, 11 1, 10 0, 1 0, 
		0.0151515 14 9, 13 8, 12 7, 11 6, 9 6, 10 5, 8 5, 7 5, 14 4, 13 3, 4 3, 12 2, 3 2, 11 1, 10 0, 4 0, 1 0, 
		0.030303 14 9, 13 8, 12 7, 11 6, 9 6, 10 5, 8 5, 7 5, 14 4, 13 3, 4 3, 12 2, 3 2, 11 1, 10 0, 4 0, 1 0, 
		0.0151515 14 9, 13 8, 12 7, 11 6, 9 6, 10 5, 8 5, 7 5, 14 4, 13 3, 4 3, 12 2, 3 2, 11 1, 10 0, 4 0, 1 0, 
		0.0151515 14 9, 13 8, 12 7, 11 6, 9 6, 10 5, 8 5, 7 5, 14 4, 13 3, 4 3, 12 2, 3 2, 11 1, 10 0, 4 0, 1 0, 
		0.0151515 14 9, 13 8, 12 7, 11 6, 9 6, 10 5, 8 5, 7 5, 14 4, 13 3, 4 3, 12 2, 3 2, 11 1, 10 0, 4 0, 1 0, 
		0.0151515 14 9, 13 8, 12 7, 11 6, 11 6, 9 6, 8 6, 10 5, 7 5, 14 4, 13 3, 12 2, 3 2, 11 1, 11 1, 10 0, 4 0, 
		0.0151515 14 9, 13 8, 13 8, 12 7, 11 6, 11 6, 9 6, 8 6, 10 5, 10 5, 8 5, 7 5, 14 4, 4 3, 12 2, 3 2, 11 1, 11 1, 10 0, 10 0, 
		0.0454545 14 9, 13 8, 13 8, 12 7, 11 6, 9 6, 10 5, 7 5, 14 4, 13 3, 13 3, 4 3, 12 2, 3 2, 11 1, 10 0, 1 0, 
		0.0454545 14 9, 13 8, 13 8, 12 7, 9 7, 11 6, 11 6, 9 6, 8 6, 10 5, 8 5, 14 4, 4 3, 12 2, 3 2, 11 1, 11 1, 10 0, 4 0, 
		0.121212 14 9, 14 9, 12 7, 11 6, 8 6, 10 5, 8 5, 7 5, 14 4, 14 4, 13 3, 13 3, 4 3, 12 2, 3 2, 11 1, 10 0, 4 0, 1 0, 
		0.0151515 14 9, 14 9, 13 8, 12 7, 9 7, 11 6, 9 6, 10 5, 8 5, 14 4, 14 4, 13 3, 12 2, 3 2, 11 1, 10 0, 1 0, 
		0.0454545 14 9, 14 9, 13 8, 12 7, 9 7, 11 6, 9 6, 10 5, 8 5, 14 4, 14 4, 13 3, 12 2, 3 2, 11 1, 10 0, 1 0, 
		0.0606061 14 9, 14 9, 13 8, 12 7, 12 7, 9 7, 11 6, 9 6, 10 5, 8 5, 7 5, 13 3, 4 3, 12 2, 12 2, 11 1, 10 0, 4 0, 1 0, 
		0.151515 14 9, 14 9, 13 8, 13 8, 12 7, 12 7, 9 7, 11 6, 11 6, 9 6, 8 6, 10 5, 10 5, 8 5, 7 5, 14 4, 14 4, 13 3, 13 3, 12 2, 12 2, 11 1, 11 1, 10 0, 10 0, 
	1 11 0.666667
		0.0212766 14 9, 13 8, 12 7, 12 7, 9 7, 11 6, 8 6, 10 5, 8 5, 7 5, 14 4, 13 3, 4 3, 12 2, 12 2, 11 1, 10 0, 1 0, 
		0.0248227 14 9, 13 8, 13 8, 12 7, 9 7, 11 6, 9 6, 10 5, 7 5, 14 4, 13 3, 13 3, 4 3, 12 2, 3 2, 11 1, 10 0, 4 0, 1 0, 
		0.0460993 14 9, 13 8, 13 8, 12 7, 11 6, 9 6, 10 5, 7 5, 14 4, 13 3, 13 3, 4 3, 12 2, 3 2, 11 1, 10 0, 4 0, 1 0, 
		0.035461 14 9, 13 8, 13 8, 12 7, 9 7, 11 6, 9 6, 10 5, 7 5, 14 4, 13 3, 13 3, 4 3, 12 2, 3 2, 11 1, 10 0, 1 0, 
		0.0212766 14 9, 13 8, 13 8, 12 7, 9 7, 11 6, 9 6, 10 5, 10 5, 14 4, 13 3, 13 3, 4 3, 12 2, 3 2, 11 1, 10 0, 10 0, 4 0, 1 0, 
		0.14539 14 9, 13 8, 13 8, 12 7, 12 7, 9 7, 11 6, 8 6, 10 5, 8 5, 7 5, 14 4, 13 3, 13 3, 12 2, 12 2, 11 1, 10 0, 4 0, 1 0, 
		0.0390071 14 9, 13 8, 13 8, 12 7, 12 7, 9 7, 11 6, 9 6, 10 5, 7 5, 14 4, 13 3, 13 3, 4 3, 3 2, 11 1, 2 1, 10 0, 4 0, 
		0.0212766 14 9, 12 7, 12 7, 11 6, 11 6, 9 6, 8 6, 10 5, 8 5, 14 4, 13 3, 13 3, 4 3, 12 2, 12 2, 3 2, 2 1, 10 0, 4 0, 1 0, 
		0.0390071 14 9, 13 8, 9 7, 11 6, 11 6, 9 6, 8 6, 10 5, 8 5, 7 5, 14 4, 13 3, 4 3, 12 2, 12 2, 3 2, 2 1, 10 0, 1 0, 
		0.0177305 14 9, 13 8, 12 7, 11 6, 11 6, 9 6, 8 6, 10 5, 8 5, 7 5, 14 4, 13 3, 4 3, 12 2, 3 2, 2 1, 10 0, 1 0, 
		0.0248227 14 9, 13 8, 12 7, 11 6, 11 6, 9 6, 8 6, 10 5, 8 5, 7 5, 14 4, 13 3, 4 3, 12 2, 3 2, 2 1, 10 0, 1 0, 
		0.0212766 14 9, 13 8, 12 7, 9 7, 11 6, 11 6, 9 6, 8 6, 10 5, 8 5, 7 5, 14 4, 13 3, 4 3, 12 2, 3 2, 2 1, 10 0, 4 0, 1 0, 
		0.0141844 14 9, 13 8, 12 7, 11 6, 11 6, 9 6, 8 6, 10 5, 7 5, 14 4, 13 3, 4 3, 12 2, 3 2, 2 1, 10 0, 4 0, 1 0, 
		0.14539 14 9, 13 8, 12 7, 9 7, 11 6, 11 6, 9 6, 8 6, 10 5, 10 5, 14 4, 13 3, 4 3, 12 2, 2 1, 10 0, 10 0, 4 0, 1 0, 
		0.0212766 14 9, 13 8, 13 8, 12 7, 11 6, 11 6, 9 6, 8 6, 10 5, 8 5, 7 5, 14 4, 13 3, 13 3, 12 2, 2 1, 10 0, 4 0, 1 0, 
		0.0177305 14 9, 13 8, 13 8, 12 7, 12 7, 11 6, 11 6, 9 6, 8 6, 10 5, 8 5, 14 4, 4 3, 12 2, 12 2, 3 2, 2 1, 10 0, 1 0, 
		0.0390071 14 9, 14 9, 12 7, 11 6, 8 6, 10 5, 8 5, 7 5, 14 4, 14 4, 13 3, 13 3, 4 3, 12 2, 3 2, 11 1, 10 0, 4 0, 1 0, 
		0.166667 14 9, 14 9, 13 8, 12 7, 9 7, 11 6, 9 6, 10 5, 10 5, 8 5, 7 5, 14 4, 14 4, 13 3, 12 2, 3 2, 11 1, 2 1, 10 0, 10 0, 
		0.0744681 14 9, 14 9, 13 8, 12 7, 12 7, 11 6, 8 6, 10 5, 8 5, 14 4, 14 4, 13 3, 4 3, 12 2, 12 2, 3 2, 11 1, 2 1, 10 0, 4 0, 
		0.0106383 14 9, 14 9, 13 8, 12 7, 12 7, 11 6, 8 6, 10 5, 8 5, 14 4, 14 4, 13 3, 4 3, 12 2, 12 2, 3 2, 11 1, 2 1, 10 0, 4 0, 
		0.0425532 14 9, 14 9, 13 8, 13 8, 12 7, 12 7, 11 6, 8 6, 10 5, 8 5, 14 4, 14 4, 4 3, 12 2, 12 2, 3 2, 11 1, 2 1, 10 0, 4 0, 
	1 11 0.666667
		0.0212766 14 9, 13 8, 12 7, 12 7, 9 7, 11 6, 8 6, 10 5, 8 5, 7 5, 14 4, 13 3, 4 3, 12 2, 12 2, 11 1, 10 0, 1 0, 
		0.0248227 14 9, 13 8, 13 8, 12 7, 9 7, 11 6, 9 6, 10 5, 7 5, 14 4, 13 3, 13 3, 4 3, 12 2, 3 2, 11 1, 10 0, 4 0, 1 0, 
		0.0460993 14 9, 13 8, 13 8, 12 7, 11 6, 9 6, 10 5, 7 5, 14 4, 13 3, 13 3, 4 3, 12 2, 3 2, 11 1, 10 0, 4 0, 1 0, 
		0.035461 14 9, 13 8, 13 8, 12 7, 9 7, 11 6, 9 6, 10 5, 7 5, 14 4, 13 3, 13 3, 4 3, 12 2, 3 2, 11 1, 10 0, 1 0, 
		0.0212766 14 9, 13 8, 13 8, 12 7, 9 7, 11 6, 9 6, 10 5, 10 5, 14 4, 13 3, 13 3, 4 3, 12 2, 3 2, 11 1, 10 0, 10 0, 4 0, 1 0, 
		0.14539 14 9, 13 8, 13 8, 12 7, 12 7, 9 7, 11 6, 8 6, 10 5, 8 5, 7 5, 14 4, 13 3, 13 3, 12 2, 12 2, 11 1, 10 0, 4 0, 1 0, 
		0.0390071 14 9, 13 8, 13 8, 12 7, 12 7, 9 7, 11 6, 9 6, 10 5, 7 5, 14 4, 13 3, 13 3, 4 3, 3 2, 11 1, 2 1, 10 0, 4 0, 
		0.0212766 14 9, 12 7, 12 7, 11 6, 11 6, 9 6, 8 6, 10 5, 8 5, 14 4, 13 3, 13 3, 4 3, 12 2, 12 2, 3 2, 2 1, 10 0, 4 0, 1 0, 
		0.0390071 14 9, 13 8, 9 7, 11 6, 11 6, 9 6, 8 6, 10 5, 8 5, 7 5, 14 4, 13 3, 4 3, 12 2, 12 2, 3 2, 2 1, 10 0, 1 0, 
		0.0177305 14 9, 13 8, 12 7, 11 6, 11 6, 9 6, 8 6, 10 5, 8 5, 7 5, 14 4, 13 3, 4 3, 12 2, 3 2, 2 1, 10 0, 1 0, 
		0.0248227 14 9, 13 8, 12 7, 11 6, 11 6, 9 6, 8 6, 10 5, 8 5, 7 5, 14 4, 13 3, 4 3, 12 2, 3 2, 2 1, 10 0, 1 0, 
		0.0212766 14 9, 13 8, 12 7, 9 7, 11 6, 11 6, 9 6, 8 6, 10 5, 8 5, 7 5, 14 4, 13 3, 4 3, 12 2, 3 2, 2 1, 10 0, 4 0, 1 0, 
		0.0141844 14 9, 13 8, 12 7, 11 6, 11 6, 9 6, 8 6, 10 5, 7 5, 14 4, 13 3, 4 3, 12 2, 3 2, 2 1, 10 0, 4 0, 1 0, 
		0.14539 14 9, 13 8, 12 7, 9 7, 11 6, 11 6, 9 6, 8 6, 10 5, 10 5, 14 4, 13 3, 4 3, 12 2, 2 1, 10 0, 10 0, 4 0, 1 0, 
		0.0212766 14 9, 13 8, 13 8, 12 7, 11 6, 11 6, 9 6, 8 6, 10 5, 8 5, 7 5, 14 4, 13 3, 13 3, 12 2, 2 1, 10 0, 4 0, 1 0, 
		0.0177305 14 9, 13 8, 13 8, 12 7, 12 7, 11 6, 11 6, 9 6, 8 6, 10 5, 8 5, 14 4, 4 3, 12 2, 12 2, 3 2, 2 1, 10 0, 1 0, 
		0.0390071 14 9, 14 9, 12 7, 11 6, 8 6, 10 5, 8 5, 7 5, 14 4, 14 4, 13 3, 13 3, 4 3, 12 2, 3 2, 11 1, 10 0, 4 0, 1 0, 
		0.166667 14 9, 14 9, 13 8, 12 7, 9 7, 11 6, 9 6, 10 5, 10 5, 8 5, 7 5, 14 4, 14 4, 13 3, 12 2, 3 2, 11 1, 2 1, 10 0, 10 0, 
		0.0744681 14 9, 14 9, 13 8, 12 7, 12 7, 11 6, 8 6, 10 5, 8 5, 14 4, 14 4, 13 3, 4 3, 12 2, 12 2, 3 2, 11 1, 2 1, 10 0, 4 0, 
		0.0106383 14 9, 14 9, 13 8, 12 7, 12 7, 11 6, 8 6, 10 5, 8 5, 14 4, 14 4, 13 3, 4 3, 12 2, 12 2, 3 2, 11 1, 2 1, 10 0, 4 0, 
		0.0425532 14 9, 14 9, 13 8, 13 8, 12 7, 12 7, 11 6, 8 6, 10 5, 8 5, 14 4, 14 4, 4 3, 12 2, 12 2, 3 2, 11 1, 2 1, 10 0, 4 0, 
	2 3 0.666667
		0.111111 13 8, 12 7, 12 7, 9 7, 11 6, 9 6, 8 6, 10 5, 7 5, 14 4, 14 4, 13 3, 4 3, 12 2, 12 2, 11 1, 10 0, 4 0, 1 0, 
		0.111111 14 9, 13 8, 12 7, 11 6, 9 6, 10 5, 8 5, 7 5, 14 4, 13 3, 4 3, 12 2, 11 1, 2 1, 10 0, 4 0, 1 0, 
		0.111111 14 9, 13 8, 12 7, 9 7, 11 6, 11 6, 10 5, 8 5, 14 4, 13 3, 4 3, 12 2, 11 1, 11 1, 2 1, 10 0, 1 0, 
		0.111111 14 9, 13 8, 12 7, 11 6, 9 6, 10 5, 8 5, 7 5, 14 4, 13 3, 4 3, 12 2, 11 1, 2 1, 10 0, 4 0, 1 0, 
		0.111111 14 9, 13 8, 13 8, 12 7, 9 7, 11 6, 8 6, 10 5, 8 5, 14 4, 13 3, 13 3, 12 2, 11 1, 2 1, 10 0, 4 0, 
		0.111111 14 9, 14 9, 13 8, 12 7, 11 6, 8 6, 10 5, 7 5, 14 4, 14 4, 13 3, 4 3, 12 2, 11 1, 2 1, 10 0, 4 0, 1 0, 
		0.111111 14 9, 14 9, 13 8, 12 7, 9 7, 11 6, 9 6, 8 6, 10 5, 10 5, 13 3, 4 3, 12 2, 11 1, 2 1, 10 0, 10 0, 4 0, 1 0, 
		0.222222 14 9, 14 9, 13 8, 13 8, 12 7, 12 7, 9 7, 11 6, 11 6, 9 6, 8 6, 10 5, 10 5, 8 5, 7 5, 14 4, 14 4, 13 3, 13 3, 12 2, 12 2, 11 1, 11 1, 10 0, 10 0, 
	2 12 0.666667
		0.166667 13 8, 12 7, 12 7, 9 7, 11 6, 9 6, 8 6, 10 5, 8 5, 7 5, 14 4, 14 4, 13 3, 4 3, 3 2, 11 1, 2 1, 10 0, 4 0, 
		0.166667 14 9, 13 8, 12 7, 12 7, 9 7, 11 6, 11 6, 10 5, 8 5, 7 5, 14 4, 13 3, 3 2, 11 1, 11 1, 2 1, 10 0, 4 0, 1 0, 
		0.166667 14 9, 13 8, 12 7, 11 6, 11 6, 9 6, 8 6, 10 5, 10 5, 8 5, 7 5, 14 4, 13 3, 4 3, 12 2, 3 2, 11 1, 11 1, 10 0, 10 0, 
		0.166667 14 9, 14 9, 13 8, 12 7, 11 6, 8 6, 10 5, 7 5, 14 4, 14 4, 13 3, 4 3, 12 2, 11 1, 2 1, 10 0, 4 0, 1 0, 
		0.166667 14 9, 14 9, 13 8, 13 8, 12 7, 9 7, 11 6, 9 6, 10 5, 10 5, 13 3, 13 3, 4 3, 12 2, 3 2, 11 1, 10 0, 10 0, 4 0, 1 0, 
		0.166667 14 9, 14 9, 13 8, 13 8, 12 7, 9 7, 11 6, 9 6, 8 6, 10 5, 8 5, 14 4, 14 4, 13 3, 13 3, 12 2, 11 1, 2 1, 10 0, 1 0, 
	2 12 0.666667
		0.166667 13 8, 12 7, 12 7, 9 7, 11 6, 9 6, 8 6, 10 5, 8 5, 7 5, 14 4, 14 4, 13 3, 4 3, 3 2, 11 1, 2 1, 10 0, 4 0, 
		0.166667 14 9, 13 8, 12 7, 12 7, 9 7, 11 6, 11 6, 10 5, 8 5, 7 5, 14 4, 13 3, 3 2, 11 1, 11 1, 2 1, 10 0, 4 0, 1 0, 
		0.166667 14 9, 13 8, 12 7, 11 6, 11 6, 9 6, 8 6, 10 5, 10 5, 8 5, 7 5, 14 4, 13 3, 4 3, 12 2, 3 2, 11 1, 11 1, 10 0, 10 0, 
		0.166667 14 9, 14 9, 13 8, 12 7, 11 6, 8 6, 10 5, 7 5, 14 4, 14 4, 13 3, 4 3, 12 2, 11 1, 2 1, 10 0, 4 0, 1 0, 
		0.166667 14 9, 14 9, 13 8, 13 8, 12 7, 9 7, 11 6, 9 6, 10 5, 10 5, 13 3, 13 3, 4 3, 12 2, 3 2, 11 1, 10 0, 10 0, 4 0, 1 0, 
		0.166667 14 9, 14 9, 13 8, 13 8, 12 7, 9 7, 11 6, 9 6, 8 6, 10 5, 8 5, 14 4, 14 4, 13 3, 13 3, 12 2, 11 1, 2 1, 10 0, 1 0, 
	3 4 0.666667
		0.133333 14 9, 13 8, 12 7, 11 6, 9 6, 10 5, 8 5, 7 5, 14 4, 13 3, 12 2, 3 2, 11 1, 2 1, 10 0, 4 0, 1 0, 
		0.0666667 14 9, 13 8, 12 7, 9 7, 11 6, 8 6, 10 5, 7 5, 14 4, 13 3, 12 2, 3 2, 11 1, 10 0, 4 0, 1 0, 
		0.0666667 14 9, 13 8, 12 7, 9 7, 11 6, 8 6, 10 5, 7 5, 14 4, 13 3, 12 2, 3 2, 11 1, 2 1, 10 0, 4 0, 1 0, 
		0.0666667 14 9, 13 8, 12 7, 12 7, 11 6, 9 6, 10 5, 8 5, 14 4, 13 3, 12 2, 12 2, 3 2, 11 1, 2 1, 10 0, 4 0, 1 0, 
		0.0666667 14 9, 13 8, 12 7, 9 7, 11 6, 11 6, 10 5, 8 5, 14 4, 13 3, 12 2, 3 2, 11 1, 11 1, 2 1, 10 0, 4 0, 1 0, 
		0.0666667 14 9, 13 8, 12 7, 12 7, 11 6, 9 6, 8 6, 10 5, 10 5, 14 4, 13 3, 12 2, 12 2, 3 2, 11 1, 2 1, 10 0, 10 0, 4 0, 1 0, 
		0.0666667 14 9, 13 8, 12 7, 11 6, 11 6, 9 6, 8 6, 10 5, 7 5, 14 4, 13 3, 12 2, 3 2, 11 1, 11 1, 10 0, 4 0, 
		0.133333 14 9, 13 8, 13 8, 12 7, 9 7, 11 6, 8 6, 10 5, 8 5, 14 4, 13 3, 13 3, 12 2, 11 1, 2 1, 10 0, 4 0, 1 0, 
		0.0666667 14 9, 14 9, 13 8, 9 7, 11 6, 9 6, 8 6, 10 5, 7 5, 14 4, 14 4, 13 3, 12 2, 12 2, 3 2, 11 1, 2 1, 10 0, 1 0, 
		0.0666667 14 9, 14 9, 13 8, 12 7, 12 7, 9 7, 11 6, 9 6, 10 5, 10 5, 8 5, 7 5, 14 4, 14 4, 13 3, 3 2, 11 1, 2 1, 10 0, 10 0, 
		0.2 14 9, 14 9, 13 8, 13 8, 12 7, 12 7, 9 7, 11 6, 11 6, 9 6, 8 6, 10 5, 10 5, 8 5, 7 5, 14 4, 14 4, 13 3, 13 3, 12 2, 12 2, 11 1, 11 1, 10 0, 10 0, 
	3 13 0.666667
		0.070303 14 9, 13 8, 12 7, 9 7, 11 6, 9 6, 8 6, 10 5, 10 5, 14 4, 13 3, 4 3, 12 2, 11 1, 2 1, 10 0, 10 0, 4 0, 1 0, 
		0.0763636 14 9, 13 8, 12 7, 12 7, 9 7, 11 6, 9 6, 10 5, 8 5, 7 5, 14 4, 13 3, 4 3, 12 2, 12 2, 11 1, 10 0, 4 0, 1 0, 
		0.0751515 14 9, 13 8, 12 7, 9 7, 11 6, 11 6, 10 5, 8 5, 7 5, 14 4, 13 3, 4 3, 12 2, 11 1, 11 1, 2 1, 10 0, 4 0, 1 0, 
		0.101818 14 9, 13 8, 12 7, 9 7, 9 6, 8 6, 10 5, 10 5, 14 4, 13 3, 12 2, 3 2, 11 1, 11 1, 2 1, 10 0, 10 0, 4 0, 1 0, 
		0.049697 14 9, 13 8, 12 7, 9 7, 11 6, 11 6, 10 5, 8 5, 7 5, 14 4, 13 3, 12 2, 3 2, 11 1, 11 1, 2 1, 10 0, 4 0, 1 0, 
		0.0206061 14 9, 13 8, 12 7, 12 7, 11 6, 11 6, 9 6, 8 6, 10 5, 10 5, 14 4, 13 3, 12 2, 12 2, 3 2, 2 1, 10 0, 10 0, 4 0, 1 0, 
		0.0448485 14 9, 13 8, 12 7, 12 7, 9 7, 11 6, 11 6, 9 6, 8 6, 10 5, 7 5, 14 4, 13 3, 4 3, 12 2, 12 2, 11 1, 11 1, 10 0, 4 0, 
		0.0460606 14 9, 13 8, 12 7, 12 7, 9 7, 11 6, 11 6, 9 6, 8 6, 10 5, 7 5, 14 4, 13 3, 4 3, 12 2, 12 2, 11 1, 11 1, 10 0, 4 0, 
		0.10303 14 9, 13 8, 13 8, 12 7, 11 6, 11 6, 9 6, 8 6, 10 5, 10 5, 8 5, 7 5, 14 4, 4 3, 12 2, 3 2, 11 1, 11 1, 10 0, 10 0, 
		0.0181818 14 9, 13 8, 13 8, 12 7, 9 7, 11 6, 8 6, 10 5, 10 5, 8 5, 7 5, 14 4, 4 3, 12 2, 3 2, 11 1, 2 1, 10 0, 10 0, 
		0.0363636 14 9, 13 8, 13 8, 12 7, 12 7, 11 6, 11 6, 9 6, 8 6, 10 5, 8 5, 14 4, 4 3, 12 2, 12 2, 3 2, 2 1, 10 0, 1 0, 
		0.0448485 14 9, 14 9, 13 8, 12 7, 12 7, 9 7, 11 6, 11 6, 9 6, 8 6, 10 5, 7 5, 14 4, 14 4, 13 3, 3 2, 2 1, 10 0, 1 0, 
		0.0533333 14 9, 14 9, 13 8, 9 7, 11 6, 9 6, 10 5, 8 5, 7 5, 14 4, 14 4, 13 3, 12 2, 12 2, 3 2, 11 1, 2 1, 10 0, 1 0, 
		0.0533333 14 9, 14 9, 13 8, 12 7, 9 7, 11 6, 9 6, 10 5, 8 5, 7 5, 14 4, 14 4, 13 3, 12 2, 3 2, 11 1, 2 1, 10 0, 1 0, 
		0.0581818 14 9, 14 9, 13 8, 13 8, 12 7, 11 6, 8 6, 10 5, 8 5, 7 5, 14 4, 14 4, 4 3, 12 2, 3 2, 11 1, 10 0, 4 0, 1 0, 
		0.101818 14 9, 14 9, 13 8, 13 8, 12 7, 12 7, 11 6, 8 6, 10 5, 8 5, 14 4, 14 4, 4 3, 12 2, 12 2, 3 2, 11 1, 2 1, 10 0, 4 0, 
	3 13 0.666667
		0.070303 14 9, 13 8, 12 7, 9 7, 11 6, 9 6, 8 6, 10 5, 10 5, 14 4, 13 3, 4 3, 12 2, 11 1, 2 1, 10 0, 10 0, 4 0, 1 0, 
		0.0763636 14 9, 13 8, 12 7, 12 7, 9 7, 11 6, 9 6, 10 5, 8 5, 7 5, 14 4, 13 3, 4 3, 12 2, 12 2, 11 1, 10 0, 4 0, 1 0, 
		0.0751515 14 9, 13 8, 12 7, 9 7, 11 6, 11 6, 10 5, 8 5, 7 5, 14 4, 13 3, 4 3, 12 2, 11 1, 11 1, 2 1, 10 0, 4 0, 1 0, 
		0.101818 14 9, 13 8, 12 7, 9 7, 9 6, 8 6, 10 5, 10 5, 14 4, 13 3, 12 2, 3 2, 11 1, 11 1, 2 1, 10 0, 10 0, 4 0, 1 0, 
		0.049697 14 9, 13 8, 12 7, 9 7, 11 6, 11 6, 10 5, 8 5, 7 5, 14 4, 13 3, 12 2, 3 2, 11 1, 11 1, 2 1, 10 0, 4 0, 1 0, 
		0.0206061 14 9, 13 8, 12 7, 12 7, 11 6, 11 6, 9 6, 8 6, 10 5, 10 5, 14 4, 13 3, 12 2, 12 2, 3 2, 2 1, 10 0, 10 0, 4 0, 1 0, 
		0.0448485 14 9, 13 8, 12 7, 12 7, 9 7, 11 6, 11 6, 9 6, 8 6, 10 5, 7 5, 14 4, 13 3, 4 3, 12 2, 12 2, 11 1, 11 1, 10 0, 4 0, 
		0.0460606 14 9, 13 8, 12 7, 12 7, 9 7, 11 6, 11 6, 9 6, 8 6, 10 5, 7 5, 14 4, 13 3, 4 3, 12 2, 12 2, 11 1, 11 1, 10 0, 4 0, 
		0.10303 14 9, 13 8, 13 8, 12 7, 11 6, 11 6, 9 6, 8 6, 10 5, 10 5, 8 5, 7 5, 14 4, 4 3, 12 2, 3 2, 11 1, 11 1, 10 0, 10 0, 
		0.0181818 14 9, 13 8, 13 8, 12 7, 9 7, 11 6, 8 6, 10 5, 10 5, 8 5, 7 5, 14 4, 4 3, 12 2, 3 2, 11 1, 2 1, 10 0, 10 0, 
		0.0363636 14 9, 13 8, 13 8, 12 7, 12 7, 11 6, 11 6, 9 6, 8 6, 10 5, 8 5, 14 4, 4 3, 12 2, 12 2, 3 2, 2 1, 10 0, 1 0, 
		0.0448485 14 9, 14 9, 13 8, 12 7, 12 7, 9 7, 11 6, 11 6, 9 6, 8 6, 10 5, 7 5, 14 4, 14 4, 13 3, 3 2, 2 1, 10 0, 1 0, 
		0.0533333 14 9, 14 9, 13 8, 9 7, 11 6, 9 6, 10 5, 8 5, 7 5, 14 4, 14 4, 13 3, 12 2, 12 2, 3 2, 11 1, 2 1, 10 0, 1 0, 
		0.0533333 14 9, 14 9, 13 8, 12 7, 9 7, 11 6, 9 6, 10 5, 8 5, 7 5, 14 4, 14 4, 13 3, 12 2, 3 2, 11 1, 2 1, 10 0, 1 0, 
		0.0581818 14 9, 14 9, 13 8, 13 8, 12 7, 11 6, 8 6, 10 5, 8 5, 7 5, 14 4, 14 4, 4 3, 12 2, 3 2, 11 1, 10 0, 4 0, 1 0, 
		0.101818 14 9, 14 9, 13 8, 13 8, 12 7, 12 7, 11 6, 8 6, 10 5, 8 5, 14 4, 14 4, 4 3, 12 2, 12 2, 3 2, 11 1, 2 1, 10 0, 4 0, 
	4 14 0.666667
		0.047619 14 9, 13 8, 12 7, 12 7, 11 6, 9 6, 10 5, 8 5, 14 4, 13 3, 12 2, 12 2, 3 2, 11 1, 2 1, 10 0, 4 0, 1 0, 
		0.047619 14 9, 13 8, 12 7, 12 7, 11 6, 9 6, 10 5, 8 5, 14 4, 13 3, 12 2, 12 2, 3 2, 11 1, 2 1, 10 0, 4 0, 1 0, 
		0.119048 14 9, 13 8, 12 7, 12 7, 11 6, 11 6, 9 6, 8 6, 10 5, 10 5, 14 4, 13 3, 12 2, 12 2, 3 2, 2 1, 10 0, 10 0, 4 0, 1 0, 
		0.0952381 14 9, 13 8, 13 8, 9 7, 11 6, 11 6, 10 5, 7 5, 14 4, 13 3, 13 3, 4 3, 12 2, 12 2, 3 2, 11 1, 11 1, 2 1, 10 0, 1 0, 
		0.0238095 14 9, 13 8, 13 8, 12 7, 9 7, 11 6, 8 6, 10 5, 8 5, 14 4, 13 3, 13 3, 12 2, 11 1, 2 1, 10 0, 4 0, 1 0, 
		0.0238095 14 9, 13 8, 12 7, 9 7, 11 6, 8 6, 10 5, 10 5, 8 5, 7 5, 14 4, 13 3, 4 3, 12 2, 11 1, 2 1, 10 0, 10 0, 
		0.047619 14 9, 13 8, 12 7, 9 7, 11 6, 8 6, 10 5, 10 5, 8 5, 7 5, 14 4, 13 3, 4 3, 12 2, 3 2, 11 1, 2 1, 10 0, 10 0, 
		0.047619 14 9, 13 8, 12 7, 9 7, 11 6, 8 6, 10 5, 10 5, 8 5, 7 5, 14 4, 13 3, 4 3, 12 2, 11 1, 2 1, 10 0, 10 0, 
		0.0238095 14 9, 13 8, 12 7, 9 7, 11 6, 11 6, 10 5, 8 5, 14 4, 13 3, 4 3, 12 2, 11 1, 11 1, 2 1, 10 0, 1 0, 
		0.0952381 14 9, 13 8, 12 7, 11 6, 11 6, 9 6, 8 6, 10 5, 10 5, 8 5, 7 5, 14 4, 13 3, 4 3, 12 2, 3 2, 11 1, 11 1, 10 0, 10 0, 
		0.0238095 14 9, 13 8, 13 8, 12 7, 9 6, 8 6, 10 5, 8 5, 7 5, 14 4, 13 3, 13 3, 12 2, 11 1, 11 1, 2 1, 10 0, 4 0, 1 0, 
		0.047619 14 9, 13 8, 13 8, 12 7, 9 7, 11 6, 8 6, 10 5, 8 5, 14 4, 13 3, 13 3, 12 2, 11 1, 2 1, 10 0, 4 0, 1 0, 
		0.0238095 14 9, 13 8, 13 8, 12 7, 9 7, 11 6, 8 6, 10 5, 8 5, 14 4, 13 3, 13 3, 12 2, 11 1, 2 1, 10 0, 4 0, 1 0, 
		0.0952381 14 9, 14 9, 13 8, 12 7, 12 7, 9 7, 9 6, 8 6, 10 5, 8 5, 7 5, 13 3, 4 3, 3 2, 11 1, 11 1, 2 1, 10 0, 4 0, 1 0, 
		0.0238095 14 9, 14 9, 13 8, 12 7, 12 7, 9 7, 11 6, 11 6, 9 6, 8 6, 10 5, 8 5, 7 5, 13 3, 4 3, 12 2, 12 2, 11 1, 11 1, 10 0, 4 0, 
		0.0952381 14 9, 14 9, 13 8, 12 7, 12 7, 9 7, 11 6, 11 6, 9 6, 8 6, 10 5, 8 5, 7 5, 13 3, 4 3, 12 2, 12 2, 11 1, 11 1, 10 0, 4 0, 
		0.047619 14 9, 14 9, 13 8, 13 8, 12 7, 9 7, 11 6, 9 6, 10 5, 7 5, 13 3, 13 3, 4 3, 12 2, 3 2, 11 1, 10 0, 4 0, 1 0, 
		0.0714286 14 9, 14 9, 13 8, 13 8, 12 7, 9 7, 11 6, 9 6, 10 5, 7 5, 13 3, 13 3, 4 3, 12 2, 3 2, 11 1, 10 0, 4 0, 1 0, 
	4 14 0.666667
		0.047619 14 9, 13 8, 12 7, 12 7, 11 6, 9 6, 10 5, 8 5, 14 4, 13 3, 12 2, 12 2, 3 2, 11 1, 2 1, 10 0, 4 0, 1 0, 
		0.047619 14 9, 13 8, 12 7, 12 7, 11 6, 9 6, 10 5, 8 5, 14 4, 13 3, 12 2, 12 2, 3 2, 11 1, 2 1, 10 0, 4 0, 1 0, 
		0.119048 14 9, 13 8, 12 7, 12 7, 11 6, 11 6, 9 6, 8 6, 10 5, 10 5, 14 4, 13 3, 12 2, 12 2, 3 2, 2 1, 10 0, 10 0, 4 0, 1 0, 
		0.0952381 14 9, 13 8, 13 8, 9 7, 11 6, 11 6, 10 5, 7 5, 14 4, 13 3, 13 3, 4 3, 12 2, 12 2, 3 2, 11 1, 11 1, 2 1, 10 0, 1 0, 
		0.0238095 14 9, 13 8, 13 8, 12 7, 9 7, 11 6, 8 6, 10 5, 8 5, 14 4, 13 3, 13 3, 12 2, 11 1, 2 1, 10 0, 4 0, 1 0, 
		0.0238095 14 9, 13 8, 12 7, 9 7, 11 6, 8 6, 10 5, 10 5, 8 5, 7 5, 14 4, 13 3, 4 3, 12 2, 11 1, 2 1, 10 0, 10 0, 
		0.047619 14 9, 13 8, 12 7, 9 7, 11 6, 8 6, 10 5, 10 5, 8 5, 7 5, 14 4, 13 3, 4 3, 12 2, 3 2, 11 1, 2 1, 10 0, 10 0, 
		0.047619 14 9, 13 8, 12 7, 9 7, 11 6, 8 6, 10 5, 10 5, 8 5, 7 5, 14 4, 13 3, 4 3, 12 2, 11 1, 2 1, 10 0, 10 0, 
		0.0238095 14 9, 13 8, 12 7, 9 7, 11 6, 11 6, 10 5, 8 5, 14 4, 13 3, 4 3, 12 2, 11 1, 11 1, 2 1, 10 0, 1 0, 
		0.0952381 14 9, 13 8, 12 7, 11 6, 11 6, 9 6, 8 6, 10 5, 10 5, 8 5, 7 5, 14 4, 13 3, 4 3, 12 2, 3 2, 11 1, 11 1, 10 0, 10 0, 
		0.0238095 14 9, 13 8, 13 8, 12 7, 9 6, 8 6, 10 5, 8 5, 7 5, 14 4, 13 3, 13 3, 12 2, 11 1, 11 1, 2 1, 10 0, 4 0, 1 0, 
		0.047619 14 9, 13 8, 13 8, 12 7, 9 7, 11 6, 8 6, 10 5, 8 5, 14 4, 13 3, 13 3, 12 2, 11 1, 2 1, 10 0, 4 0, 1 0, 
		0.0238095 14 9, 13 8, 13 8, 12 7, 9 7, 11 6, 8 6, 10 5, 8 5, 14 4, 13 3, 13 3, 12 2, 11 1, 2 1, 10 0, 4 0, 1 0, 
		0.0952381 14 9, 14 9, 13 8, 12 7, 12 7, 9 7, 9 6, 8 6, 10 5, 8 5, 7 5, 13 3, 4 3, 3 2, 11 1, 11 1, 2 1, 10 0, 4 0, 1 0, 
		0.0238095 14 9, 14 9, 13 8, 12 7, 12 7, 9 7, 11 6, 11 6, 9 6, 8 6, 10 5, 8 5, 7 5, 13 3, 4 3, 12 2, 12 2, 11 1, 11 1, 10 0, 4 0, 
		0.0952381 14 9, 14 9, 13 8, 12 7, 12 7, 9 7, 11 6, 11 6, 9 6, 8 6, 10 5, 8 5, 7 5, 13 3, 4 3, 12 2, 12 2, 11 1, 11 1, 10 0, 4 0, 
		0.047619 14 9, 14 9, 13 8, 13 8, 12 7, 9 7, 11 6, 9 6, 10 5, 7 5, 13 3, 13 3, 4 3, 12 2, 3 2, 11 1, 10 0, 4 0, 1 0, 
		0.0714286 14 9, 14 9, 13 8, 13 8, 12 7, 9 7, 11 6, 9 6, 10 5, 7 5, 13 3, 13 3, 4 3, 12 2, 3 2, 11 1, 10 0, 4 0, 1 0, 
	5 7 0.666667
		0.166667 14 9, 13 8, 12 7, 12 7, 11 6, 9 6, 8 6, 10 5, 10 5, 14 4, 13 3, 4 3, 12 2, 12 2, 3 2, 11 1, 2 1, 10 0, 10 0, 4 0, 1 0, 
		0.0833333 14 9, 13 8, 12 7, 9 7, 11 6, 9 6, 10 5, 8 5, 14 4, 13 3, 4 3, 12 2, 11 1, 2 1, 10 0, 1 0, 
		0.0833333 14 9, 13 8, 12 7, 9 7, 11 6, 9 6, 10 5, 8 5, 14 4, 13 3, 4 3, 12 2, 11 1, 2 1, 10 0, 1 0, 
		0.166667 14 9, 13 8, 12 7, 9 7, 11 6, 11 6, 9 6, 8 6, 10 5, 8 5, 14 4, 13 3, 4 3, 12 2, 3 2, 11 1, 11 1, 10 0, 4 0, 
		0.0833333 14 9, 13 8, 13 8, 12 7, 9 7, 11 6, 8 6, 10 5, 8 5, 14 4, 13 3, 13 3, 12 2, 11 1, 2 1, 10 0, 4 0, 
		0.0833333 14 9, 13 8, 13 8, 12 7, 9 7, 11 6, 8 6, 10 5, 8 5, 14 4, 13 3, 13 3, 12 2, 11 1, 2 1, 10 0, 4 0, 
		0.166667 14 9, 14 9, 13 8, 12 7, 9 7, 11 6, 9 6, 8 6, 10 5, 8 5, 14 4, 14 4, 13 3, 12 2, 3 2, 11 1, 10 0, 1 0, 
		0.166667 14 9, 14 9, 13 8, 13 8, 12 7, 12 7, 11 6, 11 6, 10 5, 10 5, 14 4, 14 4, 13 3, 13 3, 4 3, 12 2, 12 2, 3 2, 11 1, 11 1, 2 1, 10 0, 10 0, 4 0, 1 0, 
	5 8 0.666667
		0.0238095 14 9, 13 8, 12 7, 9 7, 9 6, 8 6, 10 5, 10 5, 14 4, 13 3, 12 2, 3 2, 11 1, 11 1, 2 1, 10 0, 10 0, 4 0, 1 0, 
		0.0238095 14 9, 13 8, 12 7, 9 7, 11 6, 9 6, 8 6, 10 5, 7 5, 14 4, 13 3, 12 2, 3 2, 11 1, 2 1, 10 0, 4 0, 
		0.0238095 14 9, 13 8, 12 7, 9 7, 11 6, 8 6, 10 5, 10 5, 14 4, 13 3, 12 2, 3 2, 11 1, 2 1, 10 0, 10 0, 4 0, 1 0, 
		0.0238095 14 9, 13 8, 12 7, 9 7, 11 6, 8 6, 10 5, 7 5, 14 4, 13 3, 4 3, 12 2, 11 1, 2 1, 10 0, 1 0, 
		0.0357143 14 9, 13 8, 12 7, 9 7, 11 6, 9 6, 8 6, 10 5, 7 5, 14 4, 13 3, 4 3, 12 2, 11 1, 2 1, 10 0, 1 0, 
		0.0714286 14 9, 13 8, 12 7, 9 7, 11 6, 9 6, 8 6, 10 5, 7 5, 14 4, 13 3, 4 3, 12 2, 11 1, 2 1, 10 0, 4 0, 
		0.0238095 14 9, 13 8, 12 7, 11 6, 9 6, 8 6, 10 5, 7 5, 14 4, 13 3, 12 2, 3 2, 11 1, 2 1, 10 0, 4 0, 
		0.047619 14 9, 13 8, 12 7, 9 7, 11 6, 8 6, 10 5, 10 5, 14 4, 13 3, 12 2, 3 2, 11 1, 10 0, 10 0, 4 0, 1 0, 
		0.0119048 14 9, 13 8, 12 7, 12 7, 9 7, 11 6, 9 6, 8 6, 10 5, 7 5, 14 4, 13 3, 4 3, 12 2, 12 2, 11 1, 10 0, 1 0, 
		0.0119048 14 9, 13 8, 13 8, 12 7, 11 6, 9 6, 10 5, 7 5, 14 4, 13 3, 13 3, 4 3, 12 2, 3 2, 11 1, 2 1, 10 0, 4 0, 
		0.0238095 14 9, 13 8, 13 8, 12 7, 9 7, 11 6, 9 6, 10 5, 7 5, 14 4, 13 3, 13 3, 4 3, 12 2, 3 2, 11 1, 10 0, 1 0, 
		0.0119048 14 9, 13 8, 13 8, 12 7, 11 6, 9 6, 10 5, 7 5, 14 4, 13 3, 13 3, 4 3, 12 2, 3 2, 11 1, 2 1, 10 0, 1 0, 
		0.107143 14 9, 13 8, 12 7, 9 7, 11 6, 9 6, 8 6, 10 5, 7 5, 14 4, 13 3, 4 3, 12 2, 11 1, 2 1, 10 0, 4 0, 
		0.0833333 14 9, 13 8, 12 7, 12 7, 9 7, 11 6, 9 6, 8 6, 10 5, 7 5, 14 4, 13 3, 4 3, 12 2, 12 2, 11 1, 10 0, 1 0, 
		0.0952381 14 9, 13 8, 12 7, 9 7, 11 6, 11 6, 9 6, 8 6, 10 5, 7 5, 14 4, 13 3, 12 2, 3 2, 11 1, 11 1, 10 0, 4 0, 
		0.047619 14 9, 13 8, 13 8, 12 7, 11 6, 9 6, 10 5, 7 5, 14 4, 13 3, 13 3, 4 3, 12 2, 3 2, 11 1, 2 1, 10 0, 1 0, 
		0.0714286 14 9, 14 9, 13 8, 12 7, 9 7, 11 6, 9 6, 8 6, 10 5, 7 5, 14 4, 14 4, 13 3, 12 2, 3 2, 11 1, 10 0, 1 0, 
		0.0238095 14 9, 14 9, 13 8, 12 7, 9 7, 11 6, 11 6, 9 6, 8 6, 10 5, 7 5, 14 4, 14 4, 13 3, 12 2, 3 2, 2 1, 10 0, 1 0, 
		0.238095 14 9, 14 9, 13 8, 13 8, 12 7, 12 7, 11 6, 11 6, 10 5, 10 5, 14 4, 14 4, 13 3, 13 3, 4 3, 12 2, 12 2, 3 2, 11 1, 11 1, 2 1, 10 0, 10 0, 4 0, 1 0, 
	5 10 0.666667
		0.057971 13 8, 12 7, 12 7, 9 7, 11 6, 11 6, 9 6, 8 6, 10 5, 7 5, 14 4, 14 4, 13 3, 4 3, 12 2, 12 2, 11 1, 11 1, 10 0, 4 0, 
		0.0144928 13 8, 12 7, 12 7, 9 7, 11 6, 11 6, 9 6, 8 6, 10 5, 7 5, 14 4, 14 4, 13 3, 4 3, 12 2, 12 2, 11 1, 11 1, 10 0, 4 0, 
		0.173913 14 9, 13 8, 12 7, 12 7, 11 6, 9 6, 8 6, 10 5, 8 5, 14 4, 13 3, 4 3, 12 2, 12 2, 3 2, 11 1, 2 1, 10 0, 4 0, 
		0.0144928 14 9, 13 8, 13 8, 12 7, 11 6, 11 6, 9 6, 8 6, 8 5, 7 5, 14 4, 13 3, 13 3, 12 2, 2 1, 10 0, 10 0, 4 0, 1 0, 
		0.0724638 14 9, 13 8, 13 8, 12 7, 12 7, 9 7, 11 6, 11 6, 10 5, 7 5, 14 4, 13 3, 13 3, 4 3, 3 2, 11 1, 11 1, 2 1, 10 0, 1 0, 
		0.0144928 14 9, 13 8, 12 7, 11 6, 9 6, 8 6, 8 5, 7 5, 14 4, 13 3, 4 3, 12 2, 3 2, 11 1, 10 0, 10 0, 4 0, 1 0, 
		0.0144928 14 9, 13 8, 12 7, 9 7, 11 6, 11 6, 9 6, 8 6, 10 5, 8 5, 14 4, 13 3, 4 3, 12 2, 3 2, 11 1, 11 1, 10 0, 4 0, 
		0.0434783 14 9, 13 8, 12 7, 9 7, 11 6, 11 6, 9 6, 8 6, 8 5, 7 5, 14 4, 13 3, 4 3, 12 2, 3 2, 2 1, 10 0, 10 0, 4 0, 1 0, 
		0.0144928 14 9, 13 8, 9 7, 11 6, 9 6, 8 6, 8 5, 7 5, 14 4, 13 3, 4 3, 12 2, 12 2, 3 2, 11 1, 2 1, 10 0, 10 0, 4 0, 1 0, 
		0.0144928 14 9, 13 8, 13 8, 9 7, 11 6, 9 6, 10 5, 7 5, 14 4, 13 3, 13 3, 4 3, 12 2, 12 2, 3 2, 11 1, 2 1, 10 0, 1 0, 
		0.0289855 14 9, 13 8, 13 8, 12 7, 9 7, 11 6, 9 6, 8 6, 8 5, 7 5, 14 4, 13 3, 13 3, 12 2, 11 1, 2 1, 10 0, 10 0, 4 0, 1 0, 
		0.0434783 14 9, 13 8, 13 8, 12 7, 9 7, 11 6, 11 6, 10 5, 7 5, 14 4, 13 3, 13 3, 4 3, 12 2, 3 2, 11 1, 11 1, 2 1, 10 0, 1 0, 
		0.0869565 14 9, 13 8, 13 8, 12 7, 12 7, 9 7, 11 6, 8 6, 8 5, 7 5, 14 4, 13 3, 13 3, 12 2, 12 2, 11 1, 10 0, 10 0, 4 0, 1 0, 
		0.0434783 14 9, 14 9, 13 8, 9 7, 9 6, 8 6, 10 5, 7 5, 14 4, 14 4, 13 3, 12 2, 12 2, 3 2, 11 1, 11 1, 2 1, 10 0, 1 0, 
		0.0144928 14 9, 14 9, 13 8, 12 7, 9 7, 9 6, 8 6, 10 5, 7 5, 14 4, 14 4, 13 3, 12 2, 3 2, 11 1, 11 1, 2 1, 10 0, 1 0, 
		0.0289855 14 9, 14 9, 13 8, 12 7, 9 7, 11 6, 9 6, 8 6, 10 5, 8 5, 14 4, 14 4, 13 3, 12 2, 3 2, 11 1, 10 0, 1 0, 
		0.115942 14 9, 14 9, 13 8, 12 7, 9 7, 11 6, 9 6, 8 6, 10 5, 8 5, 14 4, 14 4, 13 3, 12 2, 3 2, 11 1, 10 0, 1 0, 
		0.130435 14 9, 14 9, 13 8, 12 7, 11 6, 11 6, 8 5, 7 5, 14 4, 14 4, 13 3, 4 3, 12 2, 11 1, 11 1, 2 1, 10 0, 10 0, 4 0, 1 0, 
		0.0724638 14 9, 14 9, 13 8, 13 8, 12 7, 9 7, 11 6, 9 6, 10 5, 7 5, 13 3, 13 3, 4 3, 12 2, 3 2, 11 1, 2 1, 10 0, 4 0, 
	5 10 0.666667
		0.057971 13 8, 12 7, 12 7, 9 7, 11 6, 11 6, 9 6, 8 6, 10 5, 7 5, 14 4, 14 4, 13 3, 4 3, 12 2, 12 2, 11 1, 11 1, 10 0, 4 0, 
		0.0144928 13 8, 12 7, 12 7, 9 7, 11 6, 11 6, 9 6, 8 6, 10 5, 7 5, 14 4, 14 4, 13 3, 4 3, 12 2, 12 2, 11 1, 11 1, 10 0, 4 0, 
		0.173913 14 9, 13 8, 12 7, 12 7, 11 6, 9 6, 8 6, 10 5, 8 5, 14 4, 13 3, 4 3, 12 2, 12 2, 3 2, 11 1, 2 1, 10 0, 4 0, 
		0.0144928 14 9, 13 8, 13 8, 12 7, 11 6, 11 6, 9 6, 8 6, 8 5, 7 5, 14 4, 13 3, 13 3, 12 2, 2 1, 10 0, 10 0, 4 0, 1 0, 
		0.0724638 14 9, 13 8, 13 8, 12 7, 12 7, 9 7, 11 6, 11 6, 10 5, 7 5, 14 4, 13 3, 13 3, 4 3, 3 2, 11 1, 11 1, 2 1, 10 0, 1 0, 
		0.0144928 14 9, 13 8, 12 7, 11 6, 9 6, 8 6, 8 5, 7 5, 14 4, 13 3, 4 3, 12 2, 3 2, 11 1, 10 0, 10 0, 4 0, 1 0, 
		0.0144928 14 9, 13 8, 12 7, 9 7, 11 6, 11 6, 9 6, 8 6, 10 5, 8 5, 14 4, 13 3, 4 3, 12 2, 3 2, 11 1, 11 1, 10 0, 4 0, 
		0.0434783 14 9, 13 8, 12 7, 9 7, 11 6, 11 6, 9 6, 8 6, 8 5, 7 5, 14 4, 13 3, 4 3, 12 2, 3 2, 2 1, 10 0, 10 0, 4 0, 1 0, 
		0.0144928 14 9, 13 8, 9 7, 11 6, 9 6, 8 6, 8 5, 7 5, 14 4, 13 3, 4 3, 12 2, 12 2, 3 2, 11 1, 2 1, 10 0, 10 0, 4 0, 1 0, 
		0.0144928 14 9, 13 8, 13 8, 9 7, 11 6, 9 6, 10 5, 7 5, 14 4, 13 3, 13 3, 4 3, 12 2, 12 2, 3 2, 11 1, 2 1, 10 0, 1 0, 
		0.0289855 14 9, 13 8, 13 8, 12 7, 9 7, 11 6, 9 6, 8 6, 8 5, 7 5, 14 4, 13 3, 13 3, 12 2, 11 1, 2 1, 10 0, 10 0, 4 0, 1 0, 
		0.0434783 14 9, 13 8, 13 8, 12 7, 9 7, 11 6, 11 6, 10 5, 7 5, 14 4, 13 3, 13 3, 4 3, 12 2, 3 2, 11 1, 11 1, 2 1, 10 0, 1 0, 
		0.0869565 14 9, 13 8, 13 8, 12 7, 12 7, 9 7, 11 6, 8 6, 8 5, 7 5, 14 4, 13 3, 13 3, 12 2, 12 2, 11 1, 10 0, 10 0, 4 0, 1 0, 
		0.0434783 14 9, 14 9, 13 8, 9 7, 9 6, 8 6, 10 5, 7 5, 14 4, 14 4, 13 3, 12 2, 12 2, 3 2, 11 1, 11 1, 2 1, 10 0, 1 0, 
		0.0144928 14 9, 14 9, 13 8, 12 7, 9 7, 9 6, 8 6, 10 5, 7 5, 14 4, 14 4, 13 3, 12 2, 3 2, 11 1, 11 1, 2 1, 10 0, 1 0, 
		0.0289855 14 9, 14 9, 13 8, 12 7, 9 7, 11 6, 9 6, 8 6, 10 5, 8 5, 14 4, 14 4, 13 3, 12 2, 3 2, 11 1, 10 0, 1 0, 
		0.115942 14 9, 14 9, 13 8, 12 7, 9 7, 11 6, 9 6, 8 6, 10 5, 8 5, 14 4, 14 4, 13 3, 12 2, 3 2, 11 1, 10 0, 1 0, 
		0.130435 14 9, 14 9, 13 8, 12 7, 11 6, 11 6, 8 5, 7 5, 14 4, 14 4, 13 3, 4 3, 12 2, 11 1, 11 1, 2 1, 10 0, 10 0, 4 0, 1 0, 
		0.0724638 14 9, 14 9, 13 8, 13 8, 12 7, 9 7, 11 6, 9 6, 10 5, 7 5, 13 3, 13 3, 4 3, 12 2, 3 2, 11 1, 2 1, 10 0, 4 0, 
	6 8 0.666667
		0.0555556 13 8, 12 7, 12 7, 9 7, 11 6, 9 6, 10 5, 8 5, 7 5, 14 4, 14 4, 13 3, 4 3, 12 2, 12 2, 11 1, 10 0, 4 0, 1 0, 
		0.0555556 14 9, 13 8, 12 7, 9 7, 11 6, 9 6, 10 5, 10 5, 8 5, 7 5, 14 4, 13 3, 4 3, 12 2, 11 1, 2 1, 10 0, 10 0, 
		0.0555556 14 9, 13 8, 12 7, 12 7, 9 7, 11 6, 9 6, 10 5, 8 5, 7 5, 14 4, 13 3, 4 3, 12 2, 12 2, 11 1, 10 0, 1 0, 
		0.0555556 14 9, 13 8, 12 7, 9 7, 11 6, 9 6, 10 5, 8 5, 14 4, 13 3, 12 2, 3 2, 11 1, 10 0, 4 0, 1 0, 
		0.0555556 14 9, 13 8, 12 7, 12 7, 9 7, 11 6, 9 6, 10 5, 8 5, 7 5, 14 4, 13 3, 3 2, 11 1, 2 1, 10 0, 4 0, 
		0.0555556 14 9, 13 8, 13 8, 12 7, 12 7, 9 7, 11 6, 11 6, 10 5, 7 5, 14 4, 13 3, 13 3, 4 3, 3 2, 11 1, 11 1, 2 1, 10 0, 4 0, 1 0, 
		0.111111 14 9, 13 8, 9 7, 11 6, 9 6, 10 5, 8 5, 7 5, 14 4, 13 3, 12 2, 12 2, 3 2, 11 1, 2 1, 10 0, 4 0, 
		0.111111 14 9, 13 8, 12 7, 11 6, 9 6, 10 5, 10 5, 8 5, 7 5, 14 4, 13 3, 4 3, 12 2, 11 1, 2 1, 10 0, 10 0, 
		0.0555556 14 9, 13 8, 13 8, 12 7, 9 7, 11 6, 11 6, 10 5, 7 5, 14 4, 13 3, 13 3, 4 3, 12 2, 3 2, 11 1, 11 1, 2 1, 10 0, 4 0, 1 0, 
		0.0555556 14 9, 14 9, 13 8, 12 7, 12 7, 9 7, 11 6, 9 6, 10 5, 8 5, 7 5, 13 3, 4 3, 12 2, 12 2, 11 1, 10 0, 4 0, 1 0, 
		0.111111 14 9, 14 9, 13 8, 12 7, 9 7, 11 6, 9 6, 10 5, 8 5, 14 4, 14 4, 13 3, 12 2, 3 2, 11 1, 10 0, 1 0, 
		0.0555556 14 9, 14 9, 13 8, 13 8, 12 7, 11 6, 11 6, 10 5, 7 5, 14 4, 14 4, 13 3, 13 3, 4 3, 12 2, 3 2, 11 1, 11 1, 2 1, 10 0, 4 0, 1 0, 
		0.166667 14 9, 14 9, 13 8, 13 8, 12 7, 12 7, 11 6, 11 6, 10 5, 10 5, 14 4, 14 4, 13 3, 13 3, 4 3, 12 2, 12 2, 3 2, 11 1, 11 1, 2 1, 10 0, 10 0, 4 0, 1 0, 
	6 9 0.666667
		0.091954 14 9, 13 8, 12 7, 9 7, 11 6, 8 6, 10 5, 10 5, 14 4, 13 3, 12 2, 3 2, 11 1, 10 0, 10 0, 4 0, 1 0, 
		0.0306513 14 9, 13 8, 12 7, 9 7, 11 6, 8 6, 10 5, 10 5, 14 4, 13 3, 12 2, 3 2, 11 1, 10 0, 10 0, 4 0, 1 0, 
		0.0344828 14 9, 13 8, 12 7, 9 7, 11 6, 11 6, 10 5, 8 5, 7 5, 14 4, 13 3, 12 2, 3 2, 11 1, 11 1, 2 1, 10 0, 4 0, 1 0, 
		0.0383142 14 9, 13 8, 12 7, 9 7, 11 6, 8 6, 10 5, 8 5, 7 5, 14 4, 13 3, 4 3, 12 2, 3 2, 11 1, 10 0, 1 0, 
		0.0153257 14 9, 13 8, 13 8, 12 7, 9 7, 11 6, 8 6, 10 5, 10 5, 8 5, 7 5, 14 4, 4 3, 12 2, 3 2, 11 1, 2 1, 10 0, 10 0, 
		0.0268199 14 9, 13 8, 13 8, 12 7, 12 7, 9 7, 11 6, 8 6, 10 5, 8 5, 7 5, 14 4, 13 3, 13 3, 12 2, 12 2, 11 1, 10 0, 4 0, 1 0, 
		0.0957854 14 9, 13 8, 13 8, 12 7, 12 7, 9 7, 11 6, 8 6, 10 5, 8 5, 7 5, 14 4, 13 3, 13 3, 12 2, 12 2, 11 1, 10 0, 4 0, 1 0, 
		0.0114943 14 9, 13 8, 12 7, 9 7, 11 6, 11 6, 10 5, 8 5, 14 4, 13 3, 4 3, 12 2, 3 2, 11 1, 11 1, 2 1, 10 0, 1 0, 
		0.0114943 14 9, 13 8, 12 7, 9 7, 11 6, 11 6, 10 5, 8 5, 7 5, 14 4, 13 3, 12 2, 3 2, 11 1, 11 1, 2 1, 10 0, 4 0, 1 0, 
		0.0727969 14 9, 13 8, 12 7, 9 7, 11 6, 8 6, 10 5, 10 5, 8 5, 7 5, 14 4, 13 3, 4 3, 12 2, 11 1, 2 1, 10 0, 10 0, 
		0.0191571 14 9, 13 8, 12 7, 9 7, 11 6, 11 6, 10 5, 8 5, 14 4, 13 3, 4 3, 12 2, 11 1, 11 1, 2 1, 10 0, 1 0, 
		0.0842912 14 9, 13 8, 12 7, 9 7, 11 6, 8 6, 10 5, 10 5, 8 5, 7 5, 14 4, 13 3, 4 3, 12 2, 11 1, 2 1, 10 0, 10 0, 
		0.0421456 14 9, 13 8, 12 7, 9 7, 11 6, 11 6, 10 5, 8 5, 7 5, 14 4, 13 3, 12 2, 3 2, 11 1, 11 1, 2 1, 10 0, 4 0, 1 0, 
		0.0344828 14 9, 13 8, 12 7, 12 7, 9 7, 11 6, 8 6, 10 5, 8 5, 7 5, 14 4, 13 3, 4 3, 12 2, 12 2, 11 1, 10 0, 1 0, 
		0.0536398 14 9, 13 8, 13 8, 12 7, 9 7, 11 6, 11 6, 10 5, 7 5, 14 4, 13 3, 13 3, 4 3, 12 2, 3 2, 11 1, 11 1, 2 1, 10 0, 1 0, 
		0.0153257 14 9, 14 9, 12 7, 11 6, 8 6, 10 5, 8 5, 7 5, 14 4, 14 4, 13 3, 13 3, 4 3, 12 2, 3 2, 11 1, 10 0, 4 0, 1 0, 
		0.137931 14 9, 14 9, 13 8, 12 7, 12 7, 11 6, 8 6, 10 5, 8 5, 14 4, 14 4, 13 3, 4 3, 12 2, 12 2, 3 2, 11 1, 2 1, 10 0, 4 0, 
		0.0229885 14 9, 14 9, 13 8, 12 7, 11 6, 8 6, 10 5, 8 5, 7 5, 14 4, 14 4, 13 3, 4 3, 12 2, 3 2, 11 1, 2 1, 10 0, 4 0, 
		0.118774 14 9, 14 9, 13 8, 13 8, 12 7, 11 6, 11 6, 10 5, 7 5, 14 4, 14 4, 13 3, 13 3, 4 3, 12 2, 3 2, 11 1, 11 1, 2 1, 10 0, 4 0, 1 0, 
		0.0383142 14 9, 14 9, 13 8, 13 8, 12 7, 12 7, 11 6, 11 6, 10 5, 10 5, 14 4, 14 4, 13 3, 13 3, 4 3, 12 2, 12 2, 3 2, 11 1, 11 1, 2 1, 10 0, 10 0, 4 0, 1 0, 
	6 11 0.666667
		0.0296296 12 7, 9 7, 9 6, 8 6, 10 5, 8 5, 7 5, 14 4, 14 4, 13 3, 13 3, 4 3, 12 2, 3 2, 11 1, 11 1, 2 1, 10 0, 4 0, 1 0, 
		0.0148148 14 9, 13 8, 12 7, 9 7, 11 6, 9 6, 10 5, 10 5, 8 5, 7 5, 14 4, 13 3, 4 3, 12 2, 3 2, 11 1, 2 1, 10 0, 10 0, 
		0.0296296 14 9, 13 8, 12 7, 9 7, 11 6, 8 6, 10 5, 8 5, 7 5, 14 4, 13 3, 4 3, 12 2, 11 1, 2 1, 10 0, 4 0, 
		0.0148148 14 9, 13 8, 12 7, 9 7, 11 6, 9 6, 10 5, 10 5, 8 5, 7 5, 14 4, 13 3, 4 3, 12 2, 11 1, 2 1, 10 0, 10 0, 
		0.0962963 14 9, 13 8, 12 7, 12 7, 9 6, 8 6, 10 5, 10 5, 14 4, 13 3, 4 3, 12 2, 12 2, 3 2, 11 1, 11 1, 2 1, 10 0, 10 0, 4 0, 1 0, 
		0.0592593 14 9, 13 8, 12 7, 12 7, 11 6, 9 6, 10 5, 8 5, 14 4, 13 3, 4 3, 12 2, 12 2, 3 2, 11 1, 2 1, 10 0, 4 0, 
		0.0222222 14 9, 13 8, 13 8, 9 7, 9 6, 8 6, 10 5, 8 5, 7 5, 14 4, 4 3, 12 2, 12 2, 3 2, 11 1, 11 1, 2 1, 10 0, 1 0, 
		0.0666667 14 9, 13 8, 13 8, 12 7, 9 7, 11 6, 9 6, 10 5, 10 5, 14 4, 13 3, 13 3, 4 3, 12 2, 3 2, 11 1, 10 0, 10 0, 4 0, 1 0, 
		0.0296296 14 9, 9 7, 9 6, 8 6, 10 5, 8 5, 7 5, 14 4, 13 3, 13 3, 4 3, 12 2, 12 2, 3 2, 11 1, 11 1, 2 1, 10 0, 1 0, 
		0.0444444 14 9, 13 8, 12 7, 9 7, 11 6, 9 6, 10 5, 10 5, 8 5, 7 5, 14 4, 13 3, 4 3, 12 2, 11 1, 2 1, 10 0, 10 0, 
		0.0222222 14 9, 13 8, 12 7, 12 7, 9 6, 8 6, 10 5, 8 5, 14 4, 13 3, 4 3, 12 2, 12 2, 3 2, 11 1, 11 1, 2 1, 10 0, 4 0, 1 0, 
		0.037037 14 9, 13 8, 9 7, 9 6, 8 6, 10 5, 7 5, 14 4, 13 3, 4 3, 12 2, 12 2, 3 2, 11 1, 11 1, 2 1, 10 0, 4 0, 1 0, 
		0.148148 14 9, 13 8, 13 8, 12 7, 12 7, 9 7, 11 6, 8 6, 10 5, 8 5, 7 5, 14 4, 13 3, 13 3, 12 2, 12 2, 11 1, 10 0, 4 0, 1 0, 
		0.0148148 14 9, 14 9, 13 8, 12 7, 11 6, 8 6, 10 5, 7 5, 14 4, 14 4, 13 3, 4 3, 12 2, 3 2, 11 1, 10 0, 4 0, 1 0, 
		0.0740741 14 9, 14 9, 13 8, 12 7, 11 6, 8 6, 10 5, 7 5, 14 4, 14 4, 13 3, 4 3, 12 2, 3 2, 11 1, 10 0, 4 0, 1 0, 
		0.0962963 14 9, 14 9, 13 8, 12 7, 12 7, 9 7, 11 6, 9 6, 10 5, 10 5, 8 5, 7 5, 14 4, 14 4, 13 3, 3 2, 11 1, 2 1, 10 0, 10 0, 
		0.0148148 14 9, 14 9, 13 8, 12 7, 11 6, 8 6, 10 5, 7 5, 14 4, 14 4, 13 3, 4 3, 12 2, 3 2, 11 1, 10 0, 4 0, 1 0, 
		0.0888889 14 9, 14 9, 13 8, 13 8, 12 7, 9 7, 9 6, 8 6, 10 5, 8 5, 14 4, 14 4, 13 3, 13 3, 12 2, 11 1, 11 1, 2 1, 10 0, 1 0, 
		0.0296296 14 9, 14 9, 13 8, 13 8, 12 7, 9 7, 11 6, 9 6, 10 5, 7 5, 13 3, 13 3, 4 3, 12 2, 3 2, 11 1, 2 1, 10 0, 4 0, 
		0.0444444 14 9, 14 9, 13 8, 13 8, 12 7, 11 6, 8 6, 10 5, 8 5, 7 5, 14 4, 14 4, 4 3, 12 2, 3 2, 11 1, 2 1, 10 0, 4 0, 
	6 11 0.666667
		0.0296296 12 7, 9 7, 9 6, 8 6, 10 5, 8 5, 7 5, 14 4, 14 4, 13 3, 13 3, 4 3, 12 2, 3 2, 11 1, 11 1, 2 1, 10 0, 4 0, 1 0, 
		0.0148148 14 9, 13 8, 12 7, 9 7, 11 6, 9 6, 10 5, 10 5, 8 5, 7 5, 14 4, 13 3, 4 3, 12 2, 3 2, 11 1, 2 1, 10 0, 10 0, 
		0.0296296 14 9, 13 8, 12 7, 9 7, 11 6, 8 6, 10 5, 8 5, 7 5, 14 4, 13 3, 4 3, 12 2, 11 1, 2 1, 10 0, 4 0, 
		0.0148148 14 9, 13 8, 12 7, 9 7, 11 6, 9 6, 10 5, 10 5, 8 5, 7 5, 14 4, 13 3, 4 3, 12 2, 11 1, 2 1, 10 0, 10 0, 
		0.0962963 14 9, 13 8, 12 7, 12 7, 9 6, 8 6, 10 5, 10 5, 14 4, 13 3, 4 3, 12 2, 12 2, 3 2, 11 1, 11 1, 2 1, 10 0, 10 0, 4 0, 1 0, 
		0.0592593 14 9, 13 8, 12 7, 12 7, 11 6, 9 6, 10 5, 8 5, 14 4, 13 3, 4 3, 12 2, 12 2, 3 2, 11 1, 2 1, 10 0, 4 0, 
		0.0222222 14 9, 13 8, 13 8, 9 7, 9 6, 8 6, 10 5, 8 5, 7 5, 14 4, 4 3, 12 2, 12 2, 3 2, 11 1, 11 1, 2 1, 10 0, 1 0, 
		0.0666667 14 9, 13 8, 13 8, 12 7, 9 7, 11 6, 9 6, 10 5, 10 5, 14 4, 13 3, 13 3, 4 3, 12 2, 3 2, 11 1, 10 0, 10 0, 4 0, 1 0, 
		0.0296296 14 9, 9 7, 9 6, 8 6, 10 5, 8 5, 7 5, 14 4, 13 3, 13 3, 4 3, 12 2, 12 2, 3 2, 11 1, 11 1, 2 1, 10 0, 1 0, 
		0.0444444 14 9, 13 8, 12 7, 9 7, 11 6, 9 6, 10 5, 10 5, 8 5, 7 5, 14 4, 13 3, 4 3, 12 2, 11 1, 2 1, 10 0, 10 0, 
		0.0222222 14 9, 13 8, 12 7, 12 7, 9 6, 8 6, 10 5, 8 5, 14 4, 13 3, 4 3, 12 2, 12 2, 3 2, 11 1, 11 1, 2 1, 10 0, 4 0, 1 0, 
		0.037037 14 9, 13 8, 9 7, 9 6, 8 6, 10 5, 7 5, 14 4, 13 3, 4 3, 12 2, 12 2, 3 2, 11 1, 11 1, 2 1, 10 0, 4 0, 1 0, 
		0.148148 14 9, 13 8, 13 8, 12 7, 12 7, 9 7, 11 6, 8 6, 10 5, 8 5, 7 5, 14 4, 13 3, 13 3, 12 2, 12 2, 11 1, 10 0, 4 0, 1 0, 
		0.0148148 14 9, 14 9, 13 8, 12 7, 11 6, 8 6, 10 5, 7 5, 14 4, 14 4, 13 3, 4 3, 12 2, 3 2, 11 1, 10 0, 4 0, 1 0, 
		0.0740741 14 9, 14 9, 13 8, 12 7, 11 6, 8 6, 10 5, 7 5, 14 4, 14 4, 13 3, 4 3, 12 2, 3 2, 11 1, 10 0, 4 0, 1 0, 
		0.0962963 14 9, 14 9, 13 8, 12 7, 12 7, 9 7, 11 6, 9 6, 10 5, 10 5, 8 5, 7 5, 14 4, 14 4, 13 3, 3 2, 11 1, 2 1, 10 0, 10 0, 
		0.0148148 14 9, 14 9, 13 8, 12 7, 11 6, 8 6, 10 5, 7 5, 14 4, 14 4, 13 3, 4 3, 12 2, 3 2, 11 1, 10 0, 4 0, 1 0, 
		0.0888889 14 9, 14 9, 13 8, 13 8, 12 7, 9 7, 9 6, 8 6, 10 5, 8 5, 14 4, 14 4, 13 3, 13 3, 12 2, 11 1, 11 1, 2 1, 10 0, 1 0, 
		0.0296296 14 9, 14 9, 13 8, 13 8, 12 7, 9 7, 11 6, 9 6, 10 5, 7 5, 13 3, 13 3, 4 3, 12 2, 3 2, 11 1, 2 1, 10 0, 4 0, 
		0.0444444 14 9, 14 9, 13 8, 13 8, 12 7, 11 6, 8 6, 10 5, 8 5, 7 5, 14 4, 14 4, 4 3, 12 2, 3 2, 11 1, 2 1, 10 0, 4 0, 
	7 9 0.666667
		0.0618812 14 9, 12 7, 12 7, 11 6, 11 6, 9 6, 8 6, 10 5, 8 5, 14 4, 13 3, 13 3, 4 3, 12 2, 12 2, 3 2, 2 1, 10 0, 1 0, 
		0.0684818 14 9, 13 8, 12 7, 11 6, 11 6, 9 6, 8 6, 10 5, 7 5, 14 4, 13 3, 12 2, 3 2, 11 1, 11 1, 10 0, 4 0, 
		0.0684818 14 9, 13 8, 12 7, 11 6, 9 6, 10 5, 10 5, 8 5, 7 5, 14 4, 13 3, 4 3, 12 2, 11 1, 2 1, 10 0, 10 0, 
		0.0264026 14 9, 13 8, 13 8, 12 7, 11 6, 9 6, 10 5, 7 5, 14 4, 13 3, 13 3, 4 3, 12 2, 3 2, 11 1, 10 0, 1 0, 
		0.0429043 14 9, 13 8, 13 8, 12 7, 11 6, 9 6, 8 6, 10 5, 8 5, 7 5, 14 4, 13 3, 13 3, 12 2, 11 1, 2 1, 10 0, 4 0, 1 0, 
		0.0618812 14 9, 13 8, 13 8, 12 7, 11 6, 9 6, 8 6, 10 5, 10 5, 8 5, 7 5, 14 4, 13 3, 13 3, 12 2, 11 1, 2 1, 4 0, 1 0, 
		0.0346535 14 9, 12 7, 11 6, 11 6, 9 6, 8 6, 10 5, 10 5, 8 5, 7 5, 14 4, 13 3, 13 3, 4 3, 12 2, 3 2, 11 1, 11 1, 10 0, 10 0, 
		0.0981848 14 9, 13 8, 12 7, 12 7, 11 6, 9 6, 8 6, 10 5, 10 5, 14 4, 13 3, 12 2, 12 2, 3 2, 11 1, 2 1, 10 0, 10 0, 4 0, 1 0, 
		0.029703 14 9, 13 8, 12 7, 11 6, 11 6, 9 6, 8 6, 10 5, 10 5, 8 5, 7 5, 14 4, 13 3, 4 3, 12 2, 3 2, 11 1, 11 1, 10 0, 10 0, 
		0.0330033 14 9, 13 8, 12 7, 11 6, 11 6, 9 6, 8 6, 10 5, 10 5, 8 5, 7 5, 14 4, 13 3, 4 3, 12 2, 3 2, 11 1, 11 1, 10 0, 10 0, 
		0.0651815 14 9, 13 8, 13 8, 12 7, 11 6, 9 6, 10 5, 7 5, 14 4, 13 3, 13 3, 4 3, 12 2, 3 2, 11 1, 10 0, 1 0, 
		0.0618812 14 9, 13 8, 13 8, 12 7, 9 6, 8 6, 10 5, 8 5, 7 5, 14 4, 13 3, 13 3, 12 2, 11 1, 11 1, 2 1, 10 0, 4 0, 1 0, 
		0.0643564 14 9, 14 9, 13 8, 12 7, 11 6, 8 6, 8 5, 7 5, 14 4, 14 4, 13 3, 4 3, 12 2, 3 2, 11 1, 10 0, 10 0, 4 0, 1 0, 
		0.0478548 14 9, 14 9, 13 8, 12 7, 11 6, 11 6, 10 5, 8 5, 7 5, 14 4, 14 4, 13 3, 4 3, 12 2, 11 1, 11 1, 2 1, 10 0, 4 0, 1 0, 
		0.05033 14 9, 14 9, 13 8, 12 7, 11 6, 11 6, 10 5, 8 5, 7 5, 14 4, 14 4, 13 3, 4 3, 12 2, 11 1, 11 1, 2 1, 10 0, 4 0, 1 0, 
		0.0990099 14 9, 14 9, 13 8, 13 8, 12 7, 12 7, 11 6, 8 6, 10 5, 8 5, 14 4, 14 4, 4 3, 12 2, 12 2, 3 2, 11 1, 2 1, 10 0, 4 0, 
		0.0693069 14 9, 14 9, 13 8, 13 8, 12 7, 12 7, 11 6, 11 6, 10 5, 10 5, 14 4, 14 4, 13 3, 13 3, 4 3, 12 2, 12 2, 3 2, 11 1, 11 1, 2 1, 10 0, 10 0, 4 0, 1 0, 
	7 12 0.666667
		0.0186671 13 8, 9 7, 9 6, 8 6, 10 5, 8 5, 7 5, 14 4, 14 4, 13 3, 4 3, 12 2, 12 2, 3 2, 11 1, 11 1, 2 1, 10 0, 4 0, 1 0, 
		0.09601 13 8, 13 8, 12 7, 9 7, 11 6, 9 6, 10 5, 10 5, 14 4, 14 4, 13 3, 13 3, 4 3, 12 2, 3 2, 11 1, 10 0, 10 0, 4 0, 1 0, 
		0.0164838 14 9, 13 8, 12 7, 9 7, 9 6, 8 6, 10 5, 10 5, 14 4, 13 3, 4 3, 12 2, 11 1, 11 1, 2 1, 10 0, 10 0, 4 0, 1 0, 
		0.0569838 14 9, 13 8, 12 7, 9 7, 11 6, 8 6, 10 5, 10 5, 14 4, 13 3, 12 2, 3 2, 11 1, 10 0, 10 0, 4 0, 1 0, 
		0.0221058 14 9, 13 8, 12 7, 11 6, 11 6, 9 6, 8 6, 8 5, 7 5, 14 4, 13 3, 4 3, 12 2, 2 1, 10 0, 10 0, 4 0, 1 0, 
		0.0249441 14 9, 13 8, 12 7, 9 7, 11 6, 11 6, 10 5, 8 5, 14 4, 13 3, 4 3, 12 2, 11 1, 11 1, 2 1, 10 0, 4 0, 1 0, 
		0.0506523 14 9, 13 8, 13 8, 9 7, 11 6, 11 6, 10 5, 7 5, 14 4, 13 3, 13 3, 4 3, 12 2, 12 2, 3 2, 11 1, 11 1, 2 1, 10 0, 4 0, 1 0, 
		0.031876 14 9, 13 8, 13 8, 12 7, 11 6, 9 6, 8 6, 10 5, 10 5, 8 5, 7 5, 14 4, 13 3, 13 3, 12 2, 11 1, 2 1, 4 0, 1 0, 
		0.0268544 14 9, 13 8, 12 7, 11 6, 11 6, 9 6, 8 6, 10 5, 8 5, 7 5, 14 4, 13 3, 12 2, 3 2, 11 1, 11 1, 10 0, 4 0, 
		0.125212 14 9, 13 8, 12 7, 11 6, 11 6, 9 6, 8 6, 10 5, 10 5, 8 5, 7 5, 14 4, 13 3, 4 3, 12 2, 3 2, 11 1, 11 1, 10 0, 10 0, 
		0.0645161 14 9, 13 8, 9 7, 11 6, 11 6, 10 5, 8 5, 7 5, 14 4, 13 3, 4 3, 12 2, 12 2, 3 2, 11 1, 11 1, 2 1, 10 0, 4 0, 1 0, 
		0.0282736 14 9, 14 9, 9 7, 11 6, 9 6, 8 6, 10 5, 8 5, 7 5, 13 3, 13 3, 4 3, 12 2, 12 2, 3 2, 11 1, 2 1, 10 0, 4 0, 1 0, 
		0.0504885 14 9, 14 9, 13 8, 9 7, 9 6, 8 6, 10 5, 7 5, 14 4, 14 4, 13 3, 12 2, 12 2, 3 2, 11 1, 11 1, 2 1, 10 0, 1 0, 
		0.0289831 14 9, 14 9, 13 8, 9 7, 9 6, 8 6, 10 5, 8 5, 7 5, 14 4, 14 4, 13 3, 12 2, 12 2, 3 2, 11 1, 11 1, 2 1, 10 0, 1 0, 
		0.0301294 14 9, 14 9, 13 8, 9 7, 11 6, 9 6, 10 5, 10 5, 8 5, 7 5, 14 4, 14 4, 13 3, 12 2, 12 2, 3 2, 11 1, 2 1, 10 0, 10 0, 
		0.0732493 14 9, 14 9, 13 8, 12 7, 11 6, 8 6, 10 5, 8 5, 7 5, 14 4, 14 4, 13 3, 4 3, 12 2, 11 1, 2 1, 10 0, 4 0, 
		0.0496152 14 9, 14 9, 13 8, 12 7, 11 6, 8 6, 10 5, 8 5, 7 5, 14 4, 14 4, 13 3, 4 3, 12 2, 11 1, 2 1, 10 0, 4 0, 
		0.0542001 14 9, 14 9, 13 8, 13 8, 9 7, 11 6, 9 6, 10 5, 7 5, 13 3, 13 3, 4 3, 12 2, 12 2, 3 2, 11 1, 2 1, 10 0, 4 0, 1 0, 
		0.0282736 14 9, 14 9, 13 8, 13 8, 12 7, 9 7, 11 6, 11 6, 9 6, 8 6, 10 5, 8 5, 4 3, 12 2, 3 2, 11 1, 11 1, 10 0, 4 0, 
		0.0985208 14 9, 14 9, 13 8, 13 8, 12 7, 9 7, 11 6, 11 6, 9 6, 8 6, 10 5, 8 5, 14 4, 14 4, 13 3, 13 3, 12 2, 2 1, 10 0, 1 0, 
	7 12 0.666667
		0.0186671 13 8, 9 7, 9 6, 8 6, 10 5, 8 5, 7 5, 14 4, 14 4, 13 3, 4 3, 12 2, 12 2, 3 2, 11 1, 11 1, 2 1, 10 0, 4 0, 1 0, 
		0.09601 13 8, 13 8, 12 7, 9 7, 11 6, 9 6, 10 5, 10 5, 14 4, 14 4, 13 3, 13 3, 4 3, 12 2, 3 2, 11 1, 10 0, 10 0, 4 0, 1 0, 
		0.0164838 14 9, 13 8, 12 7, 9 7, 9 6, 8 6, 10 5, 10 5, 14 4, 13 3, 4 3, 12 2, 11 1, 11 1, 2 1, 10 0, 10 0, 4 0, 1 0, 
		0.0569838 14 9, 13 8, 12 7, 9 7, 11 6, 8 6, 10 5, 10 5, 14 4, 13 3, 12 2, 3 2, 11 1, 10 0, 10 0, 4 0, 1 0, 
		0.0221058 14 9, 13 8, 12 7, 11 6, 11 6, 9 6, 8 6, 8 5, 7 5, 14 4, 13 3, 4 3, 12 2, 2 1, 10 0, 10 0, 4 0, 1 0, 
		0.0249441 14 9, 13 8, 12 7, 9 7, 11 6, 11 6, 10 5, 8 5, 14 4, 13 3, 4 3, 12 2, 11 1, 11 1, 2 1, 10 0, 4 0, 1 0, 
		0.0506523 14 9, 13 8, 13 8, 9 7, 11 6, 11 6, 10 5, 7 5, 14 4, 13 3, 13 3, 4 3, 12 2, 12 2, 3 2, 11 1, 11 1, 2 1, 10 0, 4 0, 1 0, 
		0.031876 14 9, 13 8, 13 8, 12 7, 11 6, 9 6, 8 6, 10 5, 10 5, 8 5, 7 5, 14 4, 13 3, 13 3, 12 2, 11 1, 2 1, 4 0, 1 0, 
		0.0268544 14 9, 13 8, 12 7, 11 6, 11 6, 9 6, 8 6, 10 5, 8 5, 7 5, 14 4, 13 3, 12 2, 3 2, 11 1, 11 1, 10 0, 4 0, 
		0.125212 14 9, 13 8, 12 7, 11 6, 11 6, 9 6, 8 6, 10 5, 10 5, 8 5, 7 5, 14 4, 13 3, 4 3, 12 2, 3 2, 11 1, 11 1, 10 0, 10 0, 
		0.0645161 14 9, 13 8, 9 7, 11 6, 11 6, 10 5, 8 5, 7 5, 14 4, 13 3, 4 3, 12 2, 12 2, 3 2, 11 1, 11 1, 2 1, 10 0, 4 0, 1 0, 
		0.0282736 14 9, 14 9, 9 7, 11 6, 9 6, 8 6, 10 5, 8 5, 7 5, 13 3, 13 3, 4 3, 12 2, 12 2, 3 2, 11 1, 2 1, 10 0, 4 0, 1 0, 
		0.0504885 14 9, 14 9, 13 8, 9 7, 9 6, 8 6, 10 5, 7 5, 14 4, 14 4, 13 3, 12 2, 12 2, 3 2, 11 1, 11 1, 2 1, 10 0, 1 0, 
		0.0289831 14 9, 14 9, 13 8, 9 7, 9 6, 8 6, 10 5, 8 5, 7 5, 14 4, 14 4, 13 3, 12 2, 12 2, 3 2, 11 1, 11 1, 2 1, 10 0, 1 0, 
		0.0301294 14 9, 14 9, 13 8, 9 7, 11 6, 9 6, 10 5, 10 5, 8 5, 7 5, 14 4, 14 4, 13 3, 12 2, 12 2, 3 2, 11 1, 2 1, 10 0, 10 0, 
		0.0732493 14 9, 14 9, 13 8, 12 7, 11 6, 8 6, 10 5, 8 5, 7 5, 14 4, 14 4, 13 3, 4 3, 12 2, 11 1, 2 1, 10 0, 4 0, 
		0.0496152 14 9, 14 9, 13 8, 12 7, 11 6, 8 6, 10 5, 8 5, 7 5, 14 4, 14 4, 13 3, 4 3, 12 2, 11 1, 2 1, 10 0, 4 0, 
		0.0542001 14 9, 14 9, 13 8, 13 8, 9 7, 11 6, 9 6, 10 5, 7 5, 13 3, 13 3, 4 3, 12 2, 12 2, 3 2, 11 1, 2 1, 10 0, 4 0, 1 0, 
		0.0282736 14 9, 14 9, 13 8, 13 8, 12 7, 9 7, 11 6, 11 6, 9 6, 8 6, 10 5, 8 5, 4 3, 12 2, 3 2, 11 1, 11 1, 10 0, 4 0, 
		0.0985208 14 9, 14 9, 13 8, 13 8, 12 7, 9 7, 11 6, 11 6, 9 6, 8 6, 10 5, 8 5, 14 4, 14 4, 13 3, 13 3, 12 2, 2 1, 10 0, 1 0, 
	8 13 0.666667
		0.104869 13 8, 12 7, 9 7, 11 6, 11 6, 9 6, 8 6, 10 5, 10 5, 14 4, 14 4, 13 3, 4 3, 12 2, 2 1, 10 0, 10 0, 4 0, 1 0, 
		0.011236 14 9, 12 7, 12 7, 9 6, 8 6, 10 5, 8 5, 14 4, 13 3, 13 3, 4 3, 12 2, 12 2, 3 2, 11 1, 11 1, 2 1, 10 0, 4 0, 1 0, 
		0.011236 14 9, 12 7, 12 7, 11 6, 9 6, 8 6, 10 5, 8 5, 14 4, 13 3, 13 3, 4 3, 12 2, 12 2, 3 2, 11 1, 2 1, 10 0, 4 0, 1 0, 
		0.0187266 14 9, 12 7, 12 7, 11 6, 9 6, 8 6, 10 5, 8 5, 14 4, 13 3, 13 3, 4 3, 12 2, 12 2, 3 2, 11 1, 2 1, 10 0, 4 0, 1 0, 
		0.0561798 14 9, 13 8, 9 7, 11 6, 11 6, 10 5, 8 5, 7 5, 14 4, 13 3, 12 2, 12 2, 3 2, 11 1, 11 1, 2 1, 10 0, 4 0, 1 0, 
		0.0411985 14 9, 13 8, 12 7, 9 7, 11 6, 11 6, 10 5, 8 5, 7 5, 14 4, 13 3, 4 3, 12 2, 11 1, 11 1, 2 1, 10 0, 4 0, 1 0, 
		0.0187266 14 9, 13 8, 12 7, 12 7, 9 7, 11 6, 9 6, 8 6, 10 5, 7 5, 14 4, 13 3, 4 3, 12 2, 12 2, 11 1, 10 0, 4 0, 1 0, 
		0.0561798 14 9, 13 8, 12 7, 12 7, 9 7, 11 6, 9 6, 8 6, 10 5, 7 5, 14 4, 13 3, 4 3, 12 2, 12 2, 11 1, 10 0, 4 0, 1 0, 
		0.0187266 14 9, 12 7, 11 6, 11 6, 9 6, 8 6, 10 5, 10 5, 8 5, 7 5, 14 4, 13 3, 13 3, 4 3, 12 2, 3 2, 11 1, 11 1, 10 0, 10 0, 
		0.123596 14 9, 12 7, 11 6, 11 6, 9 6, 8 6, 10 5, 10 5, 8 5, 7 5, 14 4, 13 3, 13 3, 4 3, 12 2, 3 2, 11 1, 11 1, 10 0, 10 0, 
		0.0299625 14 9, 13 8, 12 7, 9 7, 11 6, 11 6, 10 5, 8 5, 7 5, 14 4, 13 3, 12 2, 3 2, 11 1, 11 1, 2 1, 10 0, 4 0, 1 0, 
		0.0561798 14 9, 13 8, 12 7, 12 7, 9 7, 11 6, 11 6, 10 5, 8 5, 7 5, 14 4, 13 3, 3 2, 11 1, 11 1, 2 1, 10 0, 4 0, 1 0, 
		0.011236 14 9, 14 9, 12 7, 11 6, 8 6, 10 5, 10 5, 8 5, 7 5, 14 4, 14 4, 13 3, 13 3, 4 3, 12 2, 3 2, 11 1, 4 0, 1 0, 
		0.123596 14 9, 14 9, 12 7, 12 7, 11 6, 8 6, 10 5, 8 5, 14 4, 14 4, 13 3, 13 3, 4 3, 12 2, 12 2, 3 2, 11 1, 2 1, 10 0, 4 0, 
		0.0674157 14 9, 14 9, 13 8, 9 7, 9 6, 8 6, 10 5, 7 5, 14 4, 14 4, 13 3, 12 2, 12 2, 3 2, 11 1, 11 1, 2 1, 10 0, 1 0, 
		0.0187266 14 9, 14 9, 13 8, 12 7, 9 7, 9 6, 8 6, 10 5, 10 5, 13 3, 4 3, 12 2, 11 1, 11 1, 2 1, 10 0, 10 0, 4 0, 1 0, 
		0.0187266 14 9, 14 9, 13 8, 12 7, 9 7, 11 6, 9 6, 10 5, 8 5, 7 5, 14 4, 14 4, 13 3, 12 2, 3 2, 11 1, 10 0, 1 0, 
		0.0374532 14 9, 14 9, 13 8, 12 7, 9 7, 11 6, 9 6, 10 5, 8 5, 14 4, 14 4, 13 3, 12 2, 3 2, 11 1, 2 1, 10 0, 1 0, 
		0.0674157 14 9, 14 9, 13 8, 12 7, 12 7, 9 7, 11 6, 9 6, 8 6, 10 5, 7 5, 13 3, 4 3, 12 2, 12 2, 11 1, 10 0, 4 0, 1 0, 
		0.011236 14 9, 14 9, 13 8, 12 7, 12 7, 9 7, 11 6, 9 6, 8 5, 7 5, 13 3, 4 3, 12 2, 12 2, 11 1, 10 0, 10 0, 4 0, 1 0, 
		0.0674157 14 9, 14 9, 13 8, 12 7, 12 7, 9 7, 11 6, 9 6, 10 5, 10 5, 8 5, 7 5, 14 4, 14 4, 13 3, 3 2, 11 1, 2 1, 10 0, 10 0, 
	8 13 0.666667
		0.104869 13 8, 12 7, 9 7, 11 6, 11 6, 9 6, 8 6, 10 5, 10 5, 14 4, 14 4, 13 3, 4 3, 12 2, 2 1, 10 0, 10 0, 4 0, 1 0, 
		0.011236 14 9, 12 7, 12 7, 9 6, 8 6, 10 5, 8 5, 14 4, 13 3, 13 3, 4 3, 12 2, 12 2, 3 2, 11 1, 11 1, 2 1, 10 0, 4 0, 1 0, 
		0.011236 14 9, 12 7, 12 7, 11 6, 9 6, 8 6, 10 5, 8 5, 14 4, 13 3, 13 3, 4 3, 12 2, 12 2, 3 2, 11 1, 2 1, 10 0, 4 0, 1 0, 
		0.0187266 14 9, 12 7, 12 7, 11 6, 9 6, 8 6, 10 5, 8 5, 14 4, 13 3, 13 3, 4 3, 12 2, 12 2, 3 2, 11 1, 2 1, 10 0, 4 0, 1 0, 
		0.0561798 14 9, 13 8, 9 7, 11 6, 11 6, 10 5, 8 5, 7 5, 14 4, 13 3, 12 2, 12 2, 3 2, 11 1, 11 1, 2 1, 10 0, 4 0, 1 0, 
		0.0411985 14 9, 13 8, 12 7, 9 7, 11 6, 11 6, 10 5, 8 5, 7 5, 14 4, 13 3, 4 3, 12 2, 11 1, 11 1, 2 1, 10 0, 4 0, 1 0, 
		0.0187266 14 9, 13 8, 12 7, 12 7, 9 7, 11 6, 9 6, 8 6, 10 5, 7 5, 14 4, 13 3, 4 3, 12 2, 12 2, 11 1, 10 0, 4 0, 1 0, 
		0.0561798 14 9, 13 8, 12 7, 12 7, 9 7, 11 6, 9 6, 8 6, 10 5, 7 5, 14 4, 13 3, 4 3, 12 2, 12 2, 11 1, 10 0, 4 0, 1 0, 
		0.0187266 14 9, 12 7, 11 6, 11 6, 9 6, 8 6, 10 5, 10 5, 8 5, 7 5, 14 4, 13 3, 13 3, 4 3, 12 2, 3 2, 11 1, 11 1, 10 0, 10 0, 
		0.123596 14 9, 12 7, 11 6, 11 6, 9 6, 8 6, 10 5, 10 5, 8 5, 7 5, 14 4, 13 3, 13 3, 4 3, 12 2, 3 2, 11 1, 11 1, 10 0, 10 0, 
		0.0299625 14 9, 13 8, 12 7, 9 7, 11 6, 11 6, 10 5, 8 5, 7 5, 14 4, 13 3, 12 2, 3 2, 11 1, 11 1, 2 1, 10 0, 4 0, 1 0, 
		0.0561798 14 9, 13 8, 12 7, 12 7, 9 7, 11 6, 11 6, 10 5, 8 5, 7 5, 14 4, 13 3, 3 2, 11 1, 11 1, 2 1, 10 0, 4 0, 1 0, 
		0.011236 14 9, 14 9, 12 7, 11 6, 8 6, 10 5, 10 5, 8 5, 7 5, 14 4, 14 4, 13 3, 13 3, 4 3, 12 2, 3 2, 11 1, 4 0, 1 0, 
		0.123596 14 9, 14 9, 12 7, 12 7, 11 6, 8 6, 10 5, 8 5, 14 4, 14 4, 13 3, 13 3, 4 3, 12 2, 12 2, 3 2, 11 1, 2 1, 10 0, 4 0, 
		0.0674157 14 9, 14 9, 13 8, 9 7, 9 6, 8 6, 10 5, 7 5, 14 4, 14 4, 13 3, 12 2, 12 2, 3 2, 11 1, 11 1, 2 1, 10 0, 1 0, 
		0.0187266 14 9, 14 9, 13 8, 12 7, 9 7, 9 6, 8 6, 10 5, 10 5, 13 3, 4 3, 12 2, 11 1, 11 1, 2 1, 10 0, 10 0, 4 0, 1 0, 
		0.0187266 14 9, 14 9, 13 8, 12 7, 9 7, 11 6, 9 6, 10 5, 8 5, 7 5, 14 4, 14 4, 13 3, 12 2, 3 2, 11 1, 10 0, 1 0, 
		0.0374532 14 9, 14 9, 13 8, 12 7, 9 7, 11 6, 9 6, 10 5, 8 5, 14 4, 14 4, 13 3, 12 2, 3 2, 11 1, 2 1, 10 0, 1 0, 
		0.0674157 14 9, 14 9, 13 8, 12 7, 12 7, 9 7, 11 6, 9 6, 8 6, 10 5, 7 5, 13 3, 4 3, 12 2, 12 2, 11 1, 10 0, 4 0, 1 0, 
		0.011236 14 9, 14 9, 13 8, 12 7, 12 7, 9 7, 11 6, 9 6, 8 5, 7 5, 13 3, 4 3, 12 2, 12 2, 11 1, 10 0, 10 0, 4 0, 1 0, 
		0.0674157 14 9, 14 9, 13 8, 12 7, 12 7, 9 7, 11 6, 9 6, 10 5, 10 5, 8 5, 7 5, 14 4, 14 4, 13 3, 3 2, 11 1, 2 1, 10 0, 10 0, 
	9 14 0.666667
		0.0108696 13 8, 9 7, 11 6, 9 6, 8 6, 8 5, 7 5, 14 4, 14 4, 13 3, 4 3, 12 2, 12 2, 3 2, 11 1, 2 1, 10 0, 10 0, 4 0, 1 0, 
		0.084058 13 8, 12 7, 9 7, 11 6, 9 6, 8 6, 10 5, 10 5, 14 4, 14 4, 13 3, 4 3, 12 2, 3 2, 11 1, 2 1, 10 0, 10 0, 4 0, 1 0, 
		0.0818841 13 8, 12 7, 12 7, 9 7, 11 6, 11 6, 9 6, 8 6, 10 5, 7 5, 14 4, 14 4, 13 3, 4 3, 12 2, 12 2, 11 1, 11 1, 10 0, 4 0, 
		0.134783 13 8, 13 8, 12 7, 12 7, 9 7, 11 6, 9 6, 10 5, 7 5, 14 4, 14 4, 13 3, 13 3, 4 3, 3 2, 11 1, 2 1, 10 0, 4 0, 1 0, 
		0.0514493 14 9, 13 8, 9 7, 11 6, 8 6, 10 5, 10 5, 8 5, 7 5, 14 4, 13 3, 4 3, 12 2, 12 2, 3 2, 11 1, 2 1, 10 0, 10 0, 
		0.0311594 14 9, 13 8, 12 7, 9 7, 11 6, 11 6, 10 5, 8 5, 14 4, 13 3, 4 3, 12 2, 11 1, 11 1, 2 1, 10 0, 1 0, 
		0.0181159 14 9, 13 8, 12 7, 9 7, 11 6, 11 6, 10 5, 10 5, 8 5, 7 5, 14 4, 13 3, 12 2, 3 2, 11 1, 11 1, 2 1, 4 0, 1 0, 
		0.042029 14 9, 13 8, 12 7, 11 6, 9 6, 10 5, 10 5, 8 5, 7 5, 14 4, 13 3, 4 3, 12 2, 11 1, 2 1, 10 0, 10 0, 
		0.0224638 14 9, 13 8, 9 7, 11 6, 11 6, 10 5, 8 5, 7 5, 14 4, 13 3, 4 3, 12 2, 12 2, 3 2, 11 1, 11 1, 2 1, 10 0, 1 0, 
		0.0768116 14 9, 13 8, 12 7, 11 6, 11 6, 9 6, 8 6, 10 5, 10 5, 8 5, 7 5, 14 4, 13 3, 4 3, 12 2, 3 2, 11 1, 11 1, 10 0, 10 0, 
		0.0688406 14 9, 13 8, 12 7, 11 6, 11 6, 9 6, 8 6, 10 5, 10 5, 8 5, 7 5, 14 4, 13 3, 4 3, 12 2, 3 2, 11 1, 11 1, 10 0, 10 0, 
		0.113768 14 9, 13 8, 12 7, 12 7, 11 6, 9 6, 8 6, 10 5, 8 5, 14 4, 13 3, 12 2, 12 2, 3 2, 11 1, 2 1, 10 0, 4 0, 1 0, 
		0.0318841 14 9, 13 8, 12 7, 12 7, 11 6, 9 6, 10 5, 8 5, 14 4, 13 3, 12 2, 12 2, 3 2, 11 1, 2 1, 10 0, 4 0, 1 0, 
		0.0268116 14 9, 13 8, 13 8, 9 7, 11 6, 11 6, 10 5, 7 5, 14 4, 13 3, 13 3, 4 3, 12 2, 12 2, 3 2, 11 1, 11 1, 2 1, 10 0, 1 0, 
		0.0695652 14 9, 13 8, 13 8, 12 7, 9 7, 11 6, 8 6, 10 5, 8 5, 14 4, 13 3, 13 3, 12 2, 11 1, 2 1, 10 0, 4 0, 1 0, 
		0.0963768 14 9, 13 8, 13 8, 12 7, 12 7, 9 7, 11 6, 8 6, 10 5, 8 5, 7 5, 14 4, 13 3, 13 3, 12 2, 12 2, 11 1, 10 0, 4 0, 1 0, 
	9 14 0.666667
		0.0108696 13 8, 9 7, 11 6, 9 6, 8 6, 8 5, 7 5, 14 4, 14 4, 13 3, 4 3, 12 2, 12 2, 3 2, 11 1, 2 1, 10 0, 10 0, 4 0, 1 0, 
		0.084058 13 8, 12 7, 9 7, 11 6, 9 6, 8 6, 10 5, 10 5, 14 4, 14 4, 13 3, 4 3, 12 2, 3 2, 11 1, 2 1, 10 0, 10 0, 4 0, 1 0, 
		0.0818841 13 8, 12 7, 12 7, 9 7, 11 6, 11 6, 9 6, 8 6, 10 5, 7 5, 14 4, 14 4, 13 3, 4 3, 12 2, 12 2, 11 1, 11 1, 10 0, 4 0, 
		0.134783 13 8, 13 8, 12 7, 12 7, 9 7, 11 6, 9 6, 10 5, 7 5, 14 4, 14 4, 13 3, 13 3, 4 3, 3 2, 11 1, 2 1, 10 0, 4 0, 1 0, 
		0.0514493 14 9, 13 8, 9 7, 11 6, 8 6, 10 5, 10 5, 8 5, 7 5, 14 4, 13 3, 4 3, 12 2, 12 2, 3 2, 11 1, 2 1, 10 0, 10 0, 
		0.0311594 14 9, 13 8, 12 7, 9 7, 11 6, 11 6, 10 5, 8 5, 14 4, 13 3, 4 3, 12 2, 11 1, 11 1, 2 1, 10 0, 1 0, 
		0.0181159 14 9, 13 8, 12 7, 9 7, 11 6, 11 6, 10 5, 10 5, 8 5, 7 5, 14 4, 13 3, 12 2, 3 2, 11 1, 11 1, 2 1, 4 0, 1 0, 
		0.042029 14 9, 13 8, 12 7, 11 6, 9 6, 10 5, 10 5, 8 5, 7 5, 14 4, 13 3, 4 3, 12 2, 11 1, 2 1, 10 0, 10 0, 
		0.0224638 14 9, 13 8, 9 7, 11 6, 11 6, 10 5, 8 5, 7 5, 14 4, 13 3, 4 3, 12 2, 12 2, 3 2, 11 1, 11 1, 2 1, 10 0, 1 0, 
		0.0768116 14 9, 13 8, 12 7, 11 6, 11 6, 9 6, 8 6, 10 5, 10 5, 8 5, 7 5, 14 4, 13 3, 4 3, 12 2, 3 2, 11 1, 11 1, 10 0, 10 0, 
		0.0688406 14 9, 13 8, 12 7, 11 6, 11 6, 9 6, 8 6, 10 5, 10 5, 8 5, 7 5, 14 4, 13 3, 4 3, 12 2, 3 2, 11 1, 11 1, 10 0, 10 0, 
		0.113768 14 9, 13 8, 12 7, 12 7, 11 6, 9 6, 8 6, 10 5, 8 5, 14 4, 13 3, 12 2, 12 2, 3 2, 11 1, 2 1, 10 0, 4 0, 1 0, 
		0.0318841 14 9, 13 8, 12 7, 12 7, 11 6, 9 6, 10 5, 8 5, 14 4, 13 3, 12 2, 12 2, 3 2, 11 1, 2 1, 10 0, 4 0, 1 0, 
		0.0268116 14 9, 13 8, 13 8, 9 7, 11 6, 11 6, 10 5, 7 5, 14 4, 13 3, 13 3, 4 3, 12 2, 12 2, 3 2, 11 1, 11 1, 2 1, 10 0, 1 0, 
		0.0695652 14 9, 13 8, 13 8, 12 7, 9 7, 11 6, 8 6, 10 5, 8 5, 14 4, 13 3, 13 3, 12 2, 11 1, 2 1, 10 0, 4 0, 1 0, 
		0.0963768 14 9, 13 8, 13 8, 12 7, 12 7, 9 7, 11 6, 8 6, 10 5, 8 5, 7 5, 14 4, 13 3, 13 3, 12 2, 12 2, 11 1, 10 0, 4 0, 1 0, 
