16
7 6, 6 5, 5 4, 6 3, 6 3, 4 3, 7 2, 7 2, 3 2, 4 1, 4 1, 2 1, 7 0, 5 0, 5 0, 1 0, 
0.555556
	0 1 5
		0.166667 5 4, 6 3, 6 3, 4 3, 7 2, 3 2, 4 1, 4 1, 7 0, 5 0, 
		0.166667 6 5, 5 4, 6 3, 7 2, 7 2, 3 2, 4 1, 2 1, 5 0, 5 0, 
		0.166667 7 6, 5 4, 6 3, 4 3, 7 2, 7 2, 4 1, 4 1, 7 0, 5 0, 
		0.333333 7 6, 6 5, 6 3, 4 3, 7 2, 3 2, 4 1, 2 1, 7 0, 5 0, 
		0.166667 7 6, 6 5, 5 4, 6 3, 6 3, 7 2, 4 1, 2 1, 5 0, 5 0, 
	0 5 3
		0.333333 6 5, 6 3, 4 3, 7 2, 7 2, 3 2, 4 1, 2 1, 5 0, 1 0, 
		0.333333 7 6, 5 4, 6 3, 4 3, 7 2, 3 2, 4 1, 4 1, 7 0, 5 0, 
		0.333333 7 6, 6 5, 5 4, 6 3, 6 3, 7 2, 4 1, 2 1, 7 0, 1 0, 
	0 5 3
		0.333333 6 5, 6 3, 4 3, 7 2, 7 2, 3 2, 4 1, 2 1, 5 0, 1 0, 
		0.333333 7 6, 5 4, 6 3, 4 3, 7 2, 3 2, 4 1, 4 1, 7 0, 5 0, 
		0.333333 7 6, 6 5, 5 4, 6 3, 6 3, 7 2, 4 1, 2 1, 7 0, 1 0, 
	0 7 3
		0.333333 5 4, 6 3, 6 3, 4 3, 7 2, 7 2, 3 2, 2 1, 5 0, 1 0, 
		0.333333 7 6, 6 5, 6 3, 6 3, 7 2, 4 1, 4 1, 2 1, 5 0, 1 0, 
		0.333333 7 6, 6 5, 5 4, 4 3, 7 2, 3 2, 4 1, 4 1, 5 0, 5 0, 
	1 2 3
		0.333333 6 3, 6 3, 4 3, 7 2, 3 2, 4 1, 7 0, 5 0, 5 0, 1 0, 
		0.333333 7 6, 6 5, 5 4, 4 3, 7 2, 3 2, 4 1, 4 1, 5 0, 5 0, 
		0.333333 7 6, 6 5, 5 4, 6 3, 6 3, 7 2, 7 2, 4 1, 7 0, 1 0, 
	1 4 3
		0.333333 5 4, 6 3, 6 3, 4 3, 7 2, 3 2, 2 1, 7 0, 5 0, 1 0, 
		0.333333 7 6, 6 5, 6 3, 4 3, 7 2, 7 2, 4 1, 7 0, 5 0, 1 0, 
		0.333333 7 6, 6 5, 5 4, 6 3, 7 2, 3 2, 4 1, 2 1, 5 0, 5 0, 
	1 4 3
		0.333333 5 4, 6 3, 6 3, 4 3, 7 2, 3 2, 2 1, 7 0, 5 0, 1 0, 
		0.333333 7 6, 6 5, 6 3, 4 3, 7 2, 7 2, 4 1, 7 0, 5 0, 1 0, 
		0.333333 7 6, 6 5, 5 4, 6 3, 7 2, 3 2, 4 1, 2 1, 5 0, 5 0, 
	2 3 5
		0.333333 6 5, 5 4, 6 3, 4 3, 7 2, 4 1, 2 1, 7 0, 5 0, 1 0, 
		0.166667 7 6, 6 3, 4 3, 7 2, 7 2, 4 1, 7 0, 5 0, 5 0, 1 0, 
		0.166667 7 6, 5 4, 6 3, 4 3, 7 2, 7 2, 4 1, 4 1, 7 0, 5 0, 
		0.166667 7 6, 6 5, 6 3, 6 3, 7 2, 4 1, 4 1, 2 1, 5 0, 1 0, 
		0.166667 7 6, 6 5, 5 4, 6 3, 6 3, 7 2, 4 1, 2 1, 5 0, 5 0, 
	2 7 3
		0.333333 6 5, 5 4, 6 3, 4 3, 7 2, 3 2, 4 1, 4 1, 7 0, 5 0, 
		0.333333 7 6, 6 3, 4 3, 3 2, 4 1, 2 1, 7 0, 5 0, 5 0, 1 0, 
		0.333333 7 6, 6 5, 5 4, 6 3, 6 3, 7 2, 4 1, 2 1, 5 0, 1 0, 
	2 7 3
		0.333333 6 5, 5 4, 6 3, 4 3, 7 2, 3 2, 4 1, 4 1, 7 0, 5 0, 
		0.333333 7 6, 6 3, 4 3, 3 2, 4 1, 2 1, 7 0, 5 0, 5 0, 1 0, 
		0.333333 7 6, 6 5, 5 4, 6 3, 6 3, 7 2, 4 1, 2 1, 5 0, 1 0, 
	3 4 3
		0.333333 6 5, 5 4, 6 3, 7 2, 7 2, 3 2, 4 1, 2 1, 5 0, 5 0, 
		0.333333 7 6, 6 3, 3 2, 4 1, 4 1, 2 1, 7 0, 5 0, 5 0, 1 0, 
		0.333333 7 6, 6 5, 5 4, 6 3, 6 3, 7 2, 7 2, 4 1, 7 0, 1 0, 
	3 6 3
		0.333333 6 5, 5 4, 6 3, 7 2, 7 2, 3 2, 4 1, 2 1, 5 0, 1 0, 
		0.333333 7 6, 6 3, 4 3, 7 2, 4 1, 2 1, 7 0, 5 0, 5 0, 1 0, 
		0.333333 7 6, 6 5, 5 4, 4 3, 7 2, 3 2, 4 1, 4 1, 7 0, 5 0, 
	3 6 3
		0.333333 6 5, 5 4, 6 3, 7 2, 7 2, 3 2, 4 1, 2 1, 5 0, 1 0, 
		0.333333 7 6, 6 3, 4 3, 7 2, 4 1, 2 1, 7 0, 5 0, 5 0, 1 0, 
		0.333333 7 6, 6 5, 5 4, 4 3, 7 2, 3 2, 4 1, 4 1, 7 0, 5 0, 
	4 5 5
		0.166667 6 3, 6 3, 4 3, 7 2, 3 2, 4 1, 7 0, 5 0, 5 0, 1 0, 
		0.166667 6 5, 6 3, 7 2, 7 2, 3 2, 4 1, 4 1, 2 1, 5 0, 1 0, 
		0.166666 7 6, 6 3, 4 3, 7 2, 7 2, 4 1, 7 0, 5 0, 5 0, 1 0, 
		0.333333 7 6, 6 5, 6 3, 4 3, 7 2, 3 2, 4 1, 2 1, 7 0, 5 0, 
		0.166667 7 6, 6 5, 6 3, 6 3, 7 2, 4 1, 4 1, 2 1, 5 0, 1 0, 
	5 6 3
		0.333333 5 4, 6 3, 6 3, 4 3, 7 2, 7 2, 3 2, 2 1, 5 0, 1 0, 
		0.333333 7 6, 6 3, 3 2, 4 1, 4 1, 2 1, 7 0, 5 0, 5 0, 1 0, 
		0.333333 7 6, 5 4, 6 3, 4 3, 7 2, 7 2, 4 1, 4 1, 7 0, 5 0, 
	6 7 5
		0.166667 6 3, 6 3, 4 3, 7 2, 3 2, 4 1, 7 0, 5 0, 5 0, 1 0, 
		0.166667 5 4, 6 3, 6 3, 4 3, 7 2, 3 2, 4 1, 4 1, 7 0, 5 0, 
		0.166667 6 5, 6 3, 7 2, 7 2, 3 2, 4 1, 4 1, 2 1, 5 0, 1 0, 
		0.166667 6 5, 5 4, 6 3, 7 2, 7 2, 3 2, 4 1, 2 1, 5 0, 5 0, 
		0.333333 6 5, 5 4, 6 3, 4 3, 7 2, 4 1, 2 1, 7 0, 5 0, 1 0, 
