30
14 9, 14 9, 13 8, 13 8, 12 7, 12 7, 9 7, 11 6, 11 6, 9 6, 8 6, 10 5, 10 5, 8 5, 7 5, 14 4, 14 4, 13 3, 13 3, 4 3, 12 2, 12 2, 3 2, 11 1, 11 1, 2 1, 10 0, 10 0, 4 0, 1 0, 
0.55
	0 1 3
		0.333333 14 9, 12 7, 9 7, 11 6, 8 6, 10 5, 8 5, 14 4, 13 3, 13 3, 4 3, 12 2, 3 2, 11 1, 2 1, 10 0, 4 0, 
		0.333333 14 9, 13 8, 12 7, 9 7, 11 6, 11 6, 9 6, 8 6, 10 5, 7 5, 14 4, 13 3, 12 2, 3 2, 11 1, 11 1, 10 0, 4 0, 
		0.333333 14 9, 13 8, 12 7, 11 6, 9 6, 10 5, 10 5, 8 5, 7 5, 14 4, 13 3, 4 3, 12 2, 11 1, 2 1, 10 0, 10 0, 
	0 4 3
		0.333333 14 9, 13 8, 12 7, 9 7, 11 6, 8 6, 10 5, 10 5, 8 5, 7 5, 14 4, 13 3, 4 3, 12 2, 11 1, 2 1, 10 0, 10 0, 
		0.333333 14 9, 13 8, 13 8, 12 7, 11 6, 9 6, 10 5, 7 5, 14 4, 13 3, 13 3, 4 3, 12 2, 3 2, 11 1, 2 1, 10 0, 1 0, 
		0.333333 14 9, 14 9, 13 8, 12 7, 9 7, 11 6, 9 6, 10 5, 8 5, 14 4, 14 4, 13 3, 12 2, 3 2, 11 1, 10 0, 1 0, 
	0 10 3
		0.333333 14 9, 13 8, 12 7, 9 7, 11 6, 9 6, 8 6, 10 5, 7 5, 14 4, 13 3, 12 2, 3 2, 11 1, 2 1, 10 0, 4 0, 
		0.333333 14 9, 13 8, 12 7, 9 7, 11 6, 9 6, 10 5, 8 5, 14 4, 13 3, 4 3, 12 2, 3 2, 11 1, 10 0, 1 0, 
		0.333333 14 9, 14 9, 13 8, 12 7, 11 6, 8 6, 10 5, 10 5, 8 5, 7 5, 14 4, 14 4, 13 3, 4 3, 12 2, 11 1, 2 1, 4 0, 1 0, 
	0 10 3
		0.333333 14 9, 13 8, 12 7, 9 7, 11 6, 9 6, 8 6, 10 5, 7 5, 14 4, 13 3, 12 2, 3 2, 11 1, 2 1, 10 0, 4 0, 
		0.333333 14 9, 13 8, 12 7, 9 7, 11 6, 9 6, 10 5, 8 5, 14 4, 13 3, 4 3, 12 2, 3 2, 11 1, 10 0, 1 0, 
		0.333333 14 9, 14 9, 13 8, 12 7, 11 6, 8 6, 10 5, 10 5, 8 5, 7 5, 14 4, 14 4, 13 3, 4 3, 12 2, 11 1, 2 1, 4 0, 1 0, 
	1 2 3
		0.333333 14 9, 13 8, 12 7, 11 6, 11 6, 9 6, 8 6, 10 5, 8 5, 7 5, 14 4, 13 3, 12 2, 3 2, 11 1, 11 1, 10 0, 4 0, 
		0.333333 14 9, 13 8, 12 7, 12 7, 9 7, 11 6, 8 6, 10 5, 7 5, 14 4, 13 3, 4 3, 12 2, 12 2, 11 1, 10 0, 1 0, 
		0.333333 14 9, 13 8, 12 7, 9 7, 11 6, 9 6, 10 5, 8 5, 14 4, 13 3, 4 3, 12 2, 3 2, 11 1, 10 0, 1 0, 
	1 11 3
		0.333333 14 9, 13 8, 12 7, 11 6, 9 6, 10 5, 8 5, 7 5, 14 4, 13 3, 4 3, 12 2, 11 1, 2 1, 10 0, 4 0, 
		0.333333 14 9, 13 8, 12 7, 9 7, 11 6, 11 6, 9 6, 8 6, 10 5, 8 5, 14 4, 13 3, 4 3, 12 2, 3 2, 2 1, 10 0, 1 0, 
		0.333333 14 9, 13 8, 12 7, 9 7, 11 6, 8 6, 10 5, 7 5, 14 4, 13 3, 12 2, 3 2, 11 1, 10 0, 4 0, 1 0, 
	1 11 3
		0.333333 14 9, 13 8, 12 7, 11 6, 9 6, 10 5, 8 5, 7 5, 14 4, 13 3, 4 3, 12 2, 11 1, 2 1, 10 0, 4 0, 
		0.333333 14 9, 13 8, 12 7, 9 7, 11 6, 11 6, 9 6, 8 6, 10 5, 8 5, 14 4, 13 3, 4 3, 12 2, 3 2, 2 1, 10 0, 1 0, 
		0.333333 14 9, 13 8, 12 7, 9 7, 11 6, 8 6, 10 5, 7 5, 14 4, 13 3, 12 2, 3 2, 11 1, 10 0, 4 0, 1 0, 
	2 3 3
		0.333333 14 9, 13 8, 12 7, 11 6, 9 6, 10 5, 8 5, 7 5, 14 4, 13 3, 4 3, 12 2, 11 1, 2 1, 10 0, 1 0, 
		0.333333 14 9, 13 8, 12 7, 12 7, 9 7, 11 6, 8 6, 10 5, 7 5, 14 4, 13 3, 4 3, 12 2, 12 2, 11 1, 10 0, 1 0, 
		0.333333 14 9, 13 8, 13 8, 12 7, 9 7, 11 6, 8 6, 10 5, 8 5, 14 4, 13 3, 13 3, 12 2, 11 1, 2 1, 10 0, 4 0, 
	2 12 