7 12

4 6
3 6
3 5
2 6
2 4
1 6
1 5
1 3
0 6
0 5
0 4
0 2
----------

11: 3 5, 0 6
Frc: 5 | 1 0 1 0 1 0 1 1 1 0 0 1 
Int: 6 | 0 0 1 0 1 1 0 1 1 1 1 1 
BDS: 6 | 1 1 1 0 1 1 1 0 1 0 0 1 

16: 1 5, 0 6
Frc: 5 | 1 0 1 0 1 0 1 1 1 0 0 1 
Int: 6 | 0 1 0 0 1 0 1 1 1 1 1 1 
BDS: 6 | 1 1 1 0 1 1 1 0 1 0 0 1 

25: 2 4, 0 6
Frc: 5 | 1 0 1 0 1 0 1 1 1 0 0 1 
Int: 6 | 0 0 1 0 1 1 0 1 1 1 1 1 
BDS: 6 | 1 1 1 0 1 1 1 0 1 0 0 1 

28: 3 5, 2 4, 0 6
Frc: 4 | 1 0 1 0 1 0 1 1 1 0 0 1 
Int: 5 | 0 0 1 0 1 1 0 1 1 1 1 1 
BDS: 5 | 1 1 1 0 1 1 1 0 1 0 0 1 

31: 2 4, 1 5, 0 6
Frc: 4 | 1 0 1 0 1 0 1 1 1 0 0 1 
Int: 5 | 1 1 1 0 1 1 1 0 1 0 0 1 
BDS: 5 | 1 1 1 0 1 1 1 0 1 0 0 1 

48: 1 3, 0 6
Frc: 5 | 1 0 1 0 1 0 1 1 1 0 0 1 
Int: 6 | 0 0 1 0 1 1 0 1 1 1 1 1 
BDS: 6 | 1 1 0 1 1 0 1 1 1 1 0 0 

53: 2 4, 1 3, 0 6
Frc: 4 | 1 0 1 0 1 0 1 1 1 0 0 1 
Int: 5 | 0 0 1 0 1 1 0 1 1 1 1 1 
BDS: 5 | 1 1 0 1 1 0 1 1 1 1 0 0 

Number of matchings : 68
