7 13

5 6
4 6
3 6
3 5
2 6
2 4
1 6
1 5
1 3
0 6
0 5
0 4
0 2
----------

12: 3 5, 0 6
Frc: 5 | 0 1 0 1 0 1 0 1 1 1 0 0 1 
Int: 6 | 0 0 0 1 0 1 1 0 1 1 1 1 1 
BDS: 6 | 1 1 0 1 0 1 1 0 1 1 0 0 1 

17: 1 5, 0 6
Frc: 5 | 0 1 0 1 0 1 0 1 1 1 0 0 1 
Int: 6 | 1 1 1 0 0 1 0 1 1 1 0 0 1 
BDS: 6 | 1 1 1 0 0 1 0 1 1 1 0 0 1 

24: 5 6, 2 4
Frc: 5 | 1 0 1 0 0 1 0 1 1 0 0 1 1 
Int: 6 | 1 1 1 0 0 1 0 1 1 1 0 0 1 
BDS: 6 | 1 0 1 0 1 1 0 1 1 1 0 1 0 

27: 2 4, 0 6
Frc: 5 | 0 1 0 1 0 1 0 1 1 1 0 0 1 
Int: 6 | 0 0 0 1 0 1 1 0 1 1 1 1 1 
BDS: 6 | 1 1 0 1 0 1 1 0 1 1 0 0 1 

30: 3 5, 2 4, 0 6
Frc: 4 | 0 1 0 1 0 1 0 1 1 1 0 0 1 
Int: 5 | 0 0 0 1 0 1 1 0 1 1 1 1 1 
BDS: 5 | 1 1 0 1 0 1 1 0 1 1 0 0 1 

33: 2 4, 1 5, 0 6
Frc: 4 | 0 1 0 1 0 1 0 1 1 1 0 0 1 
Int: 5 | 1 0 1 0 1 1 0 1 1 1 0 1 0 
BDS: 5 | 1 1 1 0 0 1 0 1 1 1 0 0 1 

38: 5 6, 0 4
Frc: 5 | 1 0 1 0 0 1 0 1 1 0 0 1 1 
Int: 6 | 1 0 0 1 1 1 0 1 1 0 1 1 0 
BDS: 6 | 1 0 1 0 1 1 0 1 1 1 0 1 0 

49: 5 6, 1 3
Frc: 5 | 1 0 0 1 0 1 1 0 1 0 0 1 1 
Int: 6 | 1 1 0 1 1 0 1 0 1 0 0 1 1 
BDS: 6 | 1 0 0 1 1 1 1 0 1 1 0 1 0 

52: 1 3, 0 6
Frc: 5 | 0 1 0 1 0 1 0 1 1 1 0 0 1 
Int: 6 | 0 0 0 1 0 1 1 0 1 1 1 1 1 
BDS: 6 | 1 1 0 1 0 1 1 0 1 1 0 0 1 

57: 5 6, 2 4, 1 3
Frc: 4 | 1 0 0 1 0 1 1 0 1 0 0 1 1 
Int: 5 | 1 1 0 1 0 1 1 0 1 1 0 0 1 
BDS: 5 | 1 0 0 1 1 1 1 0 1 1 0 1 0 

58: 2 4, 1 3, 0 6
Frc: 4 | 0 1 0 1 0 1 0 1 1 1 0 0 1 
Int: 5 | 0 0 0 1 0 1 1 0 1 1 1 1 1 
BDS: 5 | 1 1 0 1 0 1 1 0 1 1 0 0 1 

61: 5 6, 1 3, 0 4
Frc: 4 | 1 0 0 1 0 1 1 0 1 0 0 1 1 
Int: 5 | 1 1 0 1 1 0 1 0 1 0 0 1 1 
BDS: 5 | 1 0 0 1 1 1 1 0 1 1 0 1 0 

64: 5 6, 0 2
Frc: 5 | 1 0 1 0 0 1 0 1 1 0 0 1 1 
Int: 6 | 1 1 1 0 0 1 0 1 1 1 0 0 1 
BDS: 6 | 1 1 1 0 0 1 0 1 1 1 0 0 1 

75: 5 6, 1 3, 0 2
Frc: 4 | 1 0 1 0 0 1 0 1 1 0 0 1 1 
Int: 5 | 1 1 0 1 0 1 1 0 1 1 0 0 1 
BDS: 5 | 1 1 1 0 0 1 0 1 1 1 0 0 1 

Number of matchings : 76
