7 15

5 6
4 6
4 5
3 6
3 5
2 6
2 5
2 4
1 6
1 5
1 3
0 6
0 5
0 4
0 2
----------

34: 5 6, 2 4
Frc: 5 | 1 0 0 1 0 0 0 1 0 1 1 0 0 1 1 
Int: 6 | 1 0 1 1 0 0 0 1 0 1 1 0 1 0 1 
BDS: 6 | 1 0 0 1 0 1 0 1 0 1 1 1 0 1 0 

48: 5 6, 0 4
Frc: 5 | 1 0 0 0 1 0 0 1 1 0 1 0 0 1 1 
Int: 6 | 1 0 0 0 1 1 0 1 0 1 1 0 1 1 0 
BDS: 6 | 1 0 0 0 1 1 0 1 1 0 1 1 0 1 0 

62: 5 6, 1 3
Frc: 5 | 1 0 0 0 1 0 0 1 1 0 1 0 0 1 1 
Int: 6 | 1 1 0 0 1 1 0 0 1 0 1 0 0 1 1 
BDS: 6 | 1 0 0 0 1 1 0 1 1 0 1 1 0 1 0 

76: 5 6, 2 4, 1 3
Frc: 4 | 1 0 0 0 1 0 0 1 1 0 1 0 0 1 1 
Int: 5 | 1 1 0 0 1 0 0 1 1 0 1 1 0 0 1 
BDS: 5 | 1 0 0 0 1 1 0 1 1 0 1 1 0 1 0 

80: 5 6, 1 3, 0 4
Frc: 4 | 1 0 0 0 1 0 0 1 1 0 1 0 0 1 1 
Int: 5 | 1 1 0 0 1 1 0 0 1 0 1 0 0 1 1 
BDS: 5 | 1 0 0 0 1 1 0 1 1 0 1 1 0 1 0 

84: 5 6, 0 2
Frc: 5 | 1 0 0 1 0 0 0 1 0 1 1 0 0 1 1 
Int: 6 | 1 1 0 1 0 1 0 0 0 1 1 0 0 1 1 
BDS: 6 | 1 1 0 1 0 0 0 1 0 1 1 1 0 0 1 

98: 5 6, 1 3, 0 2
Frc: 4 | 1 0 0 1 0 0 0 1 0 1 1 0 0 1 1 
Int: 5 | 1 1 0 0 1 1 0 0 1 0 1 0 0 1 1 
BDS: 5 | 1 1 0 1 0 0 0 1 0 1 1 1 0 0 1 

Number of matchings : 100
