16 24

8 15
7 13
7 12
6 15
6 14
6 13
5 15
5 14
5 12
4 14
4 13
4 9
3 11
3 10
3 9
2 12
2 11
2 8
1 11
1 10
1 8
0 10
0 9
0 7
----------

7001: 7 13, 6 15, 5 12, 4 14, 3 10, 2 8, 1 11, 0 9
Frc: 8 | 0.5 1 0.5 1 0.5 0.5 0.5 0.5 1 1 0.5 0.5 0.5 1 0.5 0.5 0.5 1 1 0.5 0.5 0.5 1 0.5 
Int: 9 | 1 1 1 1 1 0 0 1 1 1 1 0 0 1 1 0 1 1 1 1 0 0 1 1 
BDS: 11 | 1 1 1 1 1 1 1 0 1 1 0 1 1 1 0 1 1 1 1 1 0 1 1 0 

7139: 7 13, 6 15, 5 12, 4 14, 3 11, 2 8, 1 10, 0 9
Frc: 8 | 0.5 1 0.5 1 0.5 0.5 0.5 0.5 1 1 0.5 0.5 1 0.5 0.5 0.5 0.5 1 0.5 1 0.5 0.5 1 0.5 
Int: 9 | 1 1 1 1 0 1 0 1 1 1 0 1 1 0 1 0 1 1 0 1 1 1 1 0 
BDS: 11 | 1 1 1 1 1 1 1 0 1 1 0 1 1 1 0 1 1 1 1 1 0 1 1 0 

Number of matchings : 11204
