16 24

7 15
7 14
7 13
6 15
6 14
6 12
5 15
5 13
5 11
4 14
4 12
4 10
3 13
3 11
3 9
2 12
2 10
2 8
1 11
1 9
1 8
0 10
0 9
0 8
----------

5720: 7 14, 6 15, 5 13, 4 12, 3 9, 2 8, 1 11, 0 10
Frc: 8 | 0.5 1 0.5 1 0.5 0.5 0.5 1 0.5 0.5 1 0.5 0.5 0.5 1 0.5 0.5 1 1 0 1 1 1 0 
Int: 9 | 0 1 1 1 1 0 1 1 1 0 1 1 1 0 1 1 0 1 1 0 1 1 1 0 
BDS: 11 | 1 1 1 1 1 1 0 1 1 0 1 1 1 0 1 1 0 1 1 1 1 1 1 0 

6208: 7 14, 6 15, 5 11, 4 12, 3 13, 2 8, 1 9, 0 10
Frc: 8 | 0.5 1 0.5 1 0.5 0.5 0.5 0.5 1 0.5 1 0.5 1 0.5 0.5 0.5 0.5 1 0.5 1 0.5 1 0.5 0.5 
Int: 9 | 0 1 1 1 0 1 1 0 1 1 1 0 1 0 1 0 1 1 1 1 1 1 1 0 
BDS: 11 | 1 1 1 1 1 1 1 0 1 0 1 1 1 1 0 1 0 1 1 1 1 1 1 0 

8805: 7 13, 6 14, 5 15, 4 10, 3 11, 2 12, 1 8, 0 9
Frc: 8 | 0.5 0.5 1 0.5 1 0.5 1 0.5 0.5 0.5 0.5 1 0.5 1 0.5 1 0 1 0.5 0.5 1 1 1 0 
Int: 9 | 0 1 1 1 1 1 1 1 0 1 0 1 0 1 1 1 0 1 1 0 1 1 1 0 
BDS: 11 | 1 1 1 0 1 1 1 1 1 1 0 1 0 1 1 1 1 1 1 0 1 1 1 0 

11308: 7 15, 6 12, 5 11, 4 14, 3 13, 2 10, 1 9, 0 8
Frc: 8 | 1 0.5 0.5 0.5 0.5 1 0.5 0.5 1 1 0.5 0.5 1 0.5 0.5 0.5 1 0.5 0.5 1 0.5 0.5 0.5 1 
Int: 10 | 1 1 1 0 1 1 1 0 1 1 0 1 1 1 1 1 1 0 0 1 1 1 0 1 
BDS: 11 | 1 1 1 1 0 1 1 0 1 1 0 1 1 1 1 1 1 1 1 1 0 1 0 1 

Number of matchings : 11396
