16 24

7 15
7 14
7 13
6 15
6 13
6 12
5 15
5 14
5 10
4 12
4 11
4 10
3 14
3 13
3 9
2 12
2 11
2 8
1 11
1 9
1 8
0 10
0 9
0 8
----------

5665: 7 13, 6 15, 5 14, 4 12, 3 9, 2 8, 1 11, 0 10
Frc: 8 | 0.5 0.5 1 1 0.5 0.5 0.5 1 0.5 1 0.5 0.5 0.5 0.5 1 0.5 0.5 1 1 1 0 1 0 1 
Int: 8 | 0 1 1 1 0 1 1 1 0 1 0 1 0 1 1 0 1 1 1 1 0 1 0 1 
BDS: 11 | 1 1 1 1 1 1 0 1 1 1 1 0 1 0 1 1 0 1 1 1 1 1 1 0 

8255: 7 13, 6 15, 5 14, 4 11, 3 9, 2 12, 1 8, 0 10
Frc: 8 | 0.5 0.5 1 1 0.5 0.5 0.5 1 0.5 0.5 1 0.5 0.5 0.5 1 1 0.5 0.5 0.5 0.5 1 1 0.5 0.5 
Int: 8 | 0 1 1 1 0 1 1 1 0 0 1 1 0 1 1 1 0 1 1 0 1 1 1 0 
BDS: 11 | 1 1 1 1 1 1 0 1 1 1 1 0 1 0 1 1 1 0 1 1 1 1 0 1 

8855: 7 15, 6 13, 5 10, 4 12, 3 14, 2 11, 1 8, 0 9
Frc: 8 | 1 0.5 0.5 0.5 1 0.5 0.5 0.5 1 1 0.5 0.5 1 0.5 0.5 0.5 1 0.5 0.5 0.5 1 0.5 1 0.5 
Int: 8 | 1 1 0 0 1 1 1 0 1 1 1 0 1 1 0 0 1 1 0 1 1 1 1 0 
BDS: 11 | 1 1 1 1 1 1 1 0 1 1 1 1 1 0 1 0 1 1 0 1 1 1 1 0 

11129: 7 15, 6 13, 5 10, 4 12, 3 14, 2 11, 1 9, 0 8
Frc: 8 | 1 0.5 0.5 0.5 1 0.5 0.5 0.5 1 1 0.5 0.5 1 0.5 0.5 0.5 1 0.5 0.5 1 0.5 0.5 0.5 1 
Int: 9 | 1 0 1 0 1 1 1 1 1 1 1 0 1 0 1 0 1 1 0 1 1 1 0 1 
BDS: 11 | 1 1 1 1 1 1 1 0 1 1 1 1 1 0 1 1 1 0 0 1 1 1 0 1 

Number of matchings : 11304
