16 24

8 11
7 12
7 11
6 15
6 14
6 13
5 13
5 12
5 11
4 15
4 12
4 9
3 13
3 10
3 9
2 15
2 14
2 8
1 10
1 9
1 8
0 14
0 10
0 7
----------

6496: 7 11, 6 15, 5 13, 4 12, 3 9, 2 8, 1 10, 0 14
Frc: 8 | 0.5 0.5 1 1 0.5 0.5 1 0.5 0.5 0.5 1 0.5 0.5 0.5 1 0.5 0.5 1 1 0.5 0.5 1 0.5 0.5 
Int: 9 | 0 0 1 1 0 1 1 1 1 0 1 1 0 1 1 1 1 1 1 0 1 1 0 1 
BDS: 11 | 1 1 1 1 1 0 1 1 0 1 1 1 1 1 1 1 0 1 1 0 1 1 1 0 

7043: 7 11, 6 14, 5 12, 4 15, 3 13, 2 8, 1 9, 0 10
Frc: 8 | 0.5 0.5 1 0.5 1 0.5 0.5 1 0.5 1 0.5 0.5 1 0.5 0.5 0.5 0.5 1 0.5 1 0.5 0.5 1 0.5 
Int: 8 | 1 0 1 1 1 0 1 1 0 1 1 0 1 0 1 0 1 1 1 1 0 0 1 1 
BDS: 11 | 1 1 1 1 1 1 1 1 0 1 1 1 1 1 0 0 1 1 1 1 0 1 1 0 

Number of matchings : 11142
