16 24

8 12
7 15
7 14
6 15
6 14
6 13
5 15
5 13
5 11
4 12
4 11
4 9
3 11
3 10
3 9
2 14
2 10
2 8
1 10
1 9
1 8
0 13
0 12
0 7
----------

7150: 7 14, 6 13, 5 15, 4 11, 3 10, 2 8, 1 9, 0 12
Frc: 8 | 0.5 0.5 1 0.5 0.5 1 1 0.5 0.5 0.5 1 0.5 0.5 1 0.5 0.5 0.5 1 0.5 1 0.5 0.5 1 0.5 
Int: 9 | 1 1 1 0 1 1 1 0 1 0 1 1 0 1 1 0 1 1 1 1 0 1 1 0 
BDS: 11 | 1 1 1 1 0 1 1 1 1 1 1 1 1 1 0 1 0 1 1 1 0 1 1 0 

7157: 7 15, 6 14, 5 13, 4 11, 3 10, 2 8, 1 9, 0 12
Frc: 8 | 0.5 1 0.5 0.5 1 0.5 0.5 1 0.5 0.5 1 0.5 0.5 1 0.5 0.5 0.5 1 0.5 1 0.5 0.5 1 0.5 
Int: 9 | 0 1 0 0 1 1 1 1 0 1 1 0 1 1 1 1 0 1 1 1 1 0 1 1 
BDS: 11 | 1 1 1 1 1 0 1 1 1 1 1 1 1 1 0 1 0 1 1 1 0 1 1 0 

Number of matchings : 11188
