16 24

8 11
7 14
7 13
6 15
6 14
6 13
5 15
5 14
5 11
4 12
4 11
4 9
3 13
3 10
3 9
2 12
2 10
2 8
1 10
1 9
1 8
0 15
0 12
0 7
----------

8933: 7 13, 6 14, 5 15, 4 11, 3 9, 2 10, 1 8, 0 12
Frc: 8 | 0.5 0.5 1 0.5 1 0.5 1 0.5 0.5 0.5 1 0.5 0.5 0.5 1 0.5 1 0.5 0.5 0.5 1 0.5 1 0.5 
Int: 9 | 1 1 1 1 1 0 1 0 1 0 1 1 1 0 1 1 1 0 1 0 1 1 1 0 
BDS: 11 | 1 1 1 1 1 0 1 1 0 1 1 1 1 1 1 1 1 0 1 0 1 1 1 0 

8935: 7 13, 6 15, 5 14, 4 11, 3 9, 2 10, 1 8, 0 12
Frc: 8 | 0.5 0.5 1 1 0.5 0.5 0.5 1 0.5 0.5 1 0.5 0.5 0.5 1 0.5 1 0.5 0.5 0.5 1 0.5 1 0.5 
Int: 9 | 0 1 1 1 0 1 0 1 1 0 1 1 0 1 1 1 1 1 0 1 1 1 1 0 
BDS: 11 | 1 1 1 1 1 0 1 1 0 1 1 1 1 1 1 1 1 0 1 0 1 1 1 0 

Number of matchings : 11130
