16 24

8 12
7 14
7 13
6 15
6 14
6 12
5 15
5 14
5 10
4 13
4 12
4 9
3 13
3 11
3 9
2 15
2 11
2 8
1 10
1 9
1 8
0 11
0 10
0 7
----------

6527: 7 13, 6 14, 5 15, 4 12, 3 9, 2 8, 1 10, 0 11
Frc: 8 | 0.5 0.5 1 0.5 1 0.5 1 0.5 0.5 0.5 1 0.5 0.5 0.5 1 0.5 0.5 1 1 0.5 0.5 1 0.5 0.5 
Int: 9 | 0 0 1 0 1 1 1 1 0 0 1 1 1 0 1 1 1 1 1 0 1 1 1 1 
BDS: 11 | 1 1 1 1 1 0 1 1 1 1 1 1 0 1 1 1 0 1 1 1 0 1 1 0 

8834: 7 14, 6 12, 5 15, 4 13, 3 9, 2 11, 1 8, 0 10
Frc: 8 | 0.5 1 0.5 0.5 0.5 1 1 0.5 0.5 1 0.5 0.5 0.5 0.5 1 0.5 1 0.5 0.5 0.5 1 0.5 1 0.5 
Int: 9 | 0 1 0 0 1 1 1 0 1 1 1 0 1 0 1 1 1 1 0 1 1 1 1 1 
BDS: 11 | 1 1 1 1 1 1 1 0 1 1 1 0 1 1 1 1 1 0 0 1 1 1 1 0 

Number of matchings : 11048
