16 24

7 15
7 14
7 12
6 13
6 12
6 11
5 15
5 13
5 10
4 13
4 12
4 10
3 15
3 14
3 9
2 14
2 11
2 8
1 11
1 9
1 8
0 10
0 9
0 8
----------

8966: 7 12, 6 13, 5 15, 4 10, 3 14, 2 11, 1 8, 0 9
Frc: 8 | 0.5 0.5 1 1 0.5 0.5 1 0.5 0.5 0.5 0.5 1 0.5 1 0.5 0.5 1 0.5 0.5 0.5 1 0.5 1 0.5 
Int: 8 | 0 1 1 1 0 1 1 1 0 0 1 1 1 1 0 0 1 1 0 1 1 1 1 0 
BDS: 11 | 1 1 1 1 1 1 1 1 1 1 0 1 0 1 1 0 1 1 0 1 1 1 1 0 

11061: 7 15, 6 12, 5 10, 4 13, 3 14, 2 11, 1 9, 0 8
Frc: 8 | 1 0.5 0.5 0.5 1 0.5 0.5 0.5 1 1 0.5 0.5 0.5 1 0.5 0.5 1 0.5 0.5 1 0.5 0.5 0.5 1 
Int: 9 | 1 0 1 0 1 1 1 1 1 1 1 0 0 1 1 1 1 0 0 1 1 1 0 1 
BDS: 11 | 1 1 1 1 1 1 1 0 1 1 0 1 1 1 1 0 1 1 1 1 0 1 0 1 

Number of matchings : 11252
