16 24

8 15
7 15
7 14
6 15
6 14
6 13
5 14
5 13
5 12
4 13
4 12
4 11
3 12
3 11
3 10
2 11
2 10
2 9
1 10
1 9
1 8
0 9
0 8
0 7
----------

6688: 7 14, 6 15, 5 13, 4 11, 3 12, 2 10, 1 8, 0 9
Frc: 8 | 1 0 1 1 0.5 0.5 0.5 1 0.5 0.5 0.5 1 1 0.5 0.5 0.5 1 0.5 0.5 0.5 1 1 0 1 
Int: 9 | 1 0 1 1 0 1 1 1 1 1 0 1 1 1 0 0 1 1 1 0 1 1 0 1 
BDS: 11 | 1 1 1 1 1 1 0 1 1 1 0 1 1 1 1 0 1 1 1 0 1 1 1 0 

8311: 7 14, 6 15, 5 13, 4 11, 3 12, 2 9, 1 10, 0 8
Frc: 8 | 0.5 0.5 1 1 0.5 0.5 0.5 1 0.5 0.5 0.5 1 1 0.5 0.5 0.5 0.5 1 1 0.5 0.5 0.5 1 0.5 
Int: 9 | 1 0 1 1 1 0 0 1 1 1 0 1 1 0 1 1 0 1 1 0 1 1 1 1 
BDS: 11 | 1 1 1 1 1 0 1 1 1 1 0 1 1 1 1 1 0 1 1 1 0 1 1 0 

8882: 7 15, 6 13, 5 14, 4 12, 3 10, 2 11, 1 9, 0 8
Frc: 8 | 0.5 1 0.5 0.5 0.5 1 1 0.5 0.5 0.5 1 0.5 0.5 0.5 1 1 0.5 0.5 0.5 1 0.5 0.5 1 0.5 
Int: 10 | 0 1 0 1 1 1 1 0 1 1 1 1 0 1 1 1 1 1 0 1 1 0 1 1 
BDS: 11 | 1 1 1 1 0 1 1 1 0 1 1 1 1 0 1 1 1 1 1 1 0 1 1 0 

9039: 7 15, 6 13, 5 14, 4 11, 3 12, 2 10, 1 9, 0 8
Frc: 8 | 0.5 1 0.5 0.5 0.5 1 1 0.5 0.5 0.5 0.5 1 1 0.5 0.5 0.5 1 0.5 0.5 1 0.5 0.5 1 0.5 
Int: 9 | 1 1 1 1 0 1 1 0 1 1 0 1 1 1 0 1 1 0 1 1 0 1 1 0 
BDS: 11 | 1 1 1 1 0 1 1 1 1 1 0 1 1 1 1 0 1 1 1 1 0 1 1 0 

Number of matchings : 11394
