16 24

8 13
7 15
7 14
6 15
6 14
6 13
5 13
5 12
5 11
4 15
4 12
4 10
3 14
3 11
3 9
2 11
2 10
2 9
1 10
1 9
1 8
0 12
0 8
0 7
----------

7921: 7 15, 6 14, 5 13, 4 12, 3 9, 2 11, 1 10, 0 8
Frc: 8 | 0.5 1 0.5 0.5 1 0.5 1 0.5 0.5 0.5 1 0.5 0.5 0.5 1 1 0.5 0.5 1 0.5 0.5 0.5 1 0.5 
Int: 9 | 0 1 1 0 1 1 1 0 1 1 1 0 0 1 1 1 1 0 1 1 1 1 1 0 
BDS: 11 | 1 1 1 0 1 1 1 1 1 1 1 0 1 0 1 1 1 1 1 1 0 1 1 0 

8916: 7 15, 6 14, 5 13, 4 12, 3 11, 2 10, 1 9, 0 8
Frc: 8 | 0.5 1 0.5 0.5 1 0.5 1 0.5 0.5 0.5 1 0.5 0.5 1 0.5 0.5 1 0.5 0.5 1 0.5 0.5 1 0.5 
Int: 9 | 0 1 1 0 1 1 1 0 1 1 1 0 0 1 1 0 1 1 1 1 1 1 1 0 
BDS: 11 | 1 1 1 0 1 1 1 1 1 1 1 0 1 1 1 1 1 0 1 1 0 1 1 0 

Number of matchings : 11118
