16 24

8 15
8 14
7 12
7 11
6 15
6 12
5 14
5 13
5 12
4 13
4 11
4 10
3 14
3 13
3 9
2 11
2 10
2 8
1 15
1 9
1 7
0 10
0 9
0 6
----------

6649: 7 12, 6 15, 5 13, 4 11, 3 14, 2 8, 1 9, 0 10
Frc: 8 | 0.5 0.5 1 0.5 1 0.5 0.5 1 0.5 0.5 1 0.5 1 0.5 0.5 0.5 0.5 1 0.5 1 0.5 1 0.5 0.5 
Int: 9 | 0 1 1 0 1 0 0 1 1 0 1 1 1 1 0 1 0 1 1 1 1 1 1 1 
BDS: 11 | 1 1 1 1 1 1 1 1 0 0 1 1 1 1 1 1 0 1 1 1 0 1 1 0 

8509: 8 15, 6 12, 5 13, 4 11, 3 14, 2 10, 1 7, 0 9
Frc: 8 | 1 0.5 0.5 0.5 0.5 1 0.5 1 0.5 0.5 1 0.5 1 0.5 0.5 0.5 1 0.5 0.5 0.5 1 0.5 1 0.5 
Int: 9 | 1 1 1 0 0 1 1 1 0 1 1 0 1 0 1 1 1 0 1 0 1 1 1 1 
BDS: 11 | 1 1 1 1 1 1 1 1 0 1 1 1 1 0 1 1 1 0 1 0 1 1 1 0 

Number of matchings : 11068
