16 24

8 14
8 12
7 13
7 11
6 12
6 11
5 15
5 14
5 13
4 15
4 13
4 10
3 15
3 14
3 9
2 11
2 10
2 8
1 12
1 9
1 7
0 10
0 9
0 6
----------

6623: 7 11, 6 12, 5 15, 4 13, 3 14, 2 8, 1 9, 0 10
Frc: 8 | 0.5 0.5 0.5 1 1 0.5 1 0.5 0.5 0.5 1 0.5 0.5 1 0.5 0.5 0.5 1 0.5 1 0.5 1 0.5 0.5 
Int: 9 | 1 0 1 1 1 0 1 0 1 1 0 1 0 1 1 1 0 1 1 1 0 1 0 1 
BDS: 11 | 1 1 1 1 1 1 1 1 0 0 1 1 1 1 1 1 0 1 1 1 0 1 1 0 

8512: 8 12, 6 11, 5 15, 4 13, 3 14, 2 10, 1 7, 0 9
Frc: 8 | 0.5 1 0.5 0.5 0.5 1 1 0.5 0.5 0.5 1 0.5 0.5 1 0.5 0.5 1 0.5 0.5 0.5 1 0.5 1 0.5 
Int: 9 | 1 1 1 0 0 1 1 1 0 0 1 1 1 0 1 1 1 0 1 0 1 0 1 1 
BDS: 11 | 1 1 1 1 1 1 1 1 0 1 1 1 0 1 1 1 1 0 1 0 1 1 1 0 

Number of matchings : 11050
