16 24

8 11
7 12
7 11
6 14
6 13
6 12
5 15
5 14
5 11
4 15
4 14
4 10
3 13
3 12
3 9
2 13
2 10
2 9
1 10
1 9
1 8
0 15
0 8
0 7
----------

7892: 7 11, 6 12, 5 15, 4 14, 3 9, 2 13, 1 10, 0 8
Frc: 8 | 0.5 0.5 1 0.5 0.5 1 1 0.5 0.5 0.5 1 0.5 0.5 0.5 1 1 0.5 0.5 1 0.5 0.5 0.5 1 0.5 
Int: 9 | 1 1 1 0 1 1 1 1 0 0 1 1 0 1 1 1 0 1 1 1 0 1 1 0 
BDS: 11 | 1 1 1 1 1 1 1 1 0 1 1 1 1 0 1 1 1 0 1 1 0 1 1 0 

10658: 8 11, 6 12, 5 15, 4 14, 3 13, 2 10, 1 9, 0 7
Frc: 8 | 1 0.5 0.5 0.5 0.5 1 1 0.5 0.5 0 1 1 1 0.5 0.5 0.5 1 0.5 0 1 1 1 0 1 
Int: 8 | 1 1 0 1 0 1 1 0 1 0 1 1 1 0 1 1 1 0 0 1 1 1 0 1 
BDS: 11 | 1 1 1 1 1 1 1 1 0 1 1 1 1 0 1 1 1 0 0 1 1 1 0 1 

Number of matchings : 11210
