16 24

8 15
8 14
7 14
7 13
6 15
6 13
5 12
5 11
5 10
4 15
4 14
4 9
3 12
3 11
3 9
2 13
2 12
2 8
1 11
1 10
1 7
0 10
0 9
0 6
----------

6923: 7 14, 6 13, 5 10, 4 15, 3 12, 2 8, 1 11, 0 9
Frc: 8 | 0.5 0.5 1 0.5 0.5 1 0.5 0.5 1 1 0.5 0.5 1 0.5 0.5 0.5 0.5 1 1 0.5 0.5 0.5 1 0.5 
Int: 8 | 0 1 1 0 1 1 1 0 1 1 0 1 1 1 0 1 0 1 1 0 1 1 1 0 
BDS: 11 | 1 1 1 1 1 1 1 1 1 1 0 1 1 1 0 1 0 1 1 0 1 1 1 0 

7049: 7 14, 6 13, 5 12, 4 15, 3 11, 2 8, 1 10, 0 9
Frc: 8 | 0.5 0.5 1 0.5 0.5 1 1 0.5 0.5 1 0.5 0.5 0.5 1 0.5 0.5 0.5 1 0.5 1 0.5 0.5 1 0.5 
Int: 8 | 1 0 1 1 0 1 1 0 1 1 1 0 0 1 1 0 1 1 1 1 0 0 1 1 
BDS: 11 | 1 1 1 1 1 1 1 0 1 1 0 1 1 1 0 1 0 1 1 1 1 1 1 0 

Number of matchings : 11102
