16 24

8 12
7 14
7 12
6 15
6 14
6 13
5 15
5 14
5 11
4 13
4 12
4 11
3 15
3 13
3 9
2 11
2 10
2 8
1 10
1 9
1 8
0 10
0 9
0 7
----------

7015: 7 12, 6 14, 5 11, 4 13, 3 15, 2 8, 1 10, 0 9
Frc: 8 | 0.5 0.5 1 0.5 1 0.5 0.5 0.5 1 1 0.5 0.5 1 0.5 0.5 0.5 0.5 1 1 0.5 0.5 0.5 1 0.5 
Int: 9 | 0 0 1 0 1 1 1 1 1 1 1 0 1 0 1 1 0 1 1 0 1 1 1 1 
BDS: 11 | 1 1 1 1 1 1 1 0 1 1 0 1 1 0 1 1 1 1 1 1 0 1 1 0 

7087: 7 12, 6 14, 5 15, 4 11, 3 13, 2 8, 1 10, 0 9
Frc: 8 | 0.5 0.5 1 0.5 1 0.5 1 0.5 0.5 0.5 0.5 1 0.5 1 0.5 0.5 0.5 1 1 0.5 0.5 0.5 1 0.5 
Int: 9 | 0 1 1 1 0 1 1 1 0 0 1 1 0 1 1 1 0 1 1 0 1 1 1 0 
BDS: 11 | 1 1 1 1 1 1 1 0 1 1 0 1 0 1 1 1 1 1 1 1 0 1 1 0 

Number of matchings : 11182
