16 24

8 14
7 12
7 11
6 15
6 14
6 13
5 15
5 13
5 12
4 13
4 12
4 11
3 15
3 14
3 9
2 11
2 10
2 8
1 10
1 9
1 8
0 10
0 9
0 7
----------

6659: 7 11, 6 15, 5 12, 4 13, 3 14, 2 8, 1 9, 0 10
Frc: 8 | 0.5 0.5 1 1 0.5 0.5 0.5 0.5 1 1 0.5 0.5 0.5 1 0.5 0.5 0.5 1 0.5 1 0.5 1 0.5 0.5 
Int: 9 | 0 0 1 1 1 0 1 1 1 1 1 1 0 1 1 0 1 1 0 1 1 1 0 1 
BDS: 11 | 1 1 1 1 0 1 1 0 1 1 1 0 1 1 1 1 1 1 1 1 0 1 1 0 

6674: 7 11, 6 13, 5 15, 4 12, 3 14, 2 8, 1 9, 0 10
Frc: 8 | 0.5 0.5 1 0.5 0.5 1 1 0.5 0.5 0.5 1 0.5 0.5 1 0.5 0.5 0.5 1 0.5 1 0.5 1 0.5 0.5 
Int: 9 | 1 0 1 0 1 1 1 0 1 1 1 0 1 1 1 1 0 1 1 1 0 1 0 1 
BDS: 11 | 1 1 1 0 1 1 1 1 0 1 1 0 1 1 1 1 1 1 1 1 0 1 1 0 

7130: 7 11, 6 13, 5 15, 4 12, 3 14, 2 8, 1 10, 0 9
Frc: 8 | 0.5 0.5 1 0.5 0.5 1 1 0.5 0.5 0.5 1 0.5 0.5 1 0.5 0.5 0.5 1 1 0.5 0.5 0.5 1 0.5 
Int: 9 | 1 0 1 1 0 1 1 1 1 0 1 1 1 1 0 0 1 1 1 1 0 0 1 1 
BDS: 11 | 1 1 1 1 1 1 1 1 0 1 1 0 0 1 1 1 1 1 1 1 0 1 1 0 

Number of matchings : 11246
