16 24

8 14
7 15
7 13
6 15
6 14
6 13
5 15
5 14
5 12
4 13
4 12
4 11
3 12
3 10
3 9
2 11
2 10
2 8
1 11
1 9
1 8
0 10
0 9
0 7
----------

7131: 7 15, 6 13, 5 14, 4 12, 3 10, 2 8, 1 11, 0 9
Frc: 8 | 0.5 1 0.5 0.5 0.5 1 0.5 1 0.5 0.5 1 0.5 0.5 1 0.5 0.5 0.5 1 1 0.5 0.5 0.5 1 0.5 
Int: 9 | 0 1 1 1 1 1 0 1 1 0 1 1 0 1 1 0 1 1 1 0 1 0 1 1 
BDS: 11 | 1 1 1 1 0 1 1 1 0 1 1 1 1 1 1 0 1 1 1 1 0 1 1 0 

8409: 7 15, 6 13, 5 14, 4 12, 3 9, 2 11, 1 8, 0 10
Frc: 8 | 0.5 1 0.5 0.5 0.5 1 0.5 1 0.5 0.5 1 0.5 0.5 0.5 1 1 0.5 0.5 0.5 0.5 1 1 0.5 0.5 
Int: 9 | 0 1 1 1 1 1 0 1 1 0 1 1 0 1 1 1 0 1 0 1 1 1 0 1 
BDS: 11 | 1 1 1 1 0 1 1 1 0 1 1 1 1 1 1 1 1 0 0 1 1 1 1 0 

Number of matchings : 11188
