16 24

8 14
7 13
7 12
6 15
6 14
6 13
5 15
5 14
5 12
4 15
4 13
4 11
3 12
3 10
3 9
2 11
2 10
2 8
1 11
1 9
1 8
0 10
0 9
0 7
----------

7090: 7 12, 6 13, 5 14, 4 15, 3 10, 2 8, 1 11, 0 9
Frc: 8 | 0.5 0.5 1 0.5 0.5 1 0.5 1 0.5 1 0.5 0.5 0.5 1 0.5 0.5 0.5 1 1 0.5 0.5 0.5 1 0.5 
Int: 9 | 0 1 1 0 1 1 1 1 0 1 0 1 1 1 0 0 1 1 1 1 1 1 1 0 
BDS: 11 | 1 1 1 1 0 1 1 1 0 1 1 1 1 1 1 0 1 1 1 1 0 1 1 0 

8367: 7 12, 6 13, 5 14, 4 15, 3 9, 2 11, 1 8, 0 10
Frc: 8 | 0.5 0.5 1 0.5 0.5 1 0.5 1 0.5 1 0.5 0.5 0.5 0.5 1 1 0.5 0.5 0.5 0.5 1 1 0.5 0.5 
Int: 9 | 0 1 1 0 1 1 1 1 0 1 0 1 1 0 1 1 1 1 0 1 1 1 1 0 
BDS: 11 | 1 1 1 1 0 1 1 1 0 1 1 1 1 1 1 1 1 0 0 1 1 1 1 0 

Number of matchings : 11164
