16 24

8 13
7 12
7 10
6 15
6 14
6 13
5 15
5 14
5 13
4 15
4 12
4 10
3 14
3 11
3 9
2 12
2 11
2 8
1 10
1 9
1 8
0 11
0 9
0 7
----------

8298: 7 10, 6 13, 5 14, 4 15, 3 9, 2 12, 1 8, 0 11
Frc: 8 | 0.5 0.5 1 0.5 0.5 1 0.5 1 0.5 1 0.5 0.5 0.5 0.5 1 1 0.5 0.5 0.5 0.5 1 1 0.5 0.5 
Int: 9 | 0 1 1 1 0 1 0 1 1 1 0 1 1 1 1 1 0 1 0 1 1 1 0 1 
BDS: 11 | 1 1 1 1 0 1 1 1 0 1 1 1 1 1 1 1 1 0 0 1 1 1 1 0 

8303: 7 10, 6 14, 5 13, 4 15, 3 9, 2 12, 1 8, 0 11
Frc: 8 | 0.5 0.5 1 0.5 1 0.5 0.5 0.5 1 1 0.5 0.5 0.5 0.5 1 1 0.5 0.5 0.5 0.5 1 1 0.5 0.5 
Int: 9 | 0 0 1 0 1 1 1 0 1 1 1 0 1 0 1 1 1 1 1 0 1 1 1 1 
BDS: 11 | 1 1 1 1 1 0 1 0 1 1 1 1 1 1 1 1 1 0 0 1 1 1 1 0 

Number of matchings : 11176
