14 21

7 8
6 12
6 11
5 13
5 12
5 11
4 13
4 12
4 10
3 11
3 9
3 8
2 13
2 10
2 7
1 10
1 9
1 7
0 9
0 8
0 6
----------

2167: 6 11, 5 13, 4 12, 3 9, 2 7, 1 10, 0 8
Frc: 7 | 0.5 0.5 1 1 0.5 0.5 0.5 1 0.5 0.5 1 0.5 0.5 0.5 1 1 0.5 0.5 0.5 1 0.5 
Int: 7 | 1 0 1 1 1 0 0 1 1 1 1 0 1 0 1 1 1 0 0 1 1 
BDS: 10 | 1 1 1 1 1 0 0 1 1 1 1 1 1 1 1 1 1 0 1 1 0 

2790: 6 12, 5 11, 4 10, 3 9, 2 13, 1 7, 0 8
Frc: 7 | 0.5 1 0.5 0.5 0.5 1 0.5 0.5 1 0.5 1 0.5 1 0.5 0.5 0.5 0.5 1 0.5 1 0.5 
Int: 7 | 1 1 0 1 0 1 0 1 1 1 1 0 1 1 0 0 1 1 0 1 1 
BDS: 10 | 0 1 0 1 1 1 0 1 1 1 1 1 1 1 1 0 1 1 1 1 1 

