14 21

7 8
6 10
6 9
5 13
5 12
5 10
4 12
4 11
4 9
3 13
3 12
3 8
2 13
2 11
2 7
1 11
1 10
1 7
0 9
0 8
0 6
----------

2171: 6 10, 5 13, 4 9, 3 12, 2 7, 1 11, 0 8
Frc: 7 | 0.5 1 0.5 1 0.5 0.5 0.5 0.5 1 0.5 1 0.5 0.5 0.5 1 1 0.5 0.5 0.5 1 0.5 
Int: 8 | 0 1 1 1 1 1 0 1 1 0 1 1 1 0 1 1 0 1 0 1 1 
BDS: 10 | 1 1 1 1 0 1 1 1 1 1 1 1 0 1 1 1 1 0 1 1 0 

2755: 6 10, 5 13, 4 9, 3 12, 2 11, 1 7, 0 8
Frc: 7 | 0.5 1 0.5 1 0.5 0.5 0.5 0.5 1 0.5 1 0.5 0.5 1 0.5 0.5 0.5 1 0.5 1 0.5 
Int: 8 | 1 1 0 1 1 0 0 1 1 0 1 1 1 1 0 0 1 1 1 0 1 
BDS: 10 | 1 1 1 1 1 1 0 1 1 0 1 1 1 1 1 0 1 1 0 1 1 

