14 21

7 12
6 13
6 12
5 12
5 11
5 10
4 13
4 11
4 9
3 11
3 10
3 8
2 10
2 9
2 8
1 9
1 8
1 7
0 13
0 7
0 6
----------

2448: 6 12, 5 11, 4 13, 3 8, 2 10, 1 9, 0 7
Frc: 7 | 0.5 0.5 1 0.5 1 0.5 1 0.5 0.5 0.5 0.5 1 1 0.5 0.5 1 0.5 0.5 0.5 1 0.5 
Int: 9 | 0 1 1 1 1 0 0 1 1 0 1 1 1 1 0 1 1 1 1 1 0 
BDS: 10 | 1 1 1 0 1 1 1 1 1 0 1 1 1 1 0 1 1 1 0 1 1 

2594: 6 13, 5 12, 4 11, 3 10, 2 8, 1 9, 0 7
Frc: 7 | 0.5 1 0.5 1 0.5 0.5 0.5 1 0.5 0.5 1 0.5 0.5 0.5 1 1 0.5 0.5 0.5 1 0.5 
Int: 8 | 0 1 1 1 0 1 1 1 0 1 1 1 0 1 1 1 0 1 0 1 1 
BDS: 10 | 1 1 1 1 0 1 1 1 0 1 1 1 1 1 1 1 0 1 1 1 0 

