14 21

7 11
7 10
6 13
6 12
5 10
5 8
4 13
4 12
4 11
3 12
3 11
3 10
2 13
2 9
2 7
1 9
1 8
1 6
0 9
0 8
0 5
----------

2081: 6 13, 5 10, 4 11, 3 12, 2 7, 1 8, 0 9
Frc: 7 | 0.5 0.5 1 0.5 1 0.5 0.5 0.5 1 1 0.5 0.5 0.5 0.5 1 0.5 1 0.5 1 0.5 0.5 
Int: 8 | 1 0 1 1 1 1 1 0 1 1 0 1 0 1 1 1 1 0 1 1 0 
BDS: 10 | 1 0 1 1 1 1 1 0 1 1 1 1 0 1 1 1 1 1 1 0 1 

2086: 6 12, 5 10, 4 13, 3 11, 2 7, 1 8, 0 9
Frc: 7 | 0.5 0.5 0.5 1 1 0.5 1 0.5 0.5 0.5 1 0.5 0.5 0.5 1 0.5 1 0.5 1 0.5 0.5 
Int: 8 | 0 1 0 1 1 0 1 0 1 1 1 0 1 1 1 0 1 1 1 1 1 
BDS: 10 | 0 1 1 1 1 1 1 0 1 1 1 1 1 1 1 1 1 0 1 1 0 

