14 21

8 11
7 10
6 13
6 12
5 13
5 12
4 11
4 10
4 8
3 13
3 9
3 8
2 10
2 9
2 7
1 12
1 11
1 6
0 9
0 7
0 5
----------

1575: 6 13, 5 12, 4 10, 3 8, 2 7, 1 11, 0 9
Frc: 7 | 0.5 0.5 1 0.5 0.5 1 0.5 1 0.5 0.5 0.5 1 0.5 0.5 1 0.5 1 0.5 1 0.5 0.5 
Int: 8 | 0 1 1 1 0 1 1 1 1 1 0 1 0 1 1 1 1 0 1 0 1 
BDS: 10 | 0 1 1 0 1 1 1 1 1 1 1 1 1 0 1 1 1 1 1 1 0 

2129: 6 13, 5 12, 4 10, 3 8, 2 9, 1 11, 0 7
Frc: 7 | 0.5 0.5 1 0.5 0.5 1 0.5 1 0.5 0.5 0.5 1 0.5 1 0.5 0.5 1 0.5 0.5 1 0.5 
Int: 9 | 1 1 1 1 1 0 1 1 0 0 1 1 0 1 1 1 1 0 0 1 1 
BDS: 10 | 0 1 1 0 1 1 1 1 1 1 1 1 0 1 1 1 1 1 0 1 1 

