14 21

8 13
7 11
6 9
5 13
5 12
5 8
4 12
4 11
4 8
3 11
3 10
3 7
2 13
2 9
2 7
1 12
1 10
1 6
0 10
0 9
0 6
----------

2397: 7 11, 5 12, 4 8, 3 10, 2 13, 1 6, 0 9
Frc: 7 | 0.5 1 0.5 0.5 1 0.5 0.5 0.5 1 0.5 1 0.5 1 0.5 0.5 0.5 0.5 1 0.5 1 0.5 
Int: 8 | 0 1 1 1 0 1 1 0 1 1 1 0 1 0 1 1 0 1 1 1 0 
BDS: 10 | 0 1 1 1 1 1 1 1 1 1 1 0 1 1 1 0 1 1 1 1 0 

2611: 8 13, 5 12, 4 11, 3 10, 2 7, 1 6, 0 9
Frc: 7 | 1 0.5 0.5 0.5 1 0.5 0.5 1 0.5 0.5 1 0.5 0.5 0.5 1 0.5 0.5 1 0.5 1 0.5 
Int: 8 | 1 1 1 0 1 1 0 1 1 1 1 0 1 0 1 1 0 1 1 1 0 
BDS: 10 | 1 1 1 1 1 1 1 1 0 1 1 0 1 1 1 0 1 1 1 1 0 

