8 16

6 7
5 7
5 6
4 7
3 6
2 6
2 5
2 4
1 7
1 5
1 3
0 7
0 6
0 5
0 4
0 3
----------

81: 6 7, 2 4, 0 5
Frc: 5 | 1 0 0 0.5 0.5 0.5 0.5 1 0.5 0.5 1 0 0 1 0.5 0.5 
Int: 6 | 1 0 0 1 1 0 1 1 1 0 1 1 0 1 0 0 
BDS: 6 | 1 0 0 1 1 0 1 1 1 0 1 1 0 1 0 0 

128: 6 7, 1 3, 0 5
Frc: 5 | 1 0 0 0.5 0.5 0.5 0.5 1 0.5 0.5 1 0 0 1 0.5 0.5 
Int: 6 | 1 0 0 1 1 0 1 1 1 0 1 1 0 1 0 0 
BDS: 6 | 1 0 0 1 1 0 1 1 1 0 1 1 0 1 0 0 

141: 6 7, 2 4, 1 3, 0 5
Frc: 4 | 1 0 0 0.5 0.5 0.5 0.5 1 0.5 0.5 1 0 0 1 0.5 0.5 
Int: 5 | 1 0 0 1 1 0 1 1 1 0 1 1 0 1 0 0 
BDS: 5 | 1 0 0 1 1 0 1 1 1 0 1 1 0 1 0 0 

Number of matchings : 178
