8 14

5 7
4 7
3 7
3 6
3 5
2 6
2 4
1 7
1 6
1 5
1 3
0 5
0 4
0 2
----------

43: 4 7, 2 6, 0 5
Frc: 5 | 0 1 0 1 0.5 1 0.5 1 0 0.5 0.5 1 0.5 0.5 
Int: 6 | 0 1 0 1 1 1 1 1 1 0 0 1 1 0 
BDS: 6 | 0 1 0 1 1 1 1 1 1 0 0 1 1 0 

103: 4 7, 1 3, 0 5
Frc: 5 | 0.5 1 0.5 0.5 0 1 0.5 0 0.5 0.5 1 1 0.5 0.5 
Int: 6 | 1 1 0 1 0 1 1 1 0 0 1 1 1 0 
BDS: 6 | 1 1 0 1 0 1 1 1 0 0 1 1 1 0 

105: 4 7, 2 6, 1 3, 0 5
Frc: 4 | 0.5 1 0.5 0.5 0 1 0.5 0 0.5 0.5 1 1 0.5 0.5 
Int: 5 | 1 1 0 1 0 1 1 1 0 0 1 1 1 0 
BDS: 5 | 1 1 0 1 0 1 1 1 0 0 1 1 1 0 

Number of matchings : 138
