8 12

4 7
3 7
3 6
2 7
2 6
2 5
1 6
1 5
1 4
0 5
0 4
0 3
----------

32: 3 7, 2 6, 1 5
Frc: 5 | 0.5 1 0.5 0.5 1 0.5 0.5 1 0.5 0.5 1 0.5 
Int: 6 | 1 1 1 0 1 1 1 1 0 1 1 0 
BDS: 6 | 1 1 1 0 1 1 1 1 0 1 1 0 

70: 3 7, 2 6, 0 4
Frc: 5 | 0.5 1 0.5 0.5 1 0.5 0.5 1 0.5 0.5 1 0.5 
Int: 6 | 1 1 1 0 1 1 1 1 0 1 1 0 
BDS: 6 | 1 1 1 0 1 1 1 1 0 1 1 0 

80: 3 7, 1 5, 0 4
Frc: 5 | 0.5 1 0.5 0.5 1 0.5 0.5 1 0.5 0.5 1 0.5 
Int: 6 | 1 1 1 0 1 1 1 1 0 1 1 0 
BDS: 6 | 1 1 1 0 1 1 1 1 0 1 1 0 

84: 2 6, 1 5, 0 4
Frc: 5 | 0.5 1 0.5 0.5 1 0.5 0.5 1 0.5 0.5 1 0.5 
Int: 6 | 1 1 1 0 1 1 1 1 0 1 1 0 
BDS: 6 | 1 1 1 0 1 1 1 1 0 1 1 0 

85: 3 7, 2 6, 1 5, 0 4
Frc: 4 | 0.5 1 0.5 0.5 1 0.5 0.5 1 0.5 0.5 1 0.5 
Int: 5 | 1 1 1 0 1 1 1 1 0 1 1 0 
BDS: 5 | 1 1 1 0 1 1 1 1 0 1 1 0 

Number of matchings : 106
