8 15

6 7
4 7
3 7
3 6
3 5
2 7
2 6
2 5
1 7
1 6
1 5
1 4
0 6
0 4
0 3
----------

49: 3 7, 2 5, 1 6
Frc: 5 | 0 0.5 1 0 0.5 0.5 0.5 1 0 1 0.5 0.5 0.5 1 0.5 
Int: 6 | 0 1 1 0 1 0 1 1 1 1 0 0 1 1 0 
BDS: 6 | 0 1 1 0 1 0 1 1 1 1 0 0 1 1 0 

104: 3 7, 1 6, 0 4
Frc: 5 | 0 0.5 1 0 0.5 0.5 0.5 1 0 1 0.5 0.5 0.5 1 0.5 
Int: 6 | 0 1 1 0 1 0 1 1 1 1 0 0 1 1 0 
BDS: 6 | 0 1 1 0 1 0 1 1 1 1 0 0 1 1 0 

121: 3 7, 2 5, 1 6, 0 4
Frc: 4 | 0 0.5 1 0 0.5 0.5 0.5 1 0 1 0.5 0.5 0.5 1 0.5 
Int: 5 | 0 1 1 0 1 0 1 1 1 1 0 0 1 1 0 
BDS: 5 | 0 1 1 0 1 0 1 1 1 1 0 0 1 1 0 

Number of matchings : 158
