8 13

5 7
4 6
3 7
3 6
2 7
2 5
2 4
1 6
1 5
1 4
0 7
0 6
0 3
----------

66: 3 7, 2 4, 1 5
Frc: 5 | 0.5 0.5 1 0 0.5 0.5 1 0.5 1 0.5 0 1 1 
Int: 6 | 1 1 1 0 1 0 1 1 1 0 0 1 1 
BDS: 6 | 1 1 1 0 1 0 1 1 1 0 0 1 1 

67: 2 4, 1 5, 0 7
Frc: 5 | 0.5 0.5 0 1 0.5 0.5 1 0.5 1 0.5 1 0 1 
Int: 6 | 1 1 0 1 1 0 1 1 1 0 1 0 1 
BDS: 6 | 1 1 0 1 1 0 1 1 1 0 1 0 1 

68: 3 6, 2 4, 1 5
Frc: 5 | 0.5 0.5 0 1 0.5 0.5 1 0.5 1 0.5 1 0 1 
Int: 6 | 1 1 0 1 1 0 1 1 1 0 1 0 1 
BDS: 6 | 1 1 0 1 1 0 1 1 1 0 1 0 1 

69: 3 6, 2 4, 1 5, 0 7
Frc: 4 | 0.5 0.5 0 1 0.5 0.5 1 0.5 1 0.5 1 0 1 
Int: 5 | 1 1 0 1 1 0 1 1 1 0 1 0 1 
BDS: 5 | 1 1 0 1 1 0 1 1 1 0 1 0 1 

70: 2 4, 1 5, 0 6
Frc: 5 | 0.5 0.5 1 0 0.5 0.5 1 0.5 1 0.5 0 1 1 
Int: 6 | 1 1 1 0 1 0 1 1 1 0 0 1 1 
BDS: 6 | 1 1 1 0 1 0 1 1 1 0 0 1 1 

71: 3 7, 2 4, 1 5, 0 6
Frc: 4 | 0.5 0.5 1 0 0.5 0.5 1 0.5 1 0.5 0 1 1 
Int: 5 | 1 1 1 0 1 0 1 1 1 0 0 1 1 
BDS: 5 | 1 1 1 0 1 0 1 1 1 0 0 1 1 

112: 2 4, 1 5, 0 3
Frc: 5 | 0.5 0.5 1 0 0.5 0.5 1 0.5 1 0.5 0 1 1 
Int: 6 | 1 1 1 0 1 0 1 1 1 0 1 0 1 
BDS: 6 | 1 1 1 0 1 0 1 1 1 0 1 0 1 

Number of matchings : 116
