8 14

6 7
5 7
4 6
3 7
3 6
2 7
2 5
2 4
1 6
1 5
1 4
0 7
0 6
0 3
----------

71: 3 7, 2 4, 1 5
Frc: 5 | 0 0.5 0.5 1 0 0.5 0.5 1 0.5 1 0.5 0 1 1 
Int: 6 | 0 1 1 1 0 1 0 1 1 1 0 0 1 1 
BDS: 6 | 0 1 1 1 0 1 0 1 1 1 0 0 1 1 

72: 2 4, 1 5, 0 7
Frc: 5 | 0 0.5 0.5 0 1 0.5 0.5 1 0.5 1 0.5 1 0 1 
Int: 6 | 0 1 1 0 1 1 0 1 1 1 0 1 0 1 
BDS: 6 | 0 1 1 0 1 1 0 1 1 1 0 1 0 1 

73: 3 6, 2 4, 1 5
Frc: 5 | 0 0.5 0.5 0 1 0.5 0.5 1 0.5 1 0.5 1 0 1 
Int: 6 | 0 1 1 0 1 1 0 1 1 1 0 1 0 1 
BDS: 6 | 0 1 1 0 1 1 0 1 1 1 0 1 0 1 

74: 3 6, 2 4, 1 5, 0 7
Frc: 4 | 0 0.5 0.5 0 1 0.5 0.5 1 0.5 1 0.5 1 0 1 
Int: 5 | 0 1 1 0 1 1 0 1 1 1 0 1 0 1 
BDS: 5 | 0 1 1 0 1 1 0 1 1 1 0 1 0 1 

75: 2 4, 1 5, 0 6
Frc: 5 | 0 0.5 0.5 1 0 0.5 0.5 1 0.5 1 0.5 0 1 1 
Int: 6 | 0 1 1 1 0 1 0 1 1 1 0 0 1 1 
BDS: 6 | 0 1 1 1 0 1 0 1 1 1 0 0 1 1 

76: 3 7, 2 4, 1 5, 0 6
Frc: 4 | 0 0.5 0.5 1 0 0.5 0.5 1 0.5 1 0.5 0 1 1 
Int: 5 | 0 1 1 1 0 1 0 1 1 1 0 0 1 1 
BDS: 5 | 0 1 1 1 0 1 0 1 1 1 0 0 1 1 

123: 2 4, 1 5, 0 3
Frc: 5 | 0 0.5 0.5 1 0 0.5 0.5 1 0.5 1 0.5 0 1 1 
Int: 6 | 0 1 1 1 0 1 0 1 1 1 0 1 0 1 
BDS: 6 | 0 1 1 1 0 1 0 1 1 1 0 1 0 1 

Number of matchings : 130
