8 12

4 5
3 7
3 6
2 7
2 6
2 4
1 6
1 5
1 4
0 7
0 5
0 3
----------

43: 3 6, 2 7, 0 5
Frc: 5 | 0.5 0.5 1 1 0.5 0.5 0.5 0.5 1 0.5 1 0.5 
Int: 6 | 1 1 1 1 1 0 1 0 1 1 1 0 
BDS: 6 | 1 1 1 1 1 0 1 0 1 1 1 0 

55: 3 7, 2 4, 1 6
Frc: 5 | 0.5 1 0.5 0.5 0.5 1 1 0.5 0.5 0.5 1 0.5 
Int: 6 | 1 1 1 1 0 1 1 1 0 1 1 0 
BDS: 6 | 1 1 1 1 0 1 1 1 0 1 1 0 

65: 2 4, 1 6, 0 5
Frc: 5 | 0.5 0.5 1 1 0 1 1 0.5 0.5 0.5 1 0.5 
Int: 6 | 1 1 1 1 0 1 1 1 0 1 1 0 
BDS: 6 | 1 1 1 1 0 1 1 1 0 1 1 0 

66: 3 7, 2 4, 1 6, 0 5
Frc: 4 | 0.5 1 0.5 0.5 0.5 1 1 0.5 0.5 0.5 1 0.5 
Int: 5 | 1 1 1 1 0 1 1 1 0 1 1 0 
BDS: 5 | 1 1 1 1 0 1 1 1 0 1 1 0 

72: 3 6, 2 7, 1 4
Frc: 5 | 0.5 0.5 1 1 0.5 0.5 0.5 0.5 1 0.5 1 0.5 
Int: 6 | 1 1 1 1 1 0 1 0 1 1 1 0 
BDS: 6 | 1 1 1 1 1 0 1 0 1 1 1 0 

81: 3 6, 2 7, 1 4, 0 5
Frc: 4 | 0.5 0.5 1 1 0.5 0.5 0.5 0.5 1 0.5 1 0.5 
Int: 5 | 1 1 1 1 1 0 1 0 1 1 1 0 
BDS: 5 | 1 1 1 1 1 0 1 0 1 1 1 0 

Number of matchings : 102
