18 27

9 17
9 16
8 13
8 12
7 17
7 14
6 15
6 14
6 13
5 15
5 13
5 12
4 17
4 16
4 10
3 14
3 11
3 10
2 16
2 15
2 9
1 12
1 11
1 8
0 11
0 10
0 7
----------

22287: 8 13, 7 17, 6 15, 5 12, 4 16, 3 14, 2 9, 1 11, 0 10
Frc: 9 | 0.5 0.5 1 0.5 1 0.5 1 0.5 0.5 0.5 0.5 1 0.5 1 0.5 1 0.5 0.5 0.5 0.5 1 0.5 1 0.5 0.5 1 0.5 
Int: 10 | 0 1 0 1 1 1 1 0 1 0 1 1 1 1 0 1 0 1 0 1 1 0 1 1 1 1 0 
BDS: 13 | 1 0 1 0 1 1 1 1 0 1 1 1 1 1 1 1 1 0 1 1 1 1 1 1 1 1 0 

32262: 9 17, 8 13, 6 14, 5 12, 4 16, 3 10, 2 15, 1 11, 0 7
Frc: 9 | 1 0.5 1 0.5 0.5 0.5 0.5 1 0.5 0.5 0.5 1 0.5 1 0.5 0.5 0.5 1 0.5 1 0.5 0.5 1 0.5 0.5 0.5 1 
Int: 10 | 1 1 1 1 1 0 0 1 1 1 0 1 0 1 1 1 0 1 1 1 0 1 1 0 1 0 1 
BDS: 13 | 1 0 1 0 1 1 1 1 1 0 1 1 1 1 1 0 1 1 1 1 1 1 1 1 1 0 1 

