18 27

9 15
9 14
8 17
8 16
7 16
7 15
6 17
6 16
6 13
5 17
5 15
5 11
4 14
4 12
4 10
3 13
3 12
3 10
2 14
2 13
2 9
1 12
1 11
1 8
0 11
0 10
0 7
----------

32314: 9 15, 8 16, 6 17, 5 11, 4 14, 3 10, 2 13, 1 12, 0 7
Frc: 9 | 1 0.5 0.5 1 0.5 0.5 1 0.5 0.5 0.5 0.5 1 1 0.5 0.5 0.5 0.5 1 0.5 1 0.5 1 0.5 0.5 0.5 0.5 1 
Int: 10 | 1 1 0 1 0 1 1 1 0 1 0 1 0 1 1 1 0 1 1 1 0 1 0 1 1 0 1 
BDS: 13 | 1 1 1 1 1 1 1 0 1 0 1 1 1 1 1 1 0 1 0 1 1 1 1 1 0 1 1 

32316: 9 15, 8 17, 6 16, 5 11, 4 14, 3 10, 2 13, 1 12, 0 7
Frc: 9 | 1 0.5 1 0.5 0.5 0.5 0.5 1 0.5 0.5 0.5 1 1 0.5 0.5 0.5 0.5 1 0.5 1 0.5 1 0.5 0.5 0.5 0.5 1 
Int: 10 | 1 1 1 0 1 0 0 1 1 1 1 1 1 0 1 0 1 1 0 1 1 1 0 1 1 0 1 
BDS: 13 | 1 1 1 1 0 1 0 1 1 1 1 1 1 1 1 1 0 1 0 1 1 1 1 1 0 1 1 

