18 27

9 17
9 16
8 13
8 12
7 12
7 10
6 16
6 15
6 14
5 17
5 14
5 13
4 15
4 14
4 12
3 16
3 11
3 10
2 17
2 15
2 9
1 13
1 11
1 8
0 11
0 10
0 7
----------

31573: 9 16, 8 12, 6 15, 5 13, 4 14, 3 10, 2 17, 1 11, 0 7
Frc: 9 | 0.5 1 0.5 1 0.5 0.5 0.5 1 0.5 0.5 0.5 1 0.5 1 0.5 0.5 0.5 1 1 0.5 0.5 0.5 1 0.5 0.5 0.5 1 
Int: 10 | 1 1 1 1 0 1 0 1 1 1 0 1 0 1 1 1 0 1 1 1 0 1 1 0 1 0 1 
BDS: 13 | 1 1 1 1 1 1 1 1 1 1 0 1 1 1 1 0 1 1 1 1 0 1 1 0 1 0 1 

31672: 9 16, 8 13, 6 14, 5 17, 4 12, 3 10, 2 15, 1 11, 0 7
Frc: 9 | 0.5 1 1 0.5 0.5 0.5 0.5 0.5 1 1 0.5 0.5 0.5 0.5 1 0.5 0.5 1 0.5 1 0.5 0.5 1 0.5 0.5 0.5 1 
Int: 10 | 1 1 1 0 1 0 1 0 1 0 1 1 1 0 1 0 1 1 1 1 0 0 1 1 0 1 1 
BDS: 13 | 1 1 1 1 1 1 1 1 1 1 1 1 1 0 1 0 1 1 0 1 1 1 1 0 1 0 1 

