18 27

9 15
9 14
8 17
8 16
7 13
7 10
6 17
6 16
6 15
5 17
5 15
5 14
4 14
4 12
4 11
3 12
3 11
3 10
2 16
2 13
2 9
1 13
1 12
1 8
0 11
0 10
0 7
----------

21642: 8 17, 7 13, 6 16, 5 15, 4 14, 3 10, 2 9, 1 12, 0 11
Frc: 9 | 0.5 0.5 1 0.5 1 0.5 0.5 1 0.5 0.5 1 0.5 1 0.5 0.5 0.5 0.5 1 0.5 0.5 1 0.5 1 0.5 1 0.5 0.5 
Int: 10 | 1 0 1 0 1 1 1 1 0 0 1 1 1 0 1 1 0 1 1 0 1 1 1 1 1 1 0 
BDS: 13 | 0 1 1 1 1 1 0 1 1 1 1 1 1 1 1 1 0 1 1 1 1 1 1 0 1 1 0 

26373: 9 15, 7 13, 6 17, 5 14, 4 12, 3 10, 2 16, 1 8, 0 11
Frc: 9 | 1 0.5 0.5 0.5 1 0.5 1 0.5 0.5 0.5 0.5 1 0.5 1 0.5 0.5 0.5 1 1 0.5 0.5 0.5 0.5 1 1 0.5 0.5 
Int: 10 | 1 0 1 0 1 1 1 1 0 0 1 1 1 1 0 1 1 0 1 0 1 1 0 1 1 1 0 
BDS: 13 | 1 1 0 1 1 1 1 1 1 1 0 1 1 1 1 0 1 1 1 0 1 1 1 1 1 0 1 

