18 27

10 14
9 16
8 17
8 16
7 15
7 14
6 16
6 15
6 11
5 13
5 12
5 11
4 13
4 12
4 10
3 12
3 11
3 10
2 14
2 13
2 9
1 17
1 15
1 8
0 17
0 9
0 7
----------

22404: 8 17, 7 14, 6 16, 5 11, 4 12, 3 10, 2 13, 1 15, 0 9
Frc: 9 | 0.5 0.5 1 0.5 0.5 1 1 0.5 0.5 0.5 0.5 1 0.5 1 0.5 0.5 0.5 1 0.5 1 0.5 0.5 1 0.5 0.5 1 0.5 
Int: 10 | 1 0 1 1 1 1 1 1 0 0 1 1 1 1 0 0 1 1 0 1 1 0 1 1 1 1 0 
BDS: 13 | 1 1 1 1 1 1 1 1 0 1 0 1 1 1 0 1 1 1 1 1 1 1 1 0 1 1 0 

33457: 10 14, 8 16, 6 15, 5 13, 4 12, 3 11, 2 9, 1 17, 0 7
Frc: 9 | 1 0.5 0.5 1 0.5 0.5 0.5 1 0.5 1 0.5 0.5 0.5 1 0.5 0.5 1 0.5 0.5 0.5 1 1 0.5 0.5 0.5 0.5 1 
Int: 10 | 1 1 0 1 0 1 1 1 0 1 0 1 0 1 1 1 1 0 0 1 1 1 1 1 1 0 1 
BDS: 13 | 1 1 1 1 1 1 1 1 0 1 1 1 0 1 1 0 1 1 1 1 1 1 1 0 1 0 1 

