18 27

9 13
8 17
8 16
7 17
7 16
7 15
6 16
6 15
6 14
5 14
5 13
5 11
4 15
4 12
4 10
3 14
3 12
3 10
2 17
2 13
2 9
1 11
1 10
1 9
0 12
0 11
0 8
----------

19603: 8 17, 7 16, 6 15, 5 13, 4 10, 3 14, 2 9, 1 11, 0 12
Frc: 9 | 0.5 1 0.5 0.5 1 0.5 0.5 1 0.5 0.5 1 0.5 0.5 0.5 1 1 0.5 0.5 0.5 0.5 1 1 0.5 0.5 1 0.5 0.5 
Int: 10 | 1 0 1 1 1 0 0 1 1 0 1 1 1 0 1 1 1 0 1 0 1 1 1 0 1 0 1 
BDS: 13 | 0 1 1 1 1 0 1 1 0 1 1 1 1 1 1 1 1 0 1 1 1 1 1 1 1 0 1 

22092: 8 16, 7 17, 6 15, 5 13, 4 12, 3 14, 2 9, 1 10, 0 11
Frc: 9 | 0.5 0.5 1 1 0.5 0.5 0.5 1 0.5 0.5 1 0.5 0.5 1 0.5 1 0.5 0.5 0.5 0.5 1 0.5 1 0.5 0.5 1 0.5 
Int: 9 | 1 0 1 1 0 1 1 1 0 1 1 0 0 1 1 1 1 0 1 0 1 1 1 0 0 1 1 
BDS: 13 | 0 1 1 1 0 1 1 1 1 0 1 1 1 1 0 1 1 1 1 1 1 1 1 1 1 1 0 

28109: 8 16, 7 17, 6 15, 5 14, 4 12, 3 10, 2 13, 1 9, 0 11
Frc: 9 | 0.5 0.5 1 1 0.5 0.5 0.5 1 0.5 1 0.5 0.5 0.5 1 0.5 0.5 0.5 1 0.5 1 0.5 0.5 0.5 1 0.5 1 0.5 
Int: 9 | 1 0 1 1 1 0 0 1 1 1 0 1 1 1 0 0 1 1 1 1 0 0 1 1 0 1 1 
BDS: 13 | 0 1 1 1 0 1 1 1 0 1 1 1 1 1 1 1 1 1 1 1 1 1 0 1 1 1 0 

