18 27

9 17
8 15
8 14
7 17
7 16
7 15
6 17
6 16
6 14
5 13
5 12
5 11
4 16
4 15
4 10
3 13
3 12
3 10
2 14
2 13
2 9
1 11
1 10
1 9
0 12
0 11
0 8
----------

22671: 8 14, 7 17, 6 16, 5 12, 4 15, 3 13, 2 9, 1 10, 0 11
Frc: 9 | 0.5 0.5 1 1 0.5 0.5 0.5 1 0.5 0.5 1 0.5 0.5 1 0.5 1 0.5 0.5 0.5 0.5 1 0.5 1 0.5 0.5 1 0.5 
Int: 10 | 0 0 1 1 0 1 1 1 1 0 1 1 1 1 1 1 1 0 0 1 1 0 1 1 0 1 1 
BDS: 13 | 0 0 1 1 0 1 1 1 1 0 1 1 1 1 1 1 1 0 1 1 1 1 1 1 1 1 1 

22809: 8 14, 7 17, 6 16, 5 13, 4 15, 3 12, 2 9, 1 10, 0 11
Frc: 9 | 0.5 0.5 1 1 0.5 0.5 0.5 1 0.5 1 0.5 0.5 0.5 1 0.5 0.5 1 0.5 0.5 0.5 1 0.5 1 0.5 0.5 1 0.5 
Int: 9 | 1 0 1 1 0 1 0 1 1 1 1 0 1 1 0 0 1 1 0 1 1 1 1 0 0 1 1 
BDS: 13 | 0 0 1 1 0 1 1 1 1 1 1 0 1 1 1 0 1 1 1 1 1 1 1 1 1 1 1 

