18 27

9 15
8 16
8 15
7 17
7 16
7 15
6 14
6 13
6 12
5 17
5 16
5 11
4 14
4 13
4 10
3 13
3 12
3 10
2 17
2 14
2 9
1 11
1 10
1 9
0 12
0 11
0 8
----------

22643: 8 15, 7 17, 6 12, 5 16, 4 14, 3 13, 2 9, 1 10, 0 11
Frc: 9 | 0.5 0.5 1 1 0.5 0.5 0.5 0.5 1 0.5 1 0.5 1 0.5 0.5 1 0.5 0.5 0.5 0.5 1 0.5 1 0.5 0.5 1 0.5 
Int: 9 | 0 1 1 1 0 1 1 0 1 0 1 1 1 1 0 1 0 1 1 0 1 0 1 1 1 1 0 
BDS: 13 | 0 0 1 1 1 1 1 0 1 0 1 1 1 1 1 1 1 0 1 1 1 1 1 1 1 1 1 

31466: 9 15, 7 16, 6 13, 5 17, 4 10, 3 12, 2 14, 1 11, 0 8
Frc: 9 | 1 0.5 0.5 0.5 1 0.5 0.5 1 0.5 1 0.5 0.5 0.5 0.5 1 0.5 1 0.5 0.5 1 0.5 1 0.5 0.5 0.5 0.5 1 
Int: 9 | 1 1 0 0 1 1 1 1 0 1 0 1 0 1 1 0 1 1 1 1 0 1 0 1 1 0 1 
BDS: 13 | 1 1 1 1 1 0 1 1 0 1 0 1 1 0 1 1 1 1 1 1 1 1 1 0 1 1 1 

