18 27

10 17
9 11
8 17
8 16
7 17
7 16
6 15
6 13
6 11
5 15
5 14
5 10
4 14
4 12
4 10
3 14
3 13
3 9
2 12
2 11
2 9
1 16
1 15
1 8
0 13
0 12
0 7
----------

16515: 8 17, 7 16, 6 11, 5 10, 4 14, 3 9, 2 12, 1 15, 0 13
Frc: 9 | 0.5 0.5 1 0.5 0.5 1 0.5 0.5 1 0.5 0.5 1 1 0.5 0.5 0.5 0.5 1 1 0.5 0.5 0.5 1 0.5 1 0.5 0.5 
Int: 10 | 1 1 1 1 0 1 1 0 1 0 1 1 1 1 0 0 1 1 1 1 0 1 1 0 1 0 1 
BDS: 13 | 1 1 1 0 1 1 1 0 1 0 1 1 1 0 1 1 1 1 1 0 1 1 1 1 1 1 1 

17478: 8 17, 7 16, 6 11, 5 14, 4 10, 3 9, 2 12, 1 15, 0 13
Frc: 9 | 0.5 0.5 1 0.5 0.5 1 0.5 0.5 1 0.5 1 0.5 0.5 0.5 1 0.5 0.5 1 1 0.5 0.5 0.5 1 0.5 1 0.5 0.5 
Int: 10 | 1 1 1 1 0 1 0 1 1 1 1 0 0 1 1 1 0 1 1 1 0 1 1 0 1 0 1 
BDS: 13 | 0 1 1 0 1 1 0 1 1 1 1 1 0 1 1 1 1 1 1 1 0 1 1 1 1 1 1 

