18 27

10 13
9 15
9 14
8 17
8 16
7 17
7 16
6 16
6 15
5 15
5 14
5 11
4 17
4 12
4 10
3 14
3 13
3 9
2 12
2 11
2 8
1 12
1 11
1 7
0 13
0 10
0 6
----------

20914: 9 15, 7 17, 6 16, 5 14, 4 12, 3 13, 2 8, 1 11, 0 10
Frc: 9 | 0.5 1 0.5 0.5 0.5 1 0.5 1 0.5 0.5 1 0.5 0.5 1 0.5 0.5 1 0.5 0.5 0.5 1 0.5 1 0.5 0.5 1 0.5 
Int: 10 | 1 1 1 0 1 1 0 1 0 1 0 1 1 1 0 1 1 0 1 0 1 0 1 1 0 1 1 
BDS: 13 | 1 1 0 0 1 1 1 1 1 1 1 0 1 1 1 1 1 1 1 1 1 0 1 1 1 1 0 

25518: 9 15, 8 17, 6 16, 5 14, 4 12, 3 13, 2 11, 1 7, 0 10
Frc: 9 | 0.5 1 0.5 1 0.5 0.5 0.5 1 0.5 0.5 1 0.5 0.5 1 0.5 0.5 1 0.5 0.5 1 0.5 0.5 0.5 1 0.5 1 0.5 
Int: 10 | 1 1 1 1 0 0 1 1 0 1 0 1 1 1 0 1 1 0 0 1 1 1 0 1 0 1 1 
BDS: 13 | 1 1 0 1 1 0 1 1 1 1 1 0 1 1 1 1 1 1 0 1 1 1 1 1 1 1 0 

