18 27

10 13
9 17
9 16
8 16
8 15
7 17
7 15
6 14
6 13
5 14
5 13
5 11
4 12
4 11
4 10
3 15
3 14
3 9
2 17
2 12
2 8
1 12
1 11
1 7
0 16
0 10
0 6
----------

16865: 8 15, 7 17, 6 13, 5 14, 4 10, 3 9, 2 12, 1 11, 0 16
Frc: 9 | 0.5 0.5 0.5 0.5 1 1 0.5 0.5 1 1 0.5 0.5 0.5 0.5 1 0.5 0.5 1 0.5 1 0.5 0.5 1 0.5 1 0.5 0.5 
Int: 10 | 1 1 0 1 1 0 1 0 1 1 0 1 1 0 1 0 1 1 1 1 0 0 1 1 1 0 1 
BDS: 13 | 1 1 1 1 1 1 1 1 1 1 0 1 0 1 1 0 1 1 0 1 1 1 1 1 1 1 0 

26117: 9 16, 8 15, 6 13, 5 11, 4 12, 3 14, 2 17, 1 7, 0 10
Frc: 9 | 0.5 0.5 1 0.5 1 0.5 0.5 0.5 1 0.5 0.5 1 1 0.5 0.5 0.5 1 0.5 1 0.5 0.5 0.5 0.5 1 0.5 1 0.5 
Int: 10 | 0 1 1 0 1 1 0 1 1 0 1 1 1 0 1 1 1 0 0 1 1 0 1 1 1 1 0 
BDS: 13 | 0 1 1 0 1 0 1 0 1 1 1 1 1 1 1 1 1 1 1 1 1 1 0 1 1 1 1 

