18 27

9 10
8 17
8 16
7 17
7 16
7 15
6 17
6 15
6 14
5 14
5 13
5 11
4 13
4 12
4 11
3 15
3 14
3 10
2 16
2 12
2 9
1 13
1 12
1 9
0 11
0 10
0 8
----------

27116: 8 17, 7 16, 6 15, 5 14, 4 13, 3 10, 2 12, 1 9, 0 11
Frc: 9 | 0.5 1 0.5 0.5 1 0.5 0.5 1 0.5 1 0.5 0.5 1 0.5 0.5 0.5 0.5 1 0.5 1 0.5 0.5 0.5 1 1 0.5 0.5 
Int: 9 | 1 1 0 1 1 0 0 1 1 1 0 1 1 1 0 1 0 1 1 1 0 1 0 1 1 0 1 
BDS: 13 | 1 1 1 0 1 1 1 1 1 1 1 0 1 1 1 0 1 1 1 1 0 0 1 1 1 1 1 

32101: 9 10, 7 17, 6 14, 5 11, 4 13, 3 15, 2 16, 1 12, 0 8
Frc: 9 | 1 0.5 0.5 1 0.5 0.5 0.5 0.5 1 0.5 0.5 1 1 0.5 0.5 1 0.5 0.5 1 0.5 0.5 0.5 1 0.5 0.5 0.5 1 
Int: 10 | 1 0 1 1 0 1 1 0 1 1 1 1 1 1 0 1 0 1 1 0 1 0 1 1 1 0 1 
BDS: 13 | 1 0 1 1 1 1 1 0 1 0 1 1 1 1 0 1 1 1 1 1 0 1 1 1 1 1 1 

