18 27

9 10
8 12
8 11
7 17
7 16
7 15
6 17
6 15
6 14
5 16
5 13
5 12
4 13
4 12
4 11
3 15
3 14
3 10
2 17
2 16
2 9
1 14
1 13
1 9
0 11
0 10
0 8
----------

22664: 8 12, 7 17, 6 14, 5 16, 4 11, 3 15, 2 9, 1 13, 0 10
Frc: 9 | 0.5 1 0.5 1 0.5 0.5 0.5 0.5 1 1 0.5 0.5 0.5 0.5 1 1 0.5 0.5 0.5 0.5 1 0.5 1 0.5 0.5 1 0.5 
Int: 10 | 1 1 0 1 1 0 0 1 1 1 0 1 1 0 1 1 0 1 1 0 1 1 1 0 1 0 1 
BDS: 13 | 1 1 0 1 1 1 1 0 1 1 1 0 1 1 1 1 1 1 0 1 1 1 1 0 1 1 1 

28565: 8 12, 7 15, 6 17, 5 13, 4 11, 3 14, 2 16, 1 9, 0 10
Frc: 9 | 0.5 1 0.5 0.5 0.5 1 1 0.5 0.5 0.5 1 0.5 0.5 0.5 1 0.5 1 0.5 0.5 1 0.5 0.5 0.5 1 0.5 1 0.5 
Int: 11 | 0 1 1 0 1 1 1 1 0 1 1 1 1 0 1 0 1 1 1 0 1 1 0 1 1 1 0 
BDS: 13 | 0 1 0 0 1 1 1 1 0 1 1 0 1 1 1 1 1 1 1 1 1 1 1 1 1 1 1 

