18 27

9 10
8 12
8 11
7 17
7 16
7 15
6 17
6 15
6 14
5 14
5 13
5 12
4 13
4 12
4 11
3 16
3 13
3 10
2 17
2 16
2 9
1 15
1 14
1 9
0 11
0 10
0 8
----------

28578: 8 12, 7 16, 6 15, 5 14, 4 11, 3 13, 2 17, 1 9, 0 10
Frc: 9 | 0.5 1 0.5 0.5 1 0.5 0.5 1 0.5 1 0.5 0.5 0.5 0.5 1 0.5 1 0.5 1 0.5 0.5 0.5 0.5 1 0.5 1 0.5 
Int: 10 | 1 1 1 1 1 0 0 1 1 1 0 1 1 0 1 1 1 0 1 0 1 1 0 1 1 1 0 
BDS: 13 | 1 1 0 0 1 1 1 1 1 1 1 0 1 1 1 1 1 0 1 1 1 0 1 1 1 1 1 

28580: 8 12, 7 17, 6 15, 5 14, 4 11, 3 13, 2 16, 1 9, 0 10
Frc: 9 | 0.5 1 0.5 1 0.5 0.5 0.5 1 0.5 1 0.5 0.5 0.5 0.5 1 0.5 1 0.5 0.5 1 0.5 0.5 0.5 1 0.5 1 0.5 
Int: 10 | 1 1 1 1 0 1 0 1 1 1 0 1 1 0 1 1 1 0 1 1 0 1 0 1 0 1 1 
BDS: 13 | 1 1 0 1 1 1 1 1 1 1 1 1 0 1 1 0 1 1 0 1 1 1 0 1 1 1 1 

