18 27

9 10
8 14
8 13
7 17
7 16
7 15
6 16
6 15
6 14
5 17
5 16
5 11
4 17
4 15
4 10
3 13
3 12
3 10
2 13
2 11
2 9
1 12
1 11
1 9
0 14
0 12
0 8
----------

21178: 8 14, 7 17, 6 15, 5 16, 4 10, 3 13, 2 9, 1 11, 0 12
Frc: 9 | 0.5 1 0.5 1 0.5 0.5 0.5 1 0.5 0.5 1 0.5 0.5 0.5 1 1 0.5 0.5 0.5 0.5 1 0.5 1 0.5 0.5 1 0.5 
Int: 10 | 0 1 1 1 0 1 1 1 0 0 1 1 1 0 1 0 1 1 1 0 1 0 1 1 1 1 0 
BDS: 13 | 1 1 1 1 0 1 1 1 1 1 1 1 0 1 1 1 0 1 1 0 1 1 1 1 0 1 1 

26906: 8 13, 7 17, 6 15, 5 16, 4 10, 3 12, 2 11, 1 9, 0 14
Frc: 9 | 0.5 0.5 1 1 0.5 0.5 0.5 1 0.5 0.5 1 0.5 0.5 0.5 1 0.5 1 0.5 0.5 1 0.5 0.5 0.5 1 1 0.5 0.5 
Int: 10 | 0 1 1 1 0 1 1 1 0 0 1 1 1 0 1 0 1 1 1 1 1 0 1 1 1 1 0 
BDS: 13 | 1 0 1 1 0 1 1 1 1 1 1 1 0 1 1 1 1 0 1 1 1 1 0 1 1 1 1 

