1.33333 1.33333 1.33333 1.33333 6
id edge
0 7 11
1 6 10
2 5 10
3 5 9
4 4 11
5 4 8
6 3 11
7 3 10
8 3 9
9 3 7
10 2 10
11 2 7
12 2 6
13 1 11
14 1 9
15 1 8
16 1 5
17 0 8
18 0 6
19 0 4
0 0 0 0 0 0 0 0 0 0 0 0 0 0 0 0 0 1 1 1 
0 0 0 0 0 0 0 0 0 0 0 0 0 1 1 1 1 0 0 0 
0 0 0 0 0 0 0 0 0 0 1 1 1 0 0 0 0 0 0 0 
0 0 0 0 0 0 1 1 1 1 0 0 0 0 0 0 0 0 0 0 
0 0 0 0 1 1 0 0 0 0 0 0 0 0 0 0 0 0 0 1 
0 0 1 1 0 0 0 0 0 0 0 0 0 0 0 0 1 0 0 0 
0 1 0 0 0 0 0 0 0 0 0 0 1 0 0 0 0 0 1 0 
0 1 0 0 0 0 0 0 0 0 0 0 1 0 0 0 0 1 0 1 
1 0 0 0 0 0 0 0 0 1 0 1 0 0 0 0 0 0 0 0 
1 0 0 0 0 0 0 0 0 1 1 0 1 0 0 0 0 0 0 0 
0 0 0 0 0 1 0 0 0 0 0 0 0 0 0 1 0 1 0 0 
0 0 0 0 0 1 0 0 0 0 0 0 0 1 1 0 1 1 0 0 
0 0 0 1 0 0 0 0 1 0 0 0 0 0 1 0 0 0 0 0 
0 0 0 1 0 0 1 1 0 1 0 0 0 0 1 0 0 0 0 0 
0 1 1 0 0 0 0 1 0 0 1 0 0 0 0 0 0 0 0 0 
0 1 0 1 0 0 0 1 0 0 1 0 0 0 0 0 1 0 0 0 
0 1 0 0 0 0 1 0 0 1 1 0 0 0 1 0 1 0 0 0 
1 1 0 0 0 0 1 0 0 0 0 0 1 0 1 0 1 0 0 0 
1 0 0 0 1 0 1 0 0 0 0 0 0 1 0 0 0 0 0 0 
1 0 0 0 0 1 1 0 0 0 0 0 0 1 0 0 0 0 0 1 
1 0 0 0 0 0 1 0 0 0 0 0 0 0 1 0 1 1 0 1 
1 0 0 0 0 0 1 0 0 0 0 0 0 0 1 0 1 0 1 0 
1 1 0 0 0 0 1 0 0 0 0 0 1 0 1 0 1 0 0 0 
